%x,%y,%theta,%label
-1.100000000000000039e-04,1.100000000000000039e-04,0.000000000000000000e+00,0.000000000000000000e+00
6.499999999999999702e-04,-4.000000000000000327e-05,9.279531221979798409e-05,0.000000000000000000e+00
6.499999999999999702e-04,-4.000000000000000327e-05,9.279531221979798409e-05,0.000000000000000000e+00
7.100000000000000191e-04,-2.000000000000000096e-04,2.833730166745785598e-05,0.000000000000000000e+00
7.100000000000000191e-04,-2.000000000000000096e-04,2.833730166745785598e-05,0.000000000000000000e+00
5.900000000000000296e-04,-1.499999999999999869e-04,1.822452787270197397e-03,0.000000000000000000e+00
5.800000000000000034e-04,-1.399999999999999877e-04,1.959640991695579294e-03,0.000000000000000000e+00
-2.700000000000000035e-04,6.999999999999999387e-05,3.063011976435933118e-04,0.000000000000000000e+00
-3.699999999999999947e-04,1.700000000000000122e-04,3.381797786298169559e-04,0.000000000000000000e+00
-3.699999999999999947e-04,1.700000000000000122e-04,3.381797786298169559e-04,0.000000000000000000e+00
8.199999999999999824e-04,-2.000000000000000096e-04,4.998468330447158620e-05,0.000000000000000000e+00
8.199999999999999824e-04,-2.000000000000000096e-04,4.998468330447158620e-05,0.000000000000000000e+00
-4.200000000000000174e-04,6.000000000000000152e-05,1.648457291150189552e-03,0.000000000000000000e+00
1.100000000000000066e-03,-1.399999999999999877e-04,-9.882627078331639951e-04,0.000000000000000000e+00
1.100000000000000066e-03,-1.399999999999999877e-04,-9.882627078331639951e-04,0.000000000000000000e+00
4.009999999999999676e-03,-2.700000000000000035e-04,-1.525655551448576366e-03,0.000000000000000000e+00
4.009999999999999676e-03,-2.700000000000000035e-04,-1.525655551448576366e-03,0.000000000000000000e+00
9.759999999999999579e-03,-6.999999999999999929e-04,-1.709323337189984707e-03,0.000000000000000000e+00
1.016000000000000063e-02,-7.299999999999999632e-04,-1.720111676973516603e-03,0.000000000000000000e+00
1.371999999999999956e-02,-5.000000000000000240e-05,-9.169860149040817178e-04,0.000000000000000000e+00
2.015000000000000124e-02,2.999999999999999737e-04,-4.018682598177366130e-03,0.000000000000000000e+00
2.015000000000000124e-02,2.999999999999999737e-04,-4.018682598177366130e-03,0.000000000000000000e+00
3.357999999999999874e-02,-5.800000000000000034e-04,-1.771336344716785156e-03,0.000000000000000000e+00
3.357999999999999874e-02,-5.800000000000000034e-04,-1.771336344716785156e-03,0.000000000000000000e+00
3.926999999999999935e-02,1.800000000000000113e-04,-2.174361422222466280e-03,0.000000000000000000e+00
3.926999999999999935e-02,1.800000000000000113e-04,-2.174361422222466280e-03,0.000000000000000000e+00
3.926999999999999935e-02,1.800000000000000113e-04,-2.174361422222466280e-03,0.000000000000000000e+00
3.926999999999999935e-02,1.800000000000000113e-04,-2.174361422222466280e-03,0.000000000000000000e+00
6.031000000000000250e-02,6.999999999999999387e-05,-1.513064644171142805e-03,0.000000000000000000e+00
7.117999999999999328e-02,3.499999999999999964e-04,9.237952672093555952e-04,0.000000000000000000e+00
8.465999999999999914e-02,-4.000000000000000327e-05,-1.257807355455152617e-04,0.000000000000000000e+00
8.465999999999999914e-02,-4.000000000000000327e-05,-1.257807355455152617e-04,0.000000000000000000e+00
9.415999999999999370e-02,4.099999999999999912e-04,-1.066685497926637364e-04,0.000000000000000000e+00
9.415999999999999370e-02,4.099999999999999912e-04,-1.066685497926637364e-04,0.000000000000000000e+00
1.095600000000000046e-01,-3.200000000000000262e-04,3.516900101354086903e-03,0.000000000000000000e+00
1.095600000000000046e-01,-3.200000000000000262e-04,3.516900101354086903e-03,0.000000000000000000e+00
1.199000000000000066e-01,-1.800000000000000113e-04,1.676291650124368728e-03,0.000000000000000000e+00
1.402100000000000013e-01,-2.320000000000000014e-03,-8.536468316501948962e-04,0.000000000000000000e+00
1.402100000000000013e-01,-2.320000000000000014e-03,-8.536468316501948962e-04,0.000000000000000000e+00
1.541399999999999992e-01,-2.779999999999999919e-03,-3.702651516299521311e-03,0.000000000000000000e+00
1.541399999999999992e-01,-2.779999999999999919e-03,-3.702651516299521311e-03,0.000000000000000000e+00
1.752799999999999914e-01,-1.549999999999999946e-03,-5.947574530551434993e-03,0.000000000000000000e+00
1.768800000000000094e-01,-1.459999999999999926e-03,-6.102278613986307151e-03,0.000000000000000000e+00
1.920600000000000085e-01,-1.740000000000000010e-03,-7.083039218429284384e-03,0.000000000000000000e+00
2.069499999999999951e-01,-2.000000000000000042e-03,-6.127474588713309814e-03,0.000000000000000000e+00
2.069499999999999951e-01,-2.000000000000000042e-03,-6.127474588713309814e-03,0.000000000000000000e+00
2.191899999999999959e-01,-1.879999999999999944e-03,-5.073555701385578515e-03,0.000000000000000000e+00
2.191899999999999959e-01,-1.879999999999999944e-03,-5.073555701385578515e-03,0.000000000000000000e+00
2.369400000000000117e-01,-2.399999999999999790e-03,-5.575239784057644393e-03,0.000000000000000000e+00
2.388099999999999945e-01,-2.459999999999999947e-03,-5.638570465168947499e-03,0.000000000000000000e+00
2.484000000000000097e-01,-1.490000000000000005e-03,-4.012067102510667727e-03,0.000000000000000000e+00
2.655500000000000083e-01,-1.940000000000000101e-03,-2.524614610164649820e-03,0.000000000000000000e+00
2.655500000000000083e-01,-1.940000000000000101e-03,-2.524614610164649820e-03,0.000000000000000000e+00
2.814999999999999725e-01,-2.030000000000000120e-03,-5.001397661437530923e-03,0.000000000000000000e+00
2.814999999999999725e-01,-2.030000000000000120e-03,-5.001397661437530923e-03,0.000000000000000000e+00
2.957600000000000229e-01,-2.099999999999999870e-03,-3.152056332210144678e-03,0.000000000000000000e+00
2.967500000000000138e-01,-2.109999999999999896e-03,-2.995643203120824504e-03,0.000000000000000000e+00
3.099899999999999878e-01,-2.449999999999999921e-03,-6.927954995277390074e-03,0.000000000000000000e+00
3.264199999999999879e-01,-2.759999999999999867e-03,-7.393429559327938105e-03,0.000000000000000000e+00
3.264199999999999879e-01,-2.759999999999999867e-03,-7.393429559327938105e-03,0.000000000000000000e+00
3.391100000000000225e-01,-2.729999999999999788e-03,-6.177768287725544927e-03,0.000000000000000000e+00
3.391100000000000225e-01,-2.729999999999999788e-03,-6.177768287725544927e-03,0.000000000000000000e+00
3.548200000000000243e-01,-3.490000000000000047e-03,-9.921924862079444657e-03,0.000000000000000000e+00
3.697900000000000076e-01,-4.329999999999999648e-03,-9.902114753029643904e-03,0.000000000000000000e+00
3.697900000000000076e-01,-4.329999999999999648e-03,-9.902114753029643904e-03,0.000000000000000000e+00
3.845500000000000029e-01,-4.590000000000000330e-03,-9.918505784485928678e-03,0.000000000000000000e+00
3.845500000000000029e-01,-4.590000000000000330e-03,-9.918505784485928678e-03,0.000000000000000000e+00
4.031299999999999883e-01,-5.340000000000000129e-03,-1.053938384476318761e-02,0.000000000000000000e+00
4.146199999999999886e-01,-5.020000000000000157e-03,-1.129563657556947529e-02,0.000000000000000000e+00
4.146199999999999886e-01,-5.020000000000000157e-03,-1.129563657556947529e-02,0.000000000000000000e+00
4.310599999999999987e-01,-5.270000000000000379e-03,-1.171549106576967939e-02,0.000000000000000000e+00
4.310599999999999987e-01,-5.270000000000000379e-03,-1.171549106576967939e-02,0.000000000000000000e+00
4.467300000000000160e-01,-5.539999999999999786e-03,-9.729008731195361998e-03,0.000000000000000000e+00
4.477599999999999913e-01,-5.559999999999999838e-03,-9.582223594306656794e-03,0.000000000000000000e+00
4.594300000000000050e-01,-5.400000000000000286e-03,-6.665915204405370789e-03,0.000000000000000000e+00
4.764399999999999746e-01,-5.219999999999999814e-03,-8.000736265821794743e-03,0.000000000000000000e+00
4.764399999999999746e-01,-5.219999999999999814e-03,-8.000736265821794743e-03,0.000000000000000000e+00
4.921200000000000019e-01,-5.199999999999999761e-03,-1.085133471241808874e-02,0.000000000000000000e+00
4.932000000000000273e-01,-5.210000000000000221e-03,-1.105852375217135017e-02,0.000000000000000000e+00
5.053100000000000369e-01,-5.470000000000000036e-03,-1.123292523357352982e-02,0.000000000000000000e+00
5.203100000000000502e-01,-5.579999999999999891e-03,-1.171118645956651695e-02,0.000000000000000000e+00
5.203100000000000502e-01,-5.579999999999999891e-03,-1.171118645956651695e-02,0.000000000000000000e+00
5.358800000000000230e-01,-5.689999999999999745e-03,-1.244133527706338047e-02,0.000000000000000000e+00
5.369699999999999473e-01,-5.700000000000000205e-03,-1.249399855994726659e-02,0.000000000000000000e+00
5.465999999999999748e-01,-5.799999999999999600e-03,-1.326459254870338000e-02,0.000000000000000000e+00
5.618600000000000261e-01,-6.270000000000000399e-03,-1.170388777936085152e-02,0.000000000000000000e+00
5.618600000000000261e-01,-6.270000000000000399e-03,-1.170388777936085152e-02,0.000000000000000000e+00
5.826500000000000012e-01,-7.680000000000000195e-03,-1.121564373809814941e-02,0.000000000000000000e+00
5.966200000000000392e-01,-8.500000000000000611e-03,-1.248690152429846913e-02,0.000000000000000000e+00
5.966200000000000392e-01,-8.500000000000000611e-03,-1.248690152429846913e-02,0.000000000000000000e+00
6.096899999999999542e-01,-8.510000000000000203e-03,-1.295001482871205138e-02,0.000000000000000000e+00
6.096899999999999542e-01,-8.510000000000000203e-03,-1.295001482871205138e-02,0.000000000000000000e+00
6.255600000000000049e-01,-9.010000000000000647e-03,-1.552815976978233481e-02,0.000000000000000000e+00
6.416800000000000281e-01,-9.190000000000000252e-03,-1.593081628599420790e-02,0.000000000000000000e+00
6.416800000000000281e-01,-9.190000000000000252e-03,-1.593081628599420790e-02,0.000000000000000000e+00
6.552400000000000446e-01,-9.310000000000000567e-03,-1.619724148093346430e-02,0.000000000000000000e+00
6.562299999999999800e-01,-9.320000000000000159e-03,-1.621708124514118290e-02,0.000000000000000000e+00
6.714099999999999513e-01,-9.509999999999999357e-03,-1.436505498137189384e-02,0.000000000000000000e+00
6.855499999999999927e-01,-9.799999999999999684e-03,-1.254904153171497970e-02,0.000000000000000000e+00
6.855499999999999927e-01,-9.799999999999999684e-03,-1.254904153171497970e-02,0.000000000000000000e+00
6.990600000000000147e-01,-9.409999999999999962e-03,-1.500290210445305583e-02,0.000000000000000000e+00
7.214599999999999902e-01,-1.024000000000000084e-02,-1.542308705297525812e-02,0.000000000000000000e+00
7.214599999999999902e-01,-1.024000000000000084e-02,-1.542308705297525812e-02,0.000000000000000000e+00
7.300299999999999567e-01,-9.849999999999999381e-03,-1.610029886193196230e-02,0.000000000000000000e+00
7.300299999999999567e-01,-9.849999999999999381e-03,-1.610029886193196230e-02,0.000000000000000000e+00
7.464600000000000124e-01,-1.026000000000000002e-02,-1.462435598030768086e-02,0.000000000000000000e+00
7.638399999999999634e-01,-1.099999999999999936e-02,-1.468509023231010305e-02,0.000000000000000000e+00
7.638399999999999634e-01,-1.099999999999999936e-02,-1.468509023231010305e-02,0.000000000000000000e+00
7.780399999999999539e-01,-1.105000000000000079e-02,-1.575332257150199172e-02,0.000000000000000000e+00
7.791000000000000147e-01,-1.105000000000000079e-02,-1.583923715503638557e-02,0.000000000000000000e+00
7.921599999999999753e-01,-1.161000000000000053e-02,-1.384581317478162515e-02,0.000000000000000000e+00
8.095200000000000173e-01,-1.260999999999999968e-02,-1.392029426532161163e-02,0.000000000000000000e+00
8.095200000000000173e-01,-1.260999999999999968e-02,-1.392029426532161163e-02,0.000000000000000000e+00
8.272100000000000009e-01,-1.379000000000000017e-02,-1.675368657362156025e-02,0.000000000000000000e+00
8.284899999999999487e-01,-1.387999999999999998e-02,-1.697325361839104735e-02,0.000000000000000000e+00
8.384700000000000486e-01,-1.404000000000000040e-02,-1.998542966973136659e-02,0.000000000000000000e+00
8.527900000000000480e-01,-1.440999999999999920e-02,-2.092763307172421441e-02,0.000000000000000000e+00
8.527900000000000480e-01,-1.440999999999999920e-02,-2.092763307172421441e-02,0.000000000000000000e+00
8.640099999999999447e-01,-1.417000000000000030e-02,-2.176925541418187754e-02,0.000000000000000000e+00
8.647899999999999476e-01,-1.414999999999999938e-02,-2.182981862577737520e-02,0.000000000000000000e+00
8.847500000000000364e-01,-1.486999999999999954e-02,-2.152383163857666398e-02,0.000000000000000000e+00
8.999899999999999567e-01,-1.544000000000000060e-02,-1.969040457764190122e-02,0.000000000000000000e+00
8.999899999999999567e-01,-1.544000000000000060e-02,-1.969040457764190122e-02,0.000000000000000000e+00
9.181899999999999507e-01,-1.594999999999999890e-02,-2.198430657770766850e-02,0.000000000000000000e+00
9.296999999999999709e-01,-1.566000000000000031e-02,-2.282045335652221202e-02,0.000000000000000000e+00
9.296999999999999709e-01,-1.566000000000000031e-02,-2.282045335652221202e-02,0.000000000000000000e+00
9.479499999999999593e-01,-1.606000000000000136e-02,-2.114106593777090662e-02,0.000000000000000000e+00
9.479499999999999593e-01,-1.606000000000000136e-02,-2.114106593777090662e-02,0.000000000000000000e+00
9.594399999999999595e-01,-1.623000000000000137e-02,-2.145795212059302751e-02,0.000000000000000000e+00
9.602100000000000080e-01,-1.625000000000000056e-02,-2.149188357833722168e-02,0.000000000000000000e+00
9.777400000000000535e-01,-1.706999999999999837e-02,-2.213835355742378719e-02,0.000000000000000000e+00
9.895100000000000007e-01,-1.722999999999999879e-02,-2.077163342306385940e-02,0.000000000000000000e+00
9.895100000000000007e-01,-1.722999999999999879e-02,-2.077163342306385940e-02,0.000000000000000000e+00
9.969700000000000228e-01,-1.711999999999999980e-02,-2.096888217757436959e-02,0.000000000000000000e+00
9.974399999999999933e-01,-1.711999999999999980e-02,-2.099104413442390293e-02,0.000000000000000000e+00
1.022899999999999920e+00,-1.846000000000000071e-02,-2.119672429595180485e-02,0.000000000000000000e+00
1.035300000000000109e+00,-1.950999999999999956e-02,-2.165907835491320821e-02,0.000000000000000000e+00
1.035300000000000109e+00,-1.950999999999999956e-02,-2.165907835491320821e-02,0.000000000000000000e+00
1.054249999999999909e+00,-2.076000000000000068e-02,-2.464534332623270069e-02,0.000000000000000000e+00
1.055630000000000068e+00,-2.086000000000000007e-02,-2.487113487980238680e-02,0.000000000000000000e+00
1.065809999999999924e+00,-2.119000000000000050e-02,-2.767740837782034155e-02,0.000000000000000000e+00
1.081220000000000070e+00,-2.119000000000000050e-02,-2.612798461091391314e-02,0.000000000000000000e+00
1.081220000000000070e+00,-2.119000000000000050e-02,-2.612798461091391314e-02,0.000000000000000000e+00
1.096749999999999892e+00,-2.156999999999999890e-02,-2.857374752829789505e-02,0.000000000000000000e+00
1.116900000000000004e+00,-2.256999999999999978e-02,-2.878297128116255599e-02,0.000000000000000000e+00
1.116900000000000004e+00,-2.256999999999999978e-02,-2.878297128116255599e-02,0.000000000000000000e+00
1.118379999999999930e+00,-2.264999999999999999e-02,-2.878203393027105317e-02,0.000000000000000000e+00
1.128719999999999946e+00,-2.324999999999999983e-02,-2.945279910884831057e-02,0.000000000000000000e+00
1.144239999999999924e+00,-2.332000000000000045e-02,-2.963660299206923032e-02,0.000000000000000000e+00
1.160469999999999891e+00,-2.329000000000000167e-02,-2.788718246964740771e-02,0.000000000000000000e+00
1.160469999999999891e+00,-2.329000000000000167e-02,-2.788718246964740771e-02,0.000000000000000000e+00
1.176760000000000028e+00,-2.401999999999999968e-02,-2.829248681231103305e-02,0.000000000000000000e+00
1.176760000000000028e+00,-2.401999999999999968e-02,-2.829248681231103305e-02,0.000000000000000000e+00
1.188649999999999984e+00,-2.467000000000000096e-02,-2.680140881850769791e-02,0.000000000000000000e+00
1.204760000000000053e+00,-2.515999999999999834e-02,-2.665820615626472712e-02,0.000000000000000000e+00
1.204760000000000053e+00,-2.515999999999999834e-02,-2.665820615626472712e-02,0.000000000000000000e+00
1.225780000000000092e+00,-2.593000000000000166e-02,-2.713647569617067684e-02,0.000000000000000000e+00
1.225780000000000092e+00,-2.593000000000000166e-02,-2.713647569617067684e-02,0.000000000000000000e+00
1.238129999999999953e+00,-2.616999999999999882e-02,-2.736568925392397073e-02,0.000000000000000000e+00
1.249619999999999953e+00,-2.722000000000000114e-02,-2.837514771137548963e-02,0.000000000000000000e+00
1.249619999999999953e+00,-2.722000000000000114e-02,-2.837514771137548963e-02,0.000000000000000000e+00
1.264410000000000034e+00,-2.952000000000000110e-02,-3.095834415632322395e-02,0.000000000000000000e+00
1.265560000000000018e+00,-2.970000000000000070e-02,-3.116127512148952200e-02,0.000000000000000000e+00
1.280820000000000070e+00,-3.054000000000000117e-02,-3.368390639484193649e-02,0.000000000000000000e+00
1.299339999999999939e+00,-2.997999999999999970e-02,-3.264797103034185188e-02,0.000000000000000000e+00
1.299339999999999939e+00,-2.997999999999999970e-02,-3.264797103034185188e-02,0.000000000000000000e+00
1.321120000000000072e+00,-3.065999999999999975e-02,-3.558560365470253561e-02,0.000000000000000000e+00
1.328100000000000058e+00,-3.196999999999999842e-02,-3.349243822978396207e-02,0.000000000000000000e+00
1.328100000000000058e+00,-3.196999999999999842e-02,-3.349243822978396207e-02,0.000000000000000000e+00
1.338989999999999903e+00,-3.287999999999999950e-02,-3.609201971536597081e-02,0.000000000000000000e+00
1.338989999999999903e+00,-3.287999999999999950e-02,-3.609201971536597081e-02,0.000000000000000000e+00
1.356419999999999959e+00,-3.361999999999999711e-02,-3.417599058136637502e-02,0.000000000000000000e+00
1.373860000000000081e+00,-3.352000000000000118e-02,-3.385613388929811091e-02,0.000000000000000000e+00
1.373860000000000081e+00,-3.352000000000000118e-02,-3.385613388929811091e-02,0.000000000000000000e+00
1.386079999999999979e+00,-3.355999999999999955e-02,-3.434402942825780930e-02,0.000000000000000000e+00
1.386079999999999979e+00,-3.355999999999999955e-02,-3.434402942825780930e-02,0.000000000000000000e+00
1.403259999999999952e+00,-3.459999999999999881e-02,-3.499309011334168079e-02,0.000000000000000000e+00
1.404430000000000067e+00,-3.468000000000000249e-02,-3.503662632319106546e-02,0.000000000000000000e+00
1.421319999999999917e+00,-3.538999999999999785e-02,-3.284341732910959349e-02,0.000000000000000000e+00
1.433850000000000069e+00,-3.540000000000000091e-02,-3.304524652727007517e-02,0.000000000000000000e+00
1.433850000000000069e+00,-3.540000000000000091e-02,-3.304524652727007517e-02,0.000000000000000000e+00
1.451689999999999925e+00,-3.599000000000000116e-02,-3.058712750728716581e-02,0.000000000000000000e+00
1.464439999999999964e+00,-3.679000000000000326e-02,-3.094525039848212283e-02,0.000000000000000000e+00
1.464439999999999964e+00,-3.679000000000000326e-02,-3.094525039848212283e-02,0.000000000000000000e+00
1.482159999999999922e+00,-3.828000000000000153e-02,-3.156960691804288482e-02,0.000000000000000000e+00
1.483570000000000055e+00,-3.839999999999999664e-02,-3.161856344308097699e-02,0.000000000000000000e+00
1.494550000000000045e+00,-3.935000000000000303e-02,-3.489567487001265372e-02,0.000000000000000000e+00
1.506709999999999994e+00,-3.955000000000000182e-02,-3.566429064124200521e-02,0.000000000000000000e+00
1.506709999999999994e+00,-3.955000000000000182e-02,-3.566429064124200521e-02,0.000000000000000000e+00
1.530589999999999895e+00,-4.089999999999999886e-02,-3.566775686541458906e-02,0.000000000000000000e+00
1.543879999999999919e+00,-4.114000000000000296e-02,-3.655054320618345010e-02,0.000000000000000000e+00
1.543879999999999919e+00,-4.114000000000000296e-02,-3.655054320618345010e-02,0.000000000000000000e+00
1.550380000000000091e+00,-4.032000000000000167e-02,-3.739687744969764915e-02,0.000000000000000000e+00
1.550380000000000091e+00,-4.032000000000000167e-02,-3.739687744969764915e-02,0.000000000000000000e+00
1.562240000000000073e+00,-4.078999999999999987e-02,-3.726762717606182246e-02,0.000000000000000000e+00
1.574650000000000105e+00,-4.141000000000000236e-02,-3.778951913619842118e-02,0.000000000000000000e+00
1.574650000000000105e+00,-4.141000000000000236e-02,-3.778951913619842118e-02,0.000000000000000000e+00
1.586920000000000108e+00,-4.164999999999999952e-02,-3.801150895132890395e-02,0.000000000000000000e+00
1.586920000000000108e+00,-4.164999999999999952e-02,-3.801150895132890395e-02,0.000000000000000000e+00
1.611629999999999896e+00,-4.214999999999999997e-02,-3.825808666911088146e-02,0.000000000000000000e+00
1.625299999999999967e+00,-4.236000000000000182e-02,-3.596439332011064360e-02,0.000000000000000000e+00
1.625299999999999967e+00,-4.236000000000000182e-02,-3.596439332011064360e-02,0.000000000000000000e+00
1.637659999999999894e+00,-4.299000000000000044e-02,-3.883575113827328340e-02,0.000000000000000000e+00
1.637659999999999894e+00,-4.299000000000000044e-02,-3.883575113827328340e-02,0.000000000000000000e+00
1.656879999999999908e+00,-4.372000000000000192e-02,-3.672343150249406801e-02,0.000000000000000000e+00
1.670269999999999921e+00,-4.399000000000000132e-02,-3.707959485469531496e-02,0.000000000000000000e+00
1.670269999999999921e+00,-4.399000000000000132e-02,-3.707959485469531496e-02,0.000000000000000000e+00
1.682970000000000077e+00,-4.460999999999999688e-02,-3.729876788452428371e-02,0.000000000000000000e+00
1.683880000000000043e+00,-4.465999999999999831e-02,-3.731220595757336889e-02,0.000000000000000000e+00
1.702369999999999939e+00,-4.583999999999999880e-02,-3.516242528759542380e-02,0.000000000000000000e+00
1.716080000000000050e+00,-4.710000000000000298e-02,-3.528380933752659626e-02,0.000000000000000000e+00
1.716080000000000050e+00,-4.710000000000000298e-02,-3.528380933752659626e-02,0.000000000000000000e+00
1.735349999999999948e+00,-4.825999999999999734e-02,-3.900175572615202646e-02,0.000000000000000000e+00
1.736779999999999990e+00,-4.834999999999999715e-02,-3.929010916843603957e-02,0.000000000000000000e+00
1.748660000000000103e+00,-4.875999999999999779e-02,-4.180710423481393684e-02,0.000000000000000000e+00
1.761649999999999938e+00,-4.963000000000000050e-02,-4.342660893424563073e-02,0.000000000000000000e+00
1.761649999999999938e+00,-4.963000000000000050e-02,-4.342660893424563073e-02,0.000000000000000000e+00
1.774710000000000010e+00,-5.027000000000000218e-02,-4.382812790013095733e-02,0.000000000000000000e+00
1.775549999999999962e+00,-5.031000000000000055e-02,-4.384792555721059304e-02,0.000000000000000000e+00
1.787619999999999987e+00,-5.088999999999999774e-02,-4.487161461721914796e-02,0.000000000000000000e+00
1.815509999999999957e+00,-5.270999999999999991e-02,-4.177904373481060307e-02,0.000000000000000000e+00
1.815509999999999957e+00,-5.270999999999999991e-02,-4.177904373481060307e-02,0.000000000000000000e+00
1.829620000000000024e+00,-5.287000000000000033e-02,-4.208803490583316181e-02,0.000000000000000000e+00
1.830600000000000005e+00,-5.288000000000000339e-02,-4.213050474006710400e-02,0.000000000000000000e+00
1.842840000000000034e+00,-5.306999999999999912e-02,-4.259678049578177056e-02,0.000000000000000000e+00
1.848340000000000094e+00,-5.296000000000000013e-02,-4.289516292580515533e-02,0.000000000000000000e+00
1.848340000000000094e+00,-5.296000000000000013e-02,-4.289516292580515533e-02,0.000000000000000000e+00
1.867629999999999901e+00,-5.412000000000000144e-02,-3.954174674033573977e-02,0.000000000000000000e+00
1.869110000000000049e+00,-5.419999999999999818e-02,-3.928101796697153203e-02,0.000000000000000000e+00
1.871960000000000068e+00,-5.403999999999999776e-02,-4.276190297002090829e-02,0.000000000000000000e+00
1.890109999999999957e+00,-5.505000000000000171e-02,-4.397462435258672753e-02,0.000000000000000000e+00
1.890109999999999957e+00,-5.505000000000000171e-02,-4.397462435258672753e-02,0.000000000000000000e+00
1.894840000000000080e+00,-5.541000000000000092e-02,-4.113703241172559505e-02,0.000000000000000000e+00
1.904749999999999943e+00,-5.618000000000000077e-02,-4.089066396100914103e-02,0.000000000000000000e+00
1.904749999999999943e+00,-5.618000000000000077e-02,-4.089066396100914103e-02,0.000000000000000000e+00
1.907270000000000021e+00,-5.623999999999999833e-02,-4.404710770347364940e-02,0.000000000000000000e+00
1.907270000000000021e+00,-5.623999999999999833e-02,-4.404710770347364940e-02,0.000000000000000000e+00
1.909839999999999982e+00,-5.623000000000000220e-02,-4.184485144242083843e-02,0.000000000000000000e+00
1.918179999999999996e+00,-5.693000000000000144e-02,-4.445695813157338888e-02,0.000000000000000000e+00
1.918179999999999996e+00,-5.693000000000000144e-02,-4.445695813157338888e-02,0.000000000000000000e+00
1.920520000000000005e+00,-5.723000000000000309e-02,-4.218266717070143224e-02,0.000000000000000000e+00
1.920670000000000099e+00,-5.725000000000000228e-02,-4.196012461350191736e-02,0.000000000000000000e+00
1.920690000000000008e+00,-5.732999999999999902e-02,-4.451705310901253598e-02,0.000000000000000000e+00
1.936250000000000027e+00,-5.840999999999999664e-02,-4.490438684846713435e-02,0.000000000000000000e+00
1.936250000000000027e+00,-5.840999999999999664e-02,-4.490438684846713435e-02,0.000000000000000000e+00
1.930010000000000003e+00,-5.782000000000000334e-02,-4.461002345512533884e-02,0.000000000000000000e+00
1.921459999999999946e+00,-5.736999999999999739e-02,-4.510285858010329441e-02,0.000000000000000000e+00
1.921459999999999946e+00,-5.736999999999999739e-02,-4.510285858010329441e-02,0.000000000000000000e+00
1.920639999999999903e+00,-5.738000000000000045e-02,-4.478328756253852072e-02,0.000000000000000000e+00
1.920639999999999903e+00,-5.738000000000000045e-02,-4.478328756253852072e-02,0.000000000000000000e+00
1.920460000000000056e+00,-5.741000000000000270e-02,-4.476182438956689824e-02,0.000000000000000000e+00
1.920439999999999925e+00,-5.741000000000000270e-02,-4.476260378204589135e-02,0.000000000000000000e+00
1.920439999999999925e+00,-5.738999999999999657e-02,-4.513498621839318048e-02,0.000000000000000000e+00
1.927510000000000057e+00,-5.766999999999999904e-02,-4.793686007603787519e-02,0.000000000000000000e+00
1.927510000000000057e+00,-5.766999999999999904e-02,-4.793686007603787519e-02,0.000000000000000000e+00
1.928739999999999899e+00,-5.781000000000000028e-02,-4.527054309617952604e-02,0.000000000000000000e+00
1.928800000000000070e+00,-5.782000000000000334e-02,-4.501953982699779394e-02,0.000000000000000000e+00
1.928800000000000070e+00,-5.782000000000000334e-02,-4.501953982699779394e-02,0.000000000000000000e+00
1.921189999999999953e+00,-5.741999999999999882e-02,-4.515420534121201285e-02,0.000000000000000000e+00
1.921189999999999953e+00,-5.741999999999999882e-02,-4.515420534121201285e-02,0.000000000000000000e+00
1.927959999999999896e+00,-5.766000000000000292e-02,-4.510269386128214902e-02,0.000000000000000000e+00
1.921319999999999917e+00,-5.741000000000000270e-02,-4.515928817599140083e-02,0.000000000000000000e+00
1.921319999999999917e+00,-5.741000000000000270e-02,-4.515928817599140083e-02,0.000000000000000000e+00
1.920609999999999928e+00,-5.738000000000000045e-02,-4.478579290526324419e-02,0.000000000000000000e+00
1.920609999999999928e+00,-5.738000000000000045e-02,-4.478579290526324419e-02,0.000000000000000000e+00
1.920609999999999928e+00,-5.738000000000000045e-02,-4.478579290526324419e-02,0.000000000000000000e+00
1.920619999999999994e+00,-5.738000000000000045e-02,-4.475276175570174625e-02,0.000000000000000000e+00
1.928080000000000016e+00,-5.763999999999999679e-02,-4.468402164993554027e-02,0.000000000000000000e+00
1.921259999999999968e+00,-5.711000000000000104e-02,-4.468236669921207133e-02,0.000000000000000000e+00
1.921259999999999968e+00,-5.711000000000000104e-02,-4.468236669921207133e-02,0.000000000000000000e+00
6.199999999999999999e-04,-1.100000000000000039e-04,0.000000000000000000e+00,0.000000000000000000e+00
6.199999999999999999e-04,-1.100000000000000039e-04,0.000000000000000000e+00,0.000000000000000000e+00
7.699999999999999597e-04,-2.000000000000000164e-05,-1.682976368395809174e-03,0.000000000000000000e+00
7.799999999999999859e-04,-2.000000000000000164e-05,-1.806659985517427604e-03,0.000000000000000000e+00
6.400000000000000524e-04,4.000000000000000327e-05,-3.976461476583083581e-04,0.000000000000000000e+00
4.200000000000000174e-04,-5.000000000000000240e-05,-6.955970351987708199e-05,0.000000000000000000e+00
4.200000000000000174e-04,-5.000000000000000240e-05,-6.955970351987708199e-05,0.000000000000000000e+00
2.919999999999999853e-03,-4.600000000000000139e-04,-3.401105912566316754e-04,0.000000000000000000e+00
2.919999999999999853e-03,-4.600000000000000139e-04,-3.401105912566316754e-04,0.000000000000000000e+00
7.830000000000000154e-03,-6.300000000000000261e-04,-1.584678853322581170e-03,0.000000000000000000e+00
8.269999999999999574e-03,-6.499999999999999702e-04,-1.696360748214977010e-03,0.000000000000000000e+00
1.268000000000000030e-02,-6.800000000000000488e-04,-2.925455107921077005e-03,0.000000000000000000e+00
2.242999999999999855e-02,-2.119999999999999923e-03,-3.699478378734288257e-03,0.000000000000000000e+00
2.242999999999999855e-02,-2.119999999999999923e-03,-3.699478378734288257e-03,0.000000000000000000e+00
2.372000000000000150e-02,-1.809999999999999977e-03,-6.154780499219135101e-03,0.000000000000000000e+00
2.372000000000000150e-02,-1.809999999999999977e-03,-6.154780499219135101e-03,0.000000000000000000e+00
3.849000000000000338e-02,-2.670000000000000064e-03,-6.032934815400302180e-03,0.000000000000000000e+00
3.849000000000000338e-02,-2.670000000000000064e-03,-6.032934815400302180e-03,0.000000000000000000e+00
3.849000000000000338e-02,-2.670000000000000064e-03,-6.032934815400302180e-03,0.000000000000000000e+00
3.984999999999999654e-02,-2.759999999999999867e-03,-6.006744519040804753e-03,0.000000000000000000e+00
3.984999999999999654e-02,-2.759999999999999867e-03,-6.006744519040804753e-03,0.000000000000000000e+00
3.984999999999999654e-02,-2.759999999999999867e-03,-6.006744519040804753e-03,0.000000000000000000e+00
3.984999999999999654e-02,-2.759999999999999867e-03,-6.006744519040804753e-03,0.000000000000000000e+00
3.984999999999999654e-02,-2.759999999999999867e-03,-6.006744519040804753e-03,0.000000000000000000e+00
3.984999999999999654e-02,-2.759999999999999867e-03,-6.006744519040804753e-03,0.000000000000000000e+00
3.984999999999999654e-02,-2.759999999999999867e-03,-6.006744519040804753e-03,0.000000000000000000e+00
3.984999999999999654e-02,-2.759999999999999867e-03,-6.006744519040804753e-03,0.000000000000000000e+00
3.984999999999999654e-02,-2.759999999999999867e-03,-6.006744519040804753e-03,0.000000000000000000e+00
1.134000000000000008e-01,-2.089999999999999844e-03,-7.297313294119205269e-03,0.000000000000000000e+00
1.429499999999999937e-01,-2.320000000000000014e-03,-8.907580902108162488e-03,0.000000000000000000e+00
1.429499999999999937e-01,-2.320000000000000014e-03,-8.907580902108162488e-03,0.000000000000000000e+00
1.429499999999999937e-01,-2.320000000000000014e-03,-8.907580902108162488e-03,0.000000000000000000e+00
1.442700000000000093e-01,-2.370000000000000145e-03,-8.866934701248919970e-03,0.000000000000000000e+00
1.723999999999999977e-01,-2.279999999999999909e-03,-7.751463791767328887e-03,0.000000000000000000e+00
1.723999999999999977e-01,-2.279999999999999909e-03,-7.751463791767328887e-03,0.000000000000000000e+00
1.737900000000000000e-01,-2.309999999999999987e-03,-7.757116606935442540e-03,0.000000000000000000e+00
2.004900000000000015e-01,-2.210000000000000159e-03,-8.702198285493364591e-03,0.000000000000000000e+00
2.013900000000000134e-01,-2.190000000000000106e-03,-8.622124807116875178e-03,0.000000000000000000e+00
2.152799999999999991e-01,-2.399999999999999790e-03,-5.999995462548547362e-03,0.000000000000000000e+00
2.333399999999999919e-01,-3.210000000000000180e-03,-5.776550085258969243e-03,0.000000000000000000e+00
2.333399999999999919e-01,-3.210000000000000180e-03,-5.776550085258969243e-03,0.000000000000000000e+00
2.444300000000000084e-01,-3.139999999999999996e-03,-1.599923474012578378e-03,0.000000000000000000e+00
2.452400000000000135e-01,-3.129999999999999970e-03,-1.250504197690893542e-03,0.000000000000000000e+00
2.599400000000000044e-01,-4.040000000000000188e-03,-4.940234927043094144e-03,0.000000000000000000e+00
2.743499999999999828e-01,-3.919999999999999873e-03,-8.425351337514134023e-03,0.000000000000000000e+00
2.743499999999999828e-01,-3.919999999999999873e-03,-8.425351337514134023e-03,0.000000000000000000e+00
2.897100000000000231e-01,-4.420000000000000318e-03,-7.670837772145094186e-03,0.000000000000000000e+00
2.911599999999999744e-01,-4.470000000000000015e-03,-7.565408563600400753e-03,0.000000000000000000e+00
3.044600000000000084e-01,-4.799999999999999580e-03,-1.340417361583157857e-02,0.000000000000000000e+00
3.202200000000000046e-01,-5.089999999999999906e-03,-1.197022839116631404e-02,0.000000000000000000e+00
3.202200000000000046e-01,-5.089999999999999906e-03,-1.197022839116631404e-02,0.000000000000000000e+00
3.345199999999999840e-01,-5.069999999999999854e-03,-1.033045135439192991e-02,0.000000000000000000e+00
3.355899999999999994e-01,-5.069999999999999854e-03,-1.021009882305194509e-02,0.000000000000000000e+00
3.492700000000000249e-01,-5.250000000000000326e-03,-1.749811961873172853e-02,0.000000000000000000e+00
3.672699999999999854e-01,-5.660000000000000100e-03,-1.515535433475133538e-02,0.000000000000000000e+00
3.672699999999999854e-01,-5.660000000000000100e-03,-1.515535433475133538e-02,0.000000000000000000e+00
3.804400000000000004e-01,-5.449999999999999983e-03,-1.525058273730868497e-02,0.000000000000000000e+00
3.814199999999999813e-01,-5.429999999999999931e-03,-1.528067601279651730e-02,0.000000000000000000e+00
3.970500000000000140e-01,-5.709999999999999798e-03,-1.359391581701591828e-02,0.000000000000000000e+00
4.101899999999999991e-01,-5.830000000000000113e-03,-1.186758669738162929e-02,0.000000000000000000e+00
4.101899999999999991e-01,-5.830000000000000113e-03,-1.186758669738162929e-02,0.000000000000000000e+00
4.168700000000000183e-01,-6.749999999999999924e-03,-1.122300843138793192e-02,0.000000000000000000e+00
4.173700000000000188e-01,-6.819999999999999674e-03,-1.118017766509699605e-02,0.000000000000000000e+00
4.312400000000000122e-01,-7.130000000000000053e-03,-8.374885326770085264e-03,0.000000000000000000e+00
4.462700000000000000e-01,-7.649999999999999682e-03,-9.008727181667447806e-03,0.000000000000000000e+00
4.462700000000000000e-01,-7.649999999999999682e-03,-9.008727181667447806e-03,0.000000000000000000e+00
4.613300000000000178e-01,-8.009999999999999759e-03,-8.938923103959285285e-03,0.000000000000000000e+00
4.787699999999999734e-01,-8.819999999999999715e-03,-1.309030155552874837e-02,0.000000000000000000e+00
4.787699999999999734e-01,-8.819999999999999715e-03,-1.309030155552874837e-02,0.000000000000000000e+00
4.924299999999999788e-01,-9.429999999999999147e-03,-1.399397191022591289e-02,0.000000000000000000e+00
4.934499999999999997e-01,-9.480000000000000579e-03,-1.404087446541574247e-02,0.000000000000000000e+00
5.073699999999999877e-01,-9.749999999999999986e-03,-1.835332663729291255e-02,0.000000000000000000e+00
5.250599999999999712e-01,-1.044999999999999922e-02,-1.916729418507424898e-02,0.000000000000000000e+00
5.250599999999999712e-01,-1.044999999999999922e-02,-1.916729418507424898e-02,0.000000000000000000e+00
5.384999999999999787e-01,-1.046000000000000055e-02,-1.997633055323528445e-02,0.000000000000000000e+00
5.394900000000000251e-01,-1.046000000000000055e-02,-2.003930068013680052e-02,0.000000000000000000e+00
5.493900000000000450e-01,-1.047000000000000014e-02,-2.023581841129191289e-02,0.000000000000000000e+00
5.646799999999999597e-01,-1.081999999999999976e-02,-2.052724422504748764e-02,0.000000000000000000e+00
5.646799999999999597e-01,-1.081999999999999976e-02,-2.052724422504748764e-02,0.000000000000000000e+00
5.829400000000000137e-01,-1.107999999999999957e-02,-1.845124217266662370e-02,0.000000000000000000e+00
5.842899999999999761e-01,-1.110000000000000049e-02,-1.828461301714461723e-02,0.000000000000000000e+00
5.966200000000000392e-01,-1.106000000000000039e-02,-1.718889601549011825e-02,0.000000000000000000e+00
6.099900000000000322e-01,-1.097000000000000058e-02,-1.705520067317562935e-02,0.000000000000000000e+00
6.099900000000000322e-01,-1.097000000000000058e-02,-1.705520067317562935e-02,0.000000000000000000e+00
6.258899999999999464e-01,-1.141999999999999960e-02,-1.558397996534467873e-02,0.000000000000000000e+00
6.270499999999999963e-01,-1.145999999999999970e-02,-1.547008698532545933e-02,0.000000000000000000e+00
6.392499999999999849e-01,-1.153999999999999991e-02,-1.749133408069404594e-02,0.000000000000000000e+00
6.603999999999999870e-01,-1.222999999999999955e-02,-1.781429163538914007e-02,0.000000000000000000e+00
6.603999999999999870e-01,-1.222999999999999955e-02,-1.781429163538914007e-02,0.000000000000000000e+00
6.725100000000000522e-01,-1.242000000000000048e-02,-1.654427987745199849e-02,0.000000000000000000e+00
6.886200000000000099e-01,-1.336999999999999994e-02,-1.700572333239730449e-02,0.000000000000000000e+00
6.886200000000000099e-01,-1.336999999999999994e-02,-1.700572333239730449e-02,0.000000000000000000e+00
7.023500000000000298e-01,-1.422000000000000000e-02,-1.757303146302577682e-02,0.000000000000000000e+00
7.023500000000000298e-01,-1.422000000000000000e-02,-1.757303146302577682e-02,0.000000000000000000e+00
7.159999999999999698e-01,-1.443999999999999971e-02,-1.999442790825655542e-02,0.000000000000000000e+00
7.327500000000000124e-01,-1.516999999999999946e-02,-2.278231835096394126e-02,0.000000000000000000e+00
7.327500000000000124e-01,-1.516999999999999946e-02,-2.278231835096394126e-02,0.000000000000000000e+00
7.469799999999999773e-01,-1.541999999999999968e-02,-2.099564026442145293e-02,0.000000000000000000e+00
7.469799999999999773e-01,-1.541999999999999968e-02,-2.099564026442145293e-02,0.000000000000000000e+00
7.635899999999999910e-01,-1.580000000000000154e-02,-2.330567357254139521e-02,0.000000000000000000e+00
7.650099999999999678e-01,-1.583000000000000032e-02,-2.353189443175773138e-02,0.000000000000000000e+00
7.778899999999999704e-01,-1.649000000000000118e-02,-2.427753890903545583e-02,0.000000000000000000e+00
7.921399999999999553e-01,-1.663999999999999854e-02,-2.246077486974506349e-02,0.000000000000000000e+00
7.921399999999999553e-01,-1.663999999999999854e-02,-2.246077486974506349e-02,0.000000000000000000e+00
8.060800000000000187e-01,-1.694999999999999979e-02,-2.467013284366244633e-02,0.000000000000000000e+00
8.070899999999999741e-01,-1.697999999999999857e-02,-2.485875000881197089e-02,0.000000000000000000e+00
8.237299999999999622e-01,-1.712999999999999939e-02,-2.525807842644839027e-02,0.000000000000000000e+00
8.380800000000000471e-01,-1.744000000000000064e-02,-2.589731618486149078e-02,0.000000000000000000e+00
8.380800000000000471e-01,-1.744000000000000064e-02,-2.589731618486149078e-02,0.000000000000000000e+00
8.526399999999999535e-01,-1.774999999999999842e-02,-2.656081700681351201e-02,0.000000000000000000e+00
8.703400000000000025e-01,-1.824999999999999886e-02,-2.459452439242991104e-02,0.000000000000000000e+00
8.703400000000000025e-01,-1.824999999999999886e-02,-2.459452439242991104e-02,0.000000000000000000e+00
8.888399999999999634e-01,-1.895000000000000157e-02,-2.276266069079778409e-02,0.000000000000000000e+00
8.888399999999999634e-01,-1.895000000000000157e-02,-2.276266069079778409e-02,0.000000000000000000e+00
8.972200000000000175e-01,-1.918999999999999873e-02,-2.122790054939191831e-02,0.000000000000000000e+00
9.109500000000000375e-01,-1.990000000000000102e-02,-2.603247724218617221e-02,0.000000000000000000e+00
9.109500000000000375e-01,-1.990000000000000102e-02,-2.603247724218617221e-02,0.000000000000000000e+00
9.293000000000000149e-01,-2.120000000000000009e-02,-2.714593466460082233e-02,0.000000000000000000e+00
9.293000000000000149e-01,-2.120000000000000009e-02,-2.714593466460082233e-02,0.000000000000000000e+00
9.443899999999999517e-01,-2.211000000000000118e-02,-2.733389621145350737e-02,0.000000000000000000e+00
9.526099999999999568e-01,-2.130999999999999908e-02,-2.799462924583524803e-02,0.000000000000000000e+00
9.526099999999999568e-01,-2.130999999999999908e-02,-2.799462924583524803e-02,0.000000000000000000e+00
9.703000000000000513e-01,-2.199999999999999872e-02,-3.074973943183854919e-02,0.000000000000000000e+00
9.717500000000000027e-01,-2.206999999999999934e-02,-3.097913125002808507e-02,0.000000000000000000e+00
9.822499999999999565e-01,-2.230999999999999997e-02,-2.922188528435056346e-02,0.000000000000000000e+00
9.967099999999999849e-01,-2.255000000000000060e-02,-3.151300178009775604e-02,0.000000000000000000e+00
9.967099999999999849e-01,-2.255000000000000060e-02,-3.151300178009775604e-02,0.000000000000000000e+00
1.012000000000000011e+00,-2.307000000000000023e-02,-3.186387711084393004e-02,0.000000000000000000e+00
1.013120000000000021e+00,-2.310999999999999860e-02,-3.187576017656348903e-02,0.000000000000000000e+00
1.027060000000000084e+00,-2.355000000000000149e-02,-3.248566450957042495e-02,0.000000000000000000e+00
1.046200000000000019e+00,-2.426000000000000031e-02,-3.267230788457906737e-02,0.000000000000000000e+00
1.046200000000000019e+00,-2.426000000000000031e-02,-3.267230788457906737e-02,0.000000000000000000e+00
1.058249999999999913e+00,-2.438999999999999849e-02,-3.082555686510873513e-02,0.000000000000000000e+00
1.073520000000000030e+00,-2.485000000000000056e-02,-3.096790864072037144e-02,0.000000000000000000e+00
1.073520000000000030e+00,-2.485000000000000056e-02,-3.096790864072037144e-02,0.000000000000000000e+00
1.092829999999999968e+00,-2.549999999999999836e-02,-3.374557390352992542e-02,0.000000000000000000e+00
1.092829999999999968e+00,-2.549999999999999836e-02,-3.374557390352992542e-02,0.000000000000000000e+00
1.104940000000000033e+00,-2.576000000000000165e-02,-3.252773627367536169e-02,0.000000000000000000e+00
1.105890000000000040e+00,-2.578000000000000083e-02,-3.239644377412647519e-02,0.000000000000000000e+00
1.120749999999999913e+00,-2.638000000000000067e-02,-3.233473713719480641e-02,0.000000000000000000e+00
1.136460000000000026e+00,-2.761999999999999872e-02,-3.314705631885696280e-02,0.000000000000000000e+00
1.136460000000000026e+00,-2.761999999999999872e-02,-3.314705631885696280e-02,0.000000000000000000e+00
1.148320000000000007e+00,-2.845999999999999919e-02,-3.414607649030781955e-02,0.000000000000000000e+00
1.149210000000000065e+00,-2.852999999999999980e-02,-3.422221770751030651e-02,0.000000000000000000e+00
1.167720000000000091e+00,-2.969000000000000111e-02,-3.657821369338714462e-02,0.000000000000000000e+00
1.180080000000000018e+00,-3.079000000000000140e-02,-3.749629168789601202e-02,0.000000000000000000e+00
1.180080000000000018e+00,-3.079000000000000140e-02,-3.749629168789601202e-02,0.000000000000000000e+00
1.200080000000000036e+00,-3.173999999999999738e-02,-4.037290724249359419e-02,0.000000000000000000e+00
1.212290000000000090e+00,-3.189999999999999780e-02,-4.135844143773032000e-02,0.000000000000000000e+00
1.212290000000000090e+00,-3.189999999999999780e-02,-4.135844143773032000e-02,0.000000000000000000e+00
1.228339999999999987e+00,-3.252000000000000030e-02,-4.118335119539524858e-02,0.000000000000000000e+00
1.228339999999999987e+00,-3.252000000000000030e-02,-4.118335119539524858e-02,0.000000000000000000e+00
1.240210000000000035e+00,-3.302000000000000074e-02,-4.161981724187803489e-02,0.000000000000000000e+00
1.256210000000000049e+00,-3.343000000000000138e-02,-4.226092283580962228e-02,0.000000000000000000e+00
1.256210000000000049e+00,-3.343000000000000138e-02,-4.226092283580962228e-02,0.000000000000000000e+00
1.277069999999999927e+00,-3.407000000000000306e-02,-4.465296294908778496e-02,0.000000000000000000e+00
1.277069999999999927e+00,-3.407000000000000306e-02,-4.465296294908778496e-02,0.000000000000000000e+00
1.289649999999999963e+00,-3.432000000000000328e-02,-4.282979902927818577e-02,0.000000000000000000e+00
1.301819999999999977e+00,-3.504000000000000170e-02,-4.077201631309915197e-02,0.000000000000000000e+00
1.301819999999999977e+00,-3.504000000000000170e-02,-4.077201631309915197e-02,0.000000000000000000e+00
1.318070000000000075e+00,-3.576000000000000012e-02,-4.130765964359988524e-02,0.000000000000000000e+00
1.318070000000000075e+00,-3.576000000000000012e-02,-4.130765964359988524e-02,0.000000000000000000e+00
1.335190000000000099e+00,-3.649999999999999772e-02,-4.143819529012482406e-02,0.000000000000000000e+00
1.352629999999999999e+00,-3.756000000000000311e-02,-3.937780523425787882e-02,0.000000000000000000e+00
1.352629999999999999e+00,-3.756000000000000311e-02,-3.937780523425787882e-02,0.000000000000000000e+00
1.365690000000000071e+00,-3.837999999999999745e-02,-3.693941204292471719e-02,0.000000000000000000e+00
1.365690000000000071e+00,-3.837999999999999745e-02,-3.693941204292471719e-02,0.000000000000000000e+00
1.382239999999999913e+00,-3.982999999999999735e-02,-4.017426860151179085e-02,0.000000000000000000e+00
1.383539999999999992e+00,-3.994999999999999940e-02,-4.045898745319741197e-02,0.000000000000000000e+00
1.394349999999999978e+00,-4.066000000000000170e-02,-4.320952524244729698e-02,0.000000000000000000e+00
1.411820000000000075e+00,-4.130999999999999950e-02,-4.152757252135380606e-02,0.000000000000000000e+00
1.413129999999999997e+00,-4.136000000000000093e-02,-4.137525348172056694e-02,0.000000000000000000e+00
1.429079999999999906e+00,-4.200999999999999873e-02,-4.400880827013714525e-02,0.000000000000000000e+00
1.441589999999999927e+00,-4.256000000000000061e-02,-4.447963383340190757e-02,0.000000000000000000e+00
1.441589999999999927e+00,-4.256000000000000061e-02,-4.447963383340190757e-02,0.000000000000000000e+00
1.453600000000000003e+00,-4.295000000000000207e-02,-4.523017638563706783e-02,0.000000000000000000e+00
1.454509999999999970e+00,-4.297999999999999737e-02,-4.529098805781497233e-02,0.000000000000000000e+00
1.476290000000000102e+00,-4.422000000000000236e-02,-4.507470648460998319e-02,0.000000000000000000e+00
1.489640000000000075e+00,-4.467999999999999750e-02,-4.358590577713642583e-02,0.000000000000000000e+00
1.489640000000000075e+00,-4.467999999999999750e-02,-4.358590577713642583e-02,0.000000000000000000e+00
1.501829999999999998e+00,-4.470999999999999974e-02,-4.336310866109602952e-02,0.000000000000000000e+00
1.502769999999999939e+00,-4.470999999999999974e-02,-4.335502979133321055e-02,0.000000000000000000e+00
1.519700000000000051e+00,-4.542999999999999816e-02,-4.384375566395491697e-02,0.000000000000000000e+00
1.532280000000000086e+00,-4.601999999999999841e-02,-4.412956659610160759e-02,0.000000000000000000e+00
1.532280000000000086e+00,-4.601999999999999841e-02,-4.412956659610160759e-02,0.000000000000000000e+00
1.544659999999999922e+00,-4.648000000000000048e-02,-4.458386272175059173e-02,0.000000000000000000e+00
1.562859999999999916e+00,-4.739999999999999769e-02,-4.536985756460919228e-02,0.000000000000000000e+00
1.562859999999999916e+00,-4.739999999999999769e-02,-4.536985756460919228e-02,0.000000000000000000e+00
1.587530000000000108e+00,-4.889000000000000290e-02,-4.285852854132722600e-02,0.000000000000000000e+00
1.587530000000000108e+00,-4.889000000000000290e-02,-4.285852854132722600e-02,0.000000000000000000e+00
1.595350000000000046e+00,-4.939000000000000334e-02,-4.328442290843190210e-02,0.000000000000000000e+00
1.595809999999999951e+00,-4.943000000000000171e-02,-4.333534888066140761e-02,0.000000000000000000e+00
1.607580000000000009e+00,-5.038000000000000117e-02,-4.357651230831142281e-02,0.000000000000000000e+00
1.625890000000000057e+00,-5.129000000000000226e-02,-4.674909593157059590e-02,0.000000000000000000e+00
1.625890000000000057e+00,-5.129000000000000226e-02,-4.674909593157059590e-02,0.000000000000000000e+00
1.645219999999999905e+00,-5.233000000000000151e-02,-4.745789361987617916e-02,0.000000000000000000e+00
1.646509999999999918e+00,-5.240000000000000213e-02,-4.749100638282279657e-02,0.000000000000000000e+00
1.658269999999999911e+00,-5.312000000000000055e-02,-4.768643531585988610e-02,0.000000000000000000e+00
1.670860000000000012e+00,-5.355000000000000038e-02,-4.791321241530671626e-02,0.000000000000000000e+00
1.670860000000000012e+00,-5.355000000000000038e-02,-4.791321241530671626e-02,0.000000000000000000e+00
1.683270000000000044e+00,-5.421999999999999736e-02,-5.153077210098695043e-02,0.000000000000000000e+00
1.702849999999999975e+00,-5.510999999999999927e-02,-4.916530297015309081e-02,0.000000000000000000e+00
1.702849999999999975e+00,-5.510999999999999927e-02,-4.916530297015309081e-02,0.000000000000000000e+00
1.722790000000000044e+00,-5.577000000000000013e-02,-4.941932776486011869e-02,0.000000000000000000e+00
1.724189999999999889e+00,-5.582000000000000156e-02,-4.945583201925791289e-02,0.000000000000000000e+00
1.735610000000000097e+00,-5.611000000000000015e-02,-5.262112944448014279e-02,0.000000000000000000e+00
1.749219999999999997e+00,-5.677999999999999714e-02,-5.074217235559892042e-02,0.000000000000000000e+00
1.749219999999999997e+00,-5.677999999999999714e-02,-5.074217235559892042e-02,0.000000000000000000e+00
1.761959999999999971e+00,-5.734999999999999820e-02,-5.073054024932875661e-02,0.000000000000000000e+00
1.762880000000000003e+00,-5.739999999999999963e-02,-5.074267147118185356e-02,0.000000000000000000e+00
1.775150000000000006e+00,-5.807999999999999968e-02,-5.169434518916357635e-02,0.000000000000000000e+00
1.796249999999999902e+00,-5.958000000000000101e-02,-4.601650791292623971e-02,0.000000000000000000e+00
1.796249999999999902e+00,-5.958000000000000101e-02,-4.601650791292623971e-02,0.000000000000000000e+00
1.816869999999999985e+00,-6.106000000000000316e-02,-4.615365218537312991e-02,0.000000000000000000e+00
1.816869999999999985e+00,-6.106000000000000316e-02,-4.615365218537312991e-02,0.000000000000000000e+00
1.823590000000000044e+00,-6.164000000000000035e-02,-4.965397813529097426e-02,0.000000000000000000e+00
1.835939999999999905e+00,-6.275999999999999635e-02,-5.311832249800443190e-02,0.000000000000000000e+00
1.835939999999999905e+00,-6.275999999999999635e-02,-5.311832249800443190e-02,0.000000000000000000e+00
1.847509999999999986e+00,-6.400999999999999746e-02,-5.722753256593202109e-02,0.000000000000000000e+00
1.847509999999999986e+00,-6.400999999999999746e-02,-5.722753256593202109e-02,0.000000000000000000e+00
1.867240000000000011e+00,-6.511000000000000121e-02,-5.424232319947584063e-02,0.000000000000000000e+00
1.879340000000000011e+00,-6.601999999999999535e-02,-5.426439785570626867e-02,0.000000000000000000e+00
1.879340000000000011e+00,-6.601999999999999535e-02,-5.426439785570626867e-02,0.000000000000000000e+00
1.882719999999999949e+00,-6.640999999999999681e-02,-5.778129326454171238e-02,0.000000000000000000e+00
1.882719999999999949e+00,-6.640999999999999681e-02,-5.778129326454171238e-02,0.000000000000000000e+00
1.892930000000000001e+00,-6.685000000000000664e-02,-5.804690192588565778e-02,0.000000000000000000e+00
1.895850000000000035e+00,-6.661000000000000254e-02,-5.827135691338180407e-02,0.000000000000000000e+00
1.895850000000000035e+00,-6.661000000000000254e-02,-5.827135691338180407e-02,0.000000000000000000e+00
1.905610000000000026e+00,-6.703000000000000624e-02,-5.566638363398176970e-02,0.000000000000000000e+00
1.905610000000000026e+00,-6.703000000000000624e-02,-5.566638363398176970e-02,0.000000000000000000e+00
1.908209999999999962e+00,-6.771000000000000629e-02,-5.556868655296950954e-02,0.000000000000000000e+00
1.908379999999999965e+00,-6.776999999999999691e-02,-5.557970908749373939e-02,0.000000000000000000e+00
1.915929999999999911e+00,-6.826000000000000123e-02,-5.808107387107790814e-02,0.000000000000000000e+00
1.910719999999999974e+00,-6.786000000000000365e-02,-5.576060319728010778e-02,0.000000000000000000e+00
1.910719999999999974e+00,-6.786000000000000365e-02,-5.576060319728010778e-02,0.000000000000000000e+00
1.917899999999999938e+00,-6.821000000000000674e-02,-5.543694082889707303e-02,0.000000000000000000e+00
1.910870000000000068e+00,-6.784999999999999365e-02,-5.837929095049312206e-02,0.000000000000000000e+00
1.910870000000000068e+00,-6.784999999999999365e-02,-5.837929095049312206e-02,0.000000000000000000e+00
1.917629999999999946e+00,-6.854000000000000370e-02,-5.573408596615093968e-02,0.000000000000000000e+00
1.917629999999999946e+00,-6.854000000000000370e-02,-5.573408596615093968e-02,0.000000000000000000e+00
1.910749999999999948e+00,-6.819999999999999674e-02,-5.562607841087199162e-02,0.000000000000000000e+00
1.909440000000000026e+00,-6.793000000000000427e-02,-5.807817728860838191e-02,0.000000000000000000e+00
1.909440000000000026e+00,-6.793000000000000427e-02,-5.807817728860838191e-02,0.000000000000000000e+00
1.916849999999999943e+00,-6.843000000000000471e-02,-5.864319613336127501e-02,0.000000000000000000e+00
1.916849999999999943e+00,-6.843000000000000471e-02,-5.864319613336127501e-02,0.000000000000000000e+00
1.910009999999999986e+00,-6.822999999999999898e-02,-5.837738557734076933e-02,0.000000000000000000e+00
1.909389999999999921e+00,-6.822000000000000286e-02,-5.835309953551713613e-02,0.000000000000000000e+00
1.916840000000000099e+00,-6.876999999999999780e-02,-5.872279668765092997e-02,0.000000000000000000e+00
1.917399999999999993e+00,-6.880999999999999617e-02,-5.875067958372436755e-02,0.000000000000000000e+00
1.910560000000000036e+00,-6.821000000000000674e-02,-5.587844230887344804e-02,0.000000000000000000e+00
1.916800000000000059e+00,-6.847000000000000308e-02,-5.843580084874638175e-02,0.000000000000000000e+00
1.916800000000000059e+00,-6.847000000000000308e-02,-5.843580084874638175e-02,0.000000000000000000e+00
1.917589999999999906e+00,-6.850000000000000533e-02,-5.867632014703642179e-02,0.000000000000000000e+00
1.917969999999999953e+00,-6.861000000000000432e-02,-5.576481865954800027e-02,0.000000000000000000e+00
1.917969999999999953e+00,-6.861000000000000432e-02,-5.576481865954800027e-02,0.000000000000000000e+00
1.917280000000000095e+00,-6.882000000000000617e-02,-5.849244279365701377e-02,0.000000000000000000e+00
1.917280000000000095e+00,-6.882000000000000617e-02,-5.849244279365701377e-02,0.000000000000000000e+00
1.917389999999999928e+00,-6.852999999999999370e-02,-5.868680158481174441e-02,0.000000000000000000e+00
1.910639999999999894e+00,-6.790999999999999814e-02,-5.580547365099101237e-02,0.000000000000000000e+00
1.910639999999999894e+00,-6.790999999999999814e-02,-5.580547365099101237e-02,0.000000000000000000e+00
1.909529999999999950e+00,-6.789000000000000590e-02,-5.838259552222282989e-02,0.000000000000000000e+00
1.909529999999999950e+00,-6.789000000000000590e-02,-5.838259552222282989e-02,0.000000000000000000e+00
1.917470000000000008e+00,-6.883999999999999841e-02,-5.584514721301144652e-02,0.000000000000000000e+00
1.917470000000000008e+00,-6.883999999999999841e-02,-5.584514721301144652e-02,0.000000000000000000e+00
1.918209999999999971e+00,-6.891999999999999515e-02,-5.558862760783409018e-02,0.000000000000000000e+00
1.910619999999999985e+00,-6.790999999999999814e-02,-5.580167768054981187e-02,0.000000000000000000e+00
1.910619999999999985e+00,-6.790999999999999814e-02,-5.580167768054981187e-02,0.000000000000000000e+00
1.909980000000000011e+00,-6.784999999999999365e-02,-5.556767026280959310e-02,0.000000000000000000e+00
1.909980000000000011e+00,-6.784999999999999365e-02,-5.556767026280959310e-02,0.000000000000000000e+00
1.916830000000000034e+00,-6.873999999999999555e-02,-5.850579146509553297e-02,0.000000000000000000e+00
1.010000000000000047e-03,-8.000000000000000654e-05,0.000000000000000000e+00,0.000000000000000000e+00
2.300000000000000070e-04,-6.000000000000000152e-05,-1.494953595593383894e-04,0.000000000000000000e+00
2.300000000000000070e-04,-6.000000000000000152e-05,-1.494953595593383894e-04,0.000000000000000000e+00
1.600000000000000131e-04,-6.000000000000000152e-05,-1.612423266750212341e-04,0.000000000000000000e+00
-1.100000000000000039e-04,1.399999999999999877e-04,-1.474713935279664643e-04,0.000000000000000000e+00
-1.299999999999999886e-04,1.499999999999999869e-04,-1.461752860895129897e-04,0.000000000000000000e+00
-9.799999999999999684e-04,6.000000000000000152e-05,-4.751043858161705801e-04,0.000000000000000000e+00
1.129999999999999928e-03,-9.000000000000000567e-05,3.538196555079103304e-07,0.000000000000000000e+00
1.700000000000000122e-04,-0.000000000000000000e+00,-1.683690641609544630e-03,0.000000000000000000e+00
1.700000000000000122e-04,-0.000000000000000000e+00,-1.683690641609544630e-03,0.000000000000000000e+00
4.000000000000000327e-05,0.000000000000000000e+00,-1.875156588125427484e-03,0.000000000000000000e+00
1.100000000000000066e-03,-5.000000000000000240e-05,-1.418016415342564186e-03,0.000000000000000000e+00
2.530000000000000131e-03,-9.000000000000000567e-05,-1.313913227384138531e-03,0.000000000000000000e+00
2.530000000000000131e-03,-9.000000000000000567e-05,-1.313913227384138531e-03,0.000000000000000000e+00
7.150000000000000105e-03,-3.200000000000000262e-04,-1.863775095890393089e-03,0.000000000000000000e+00
7.150000000000000105e-03,-3.200000000000000262e-04,-1.863775095890393089e-03,0.000000000000000000e+00
1.119000000000000029e-02,1.600000000000000131e-04,-2.387628553021503303e-03,0.000000000000000000e+00
1.119000000000000029e-02,1.600000000000000131e-04,-2.387628553021503303e-03,0.000000000000000000e+00
1.908999999999999933e-02,2.100000000000000087e-04,-6.859401869913751924e-04,0.000000000000000000e+00
2.830999999999999836e-02,2.000000000000000164e-05,-1.462137404977353157e-03,0.000000000000000000e+00
2.830999999999999836e-02,2.000000000000000164e-05,-1.462137404977353157e-03,0.000000000000000000e+00
3.697999999999999898e-02,-2.000000000000000164e-05,-2.188464123146314534e-03,0.000000000000000000e+00
3.697999999999999898e-02,-2.000000000000000164e-05,-2.188464123146314534e-03,0.000000000000000000e+00
4.707999999999999685e-02,1.399999999999999877e-04,-2.969909070280391493e-03,0.000000000000000000e+00
5.448999999999999677e-02,4.400000000000000157e-04,-3.815166914823307429e-03,0.000000000000000000e+00
5.448999999999999677e-02,4.400000000000000157e-04,-3.815166914823307429e-03,0.000000000000000000e+00
6.879000000000000392e-02,-1.700000000000000122e-04,-4.021300666122270195e-04,0.000000000000000000e+00
6.879000000000000392e-02,-1.700000000000000122e-04,-4.021300666122270195e-04,0.000000000000000000e+00
7.957999999999999796e-02,-2.799999999999999755e-04,-3.893787262793493896e-04,0.000000000000000000e+00
8.032999999999999863e-02,-2.799999999999999755e-04,-4.099558354659978577e-04,0.000000000000000000e+00
9.110999999999999654e-02,-2.200000000000000078e-04,-9.775637256274067721e-04,0.000000000000000000e+00
1.050200000000000022e-01,-6.199999999999999999e-04,-1.718030160794631464e-03,0.000000000000000000e+00
1.050200000000000022e-01,-6.199999999999999999e-04,-1.718030160794631464e-03,0.000000000000000000e+00
1.161699999999999955e-01,-8.400000000000000348e-04,-2.297372040334942633e-03,0.000000000000000000e+00
1.161699999999999955e-01,-8.400000000000000348e-04,-2.297372040334942633e-03,0.000000000000000000e+00
1.318400000000000127e-01,-1.430000000000000064e-03,-5.481194875485824458e-03,0.000000000000000000e+00
1.462400000000000089e-01,-1.680000000000000070e-03,-6.102015471549146648e-03,0.000000000000000000e+00
1.462400000000000089e-01,-1.680000000000000070e-03,-6.102015471549146648e-03,0.000000000000000000e+00
1.610499999999999987e-01,-1.940000000000000101e-03,-6.081580363860957482e-03,0.000000000000000000e+00
1.610499999999999987e-01,-1.940000000000000101e-03,-6.081580363860957482e-03,0.000000000000000000e+00
1.716799999999999993e-01,-1.500000000000000031e-03,-8.929108818250319768e-03,0.000000000000000000e+00
1.890499999999999958e-01,-2.030000000000000120e-03,-8.772056042318690516e-03,0.000000000000000000e+00
1.890499999999999958e-01,-2.030000000000000120e-03,-8.772056042318690516e-03,0.000000000000000000e+00
2.045899999999999941e-01,-2.249999999999999830e-03,-7.421443534162777168e-03,0.000000000000000000e+00
2.152600000000000069e-01,-2.000000000000000042e-03,-8.888720706484783129e-03,0.000000000000000000e+00
2.152600000000000069e-01,-2.000000000000000042e-03,-8.888720706484783129e-03,0.000000000000000000e+00
2.352899999999999991e-01,-2.569999999999999802e-03,-1.076819152407289086e-02,0.000000000000000000e+00
2.352899999999999991e-01,-2.569999999999999802e-03,-1.076819152407289086e-02,0.000000000000000000e+00
2.467300000000000049e-01,-1.830000000000000029e-03,-8.288655494607890042e-03,0.000000000000000000e+00
2.622499999999999831e-01,-2.230000000000000211e-03,-6.009838708944505517e-03,0.000000000000000000e+00
2.622499999999999831e-01,-2.230000000000000211e-03,-6.009838708944505517e-03,0.000000000000000000e+00
2.800900000000000056e-01,-2.439999999999999895e-03,-9.941858274078457444e-03,0.000000000000000000e+00
2.800900000000000056e-01,-2.439999999999999895e-03,-9.941858274078457444e-03,0.000000000000000000e+00
2.812999999999999945e-01,-2.459999999999999947e-03,-1.023721224930261055e-02,0.000000000000000000e+00
3.086099999999999954e-01,-2.860000000000000129e-03,-1.130189388183449294e-02,0.000000000000000000e+00
3.086099999999999954e-01,-2.860000000000000129e-03,-1.130189388183449294e-02,0.000000000000000000e+00
3.270399999999999974e-01,-3.269999999999999903e-03,-1.122769368049556481e-02,0.000000000000000000e+00
3.270399999999999974e-01,-3.269999999999999903e-03,-1.122769368049556481e-02,0.000000000000000000e+00
3.270399999999999974e-01,-3.269999999999999903e-03,-1.122769368049556481e-02,0.000000000000000000e+00
3.552199999999999802e-01,-5.139999999999999604e-03,-1.826838962270445343e-02,0.000000000000000000e+00
3.552199999999999802e-01,-5.139999999999999604e-03,-1.826838962270445343e-02,0.000000000000000000e+00
3.706800000000000095e-01,-5.579999999999999891e-03,-1.779359258595061832e-02,0.000000000000000000e+00
3.717099999999999849e-01,-5.599999999999999943e-03,-1.771523957281494199e-02,0.000000000000000000e+00
3.835100000000000176e-01,-5.610000000000000403e-03,-1.823785657035408361e-02,0.000000000000000000e+00
3.844000000000000195e-01,-5.610000000000000403e-03,-1.827701717919276783e-02,0.000000000000000000e+00
3.982100000000000084e-01,-5.850000000000000165e-03,-1.903754167513842591e-02,0.000000000000000000e+00
4.148299999999999765e-01,-6.150000000000000085e-03,-1.532091405503175144e-02,0.000000000000000000e+00
4.161699999999999844e-01,-6.170000000000000137e-03,-1.500077698233416058e-02,0.000000000000000000e+00
4.161699999999999844e-01,-6.170000000000000137e-03,-1.500077698233416058e-02,0.000000000000000000e+00
4.161699999999999844e-01,-6.170000000000000137e-03,-1.500077698233416058e-02,0.000000000000000000e+00
4.450200000000000267e-01,-7.130000000000000053e-03,-1.653900283486623921e-02,0.000000000000000000e+00
4.584099999999999842e-01,-7.250000000000000368e-03,-1.688653915278743797e-02,0.000000000000000000e+00
4.594799999999999995e-01,-7.259999999999999960e-03,-1.692631197061414058e-02,0.000000000000000000e+00
4.733299999999999730e-01,-6.760000000000000384e-03,-2.087565514956852761e-02,0.000000000000000000e+00
4.934100000000000152e-01,-7.320000000000000118e-03,-2.156804776726546635e-02,0.000000000000000000e+00
4.949000000000000066e-01,-7.360000000000000223e-03,-2.159554888157548536e-02,0.000000000000000000e+00
4.972099999999999853e-01,-8.840000000000000635e-03,-2.185636793348834719e-02,0.000000000000000000e+00
5.118399999999999617e-01,-9.159999999999999740e-03,-2.222344587468925645e-02,0.000000000000000000e+00
5.118399999999999617e-01,-9.159999999999999740e-03,-2.222344587468925645e-02,0.000000000000000000e+00
5.248399999999999732e-01,-9.249999999999999542e-03,-2.464689329159371403e-02,0.000000000000000000e+00
5.258599999999999941e-01,-9.259999999999999135e-03,-2.485132310710993706e-02,0.000000000000000000e+00
5.406199999999999894e-01,-1.008000000000000042e-02,-2.218937049519007637e-02,0.000000000000000000e+00
5.588300000000000489e-01,-1.123999999999999999e-02,-2.403965148021181344e-02,0.000000000000000000e+00
5.588300000000000489e-01,-1.123999999999999999e-02,-2.403965148021181344e-02,0.000000000000000000e+00
5.749800000000000466e-01,-1.243999999999999967e-02,-2.470903345797955883e-02,0.000000000000000000e+00
5.883899999999999686e-01,-1.277000000000000010e-02,-2.743832097104976012e-02,0.000000000000000000e+00
5.883899999999999686e-01,-1.277000000000000010e-02,-2.743832097104976012e-02,0.000000000000000000e+00
5.990100000000000424e-01,-1.272000000000000040e-02,-2.654671702458101523e-02,0.000000000000000000e+00
5.997000000000000108e-01,-1.271000000000000081e-02,-2.646923128929381044e-02,0.000000000000000000e+00
5.997000000000000108e-01,-1.271000000000000081e-02,-2.646923128929381044e-02,0.000000000000000000e+00
6.271700000000000053e-01,-1.264999999999999979e-02,-2.673979998307355471e-02,0.000000000000000000e+00
6.271700000000000053e-01,-1.264999999999999979e-02,-2.673979998307355471e-02,0.000000000000000000e+00
6.440599999999999659e-01,-1.327000000000000055e-02,-2.707676301083418793e-02,0.000000000000000000e+00
6.453100000000000502e-01,-1.332000000000000024e-02,-2.710382595936303152e-02,0.000000000000000000e+00
6.550099999999999811e-01,-1.350999999999999944e-02,-2.792250070059159109e-02,0.000000000000000000e+00
6.711200000000000498e-01,-1.392999999999999967e-02,-3.060335675827489943e-02,0.000000000000000000e+00
6.711200000000000498e-01,-1.392999999999999967e-02,-3.060335675827489943e-02,0.000000000000000000e+00
6.848400000000000043e-01,-1.405999999999999958e-02,-3.147797416755775124e-02,0.000000000000000000e+00
6.984500000000000153e-01,-1.413999999999999979e-02,-2.995764862254310726e-02,0.000000000000000000e+00
6.984500000000000153e-01,-1.413999999999999979e-02,-2.995764862254310726e-02,0.000000000000000000e+00
7.179299999999999571e-01,-1.494000000000000015e-02,-3.200143726001611344e-02,0.000000000000000000e+00
7.179299999999999571e-01,-1.494000000000000015e-02,-3.200143726001611344e-02,0.000000000000000000e+00
7.293800000000000283e-01,-1.503999999999999955e-02,-3.125364828245017629e-02,0.000000000000000000e+00
7.302899999999999947e-01,-1.503999999999999955e-02,-3.116968687410221622e-02,0.000000000000000000e+00
7.456399999999999695e-01,-1.584999999999999951e-02,-3.134137199891946085e-02,0.000000000000000000e+00
7.601499999999999924e-01,-1.649000000000000118e-02,-3.215525870941780828e-02,0.000000000000000000e+00
7.601499999999999924e-01,-1.649000000000000118e-02,-3.215525870941780828e-02,0.000000000000000000e+00
7.773099999999999454e-01,-1.737000000000000002e-02,-3.237086006115006548e-02,0.000000000000000000e+00
7.884799999999999587e-01,-1.835000000000000173e-02,-3.372349434959234088e-02,0.000000000000000000e+00
7.884799999999999587e-01,-1.835000000000000173e-02,-3.372349434959234088e-02,0.000000000000000000e+00
8.083099999999999730e-01,-2.020999999999999880e-02,-3.669902457219349767e-02,0.000000000000000000e+00
8.083099999999999730e-01,-2.020999999999999880e-02,-3.669902457219349767e-02,0.000000000000000000e+00
8.097400000000000153e-01,-2.034000000000000044e-02,-3.691495313401068484e-02,0.000000000000000000e+00
8.366700000000000248e-01,-2.089999999999999844e-02,-3.990783270590343018e-02,0.000000000000000000e+00
8.366700000000000248e-01,-2.089999999999999844e-02,-3.990783270590343018e-02,0.000000000000000000e+00
8.517900000000000471e-01,-2.161000000000000074e-02,-3.670142257365040933e-02,0.000000000000000000e+00
8.517900000000000471e-01,-2.161000000000000074e-02,-3.670142257365040933e-02,0.000000000000000000e+00
8.657000000000000250e-01,-2.230999999999999997e-02,-4.118305741963341343e-02,0.000000000000000000e+00
8.837800000000000100e-01,-2.341999999999999985e-02,-4.048174331646638840e-02,0.000000000000000000e+00
8.837800000000000100e-01,-2.341999999999999985e-02,-4.048174331646638840e-02,0.000000000000000000e+00
8.985400000000000054e-01,-2.381000000000000130e-02,-4.289131290473609942e-02,0.000000000000000000e+00
8.985400000000000054e-01,-2.381000000000000130e-02,-4.289131290473609942e-02,0.000000000000000000e+00
9.130500000000000282e-01,-2.397000000000000172e-02,-4.324833822695791502e-02,0.000000000000000000e+00
9.314599999999999547e-01,-2.460999999999999993e-02,-4.189036889958933779e-02,0.000000000000000000e+00
9.314599999999999547e-01,-2.460999999999999993e-02,-4.189036889958933779e-02,0.000000000000000000e+00
9.432300000000000129e-01,-2.494999999999999996e-02,-4.266933272871399618e-02,0.000000000000000000e+00
9.432300000000000129e-01,-2.494999999999999996e-02,-4.266933272871399618e-02,0.000000000000000000e+00
9.614300000000000068e-01,-2.637000000000000108e-02,-4.323659757675037824e-02,0.000000000000000000e+00
9.614300000000000068e-01,-2.637000000000000108e-02,-4.323659757675037824e-02,0.000000000000000000e+00
9.614300000000000068e-01,-2.637000000000000108e-02,-4.323659757675037824e-02,0.000000000000000000e+00
9.913800000000000390e-01,-2.733999999999999972e-02,-4.180393049727169907e-02,0.000000000000000000e+00
9.913800000000000390e-01,-2.733999999999999972e-02,-4.180393049727169907e-02,0.000000000000000000e+00
9.997599999999999820e-01,-2.807000000000000120e-02,-4.263524944318808352e-02,0.000000000000000000e+00
9.997599999999999820e-01,-2.807000000000000120e-02,-4.263524944318808352e-02,0.000000000000000000e+00
1.016510000000000025e+00,-2.979000000000000051e-02,-4.788433748930268075e-02,0.000000000000000000e+00
1.033150000000000013e+00,-3.119999999999999857e-02,-4.917541949595623935e-02,0.000000000000000000e+00
1.033150000000000013e+00,-3.119999999999999857e-02,-4.917541949595623935e-02,0.000000000000000000e+00
1.048669999999999991e+00,-3.191999999999999699e-02,-4.969111182591735842e-02,0.000000000000000000e+00
1.049860000000000015e+00,-3.196999999999999842e-02,-4.972977362294433989e-02,0.000000000000000000e+00
1.063339999999999952e+00,-3.257000000000000173e-02,-5.018208393082265045e-02,0.000000000000000000e+00
1.087869999999999893e+00,-3.531000000000000111e-02,-5.101713638510174675e-02,0.000000000000000000e+00
1.087869999999999893e+00,-3.531000000000000111e-02,-5.101713638510174675e-02,0.000000000000000000e+00
1.108700000000000019e+00,-3.681000000000000244e-02,-5.164548316070730755e-02,0.000000000000000000e+00
1.108700000000000019e+00,-3.681000000000000244e-02,-5.164548316070730755e-02,0.000000000000000000e+00
1.120449999999999946e+00,-3.733000000000000207e-02,-5.230324195498869955e-02,0.000000000000000000e+00
1.120449999999999946e+00,-3.733000000000000207e-02,-5.230324195498869955e-02,0.000000000000000000e+00
1.140260000000000051e+00,-3.826999999999999846e-02,-5.543367345652076145e-02,0.000000000000000000e+00
1.152279999999999971e+00,-3.878999999999999809e-02,-5.378150801994925623e-02,0.000000000000000000e+00
1.152279999999999971e+00,-3.878999999999999809e-02,-5.378150801994925623e-02,0.000000000000000000e+00
1.152279999999999971e+00,-3.878999999999999809e-02,-5.378150801994925623e-02,0.000000000000000000e+00
1.153180000000000094e+00,-3.882000000000000034e-02,-5.362276624443582801e-02,0.000000000000000000e+00
1.180150000000000032e+00,-4.037999999999999923e-02,-5.247928067886469677e-02,0.000000000000000000e+00
1.191990000000000105e+00,-4.118000000000000133e-02,-5.300385833583077383e-02,0.000000000000000000e+00
1.192819999999999991e+00,-4.123999999999999888e-02,-5.305744749792998954e-02,0.000000000000000000e+00
1.211629999999999985e+00,-4.248999999999999999e-02,-5.828473135990611120e-02,0.000000000000000000e+00
1.213189999999999991e+00,-4.259999999999999898e-02,-5.871444539121108142e-02,0.000000000000000000e+00
1.229230000000000045e+00,-4.392000000000000071e-02,-5.428859502165227918e-02,0.000000000000000000e+00
1.230660000000000087e+00,-4.402999999999999969e-02,-5.389655255602503886e-02,0.000000000000000000e+00
1.246550000000000047e+00,-4.565000000000000308e-02,-6.023126156074526394e-02,0.000000000000000000e+00
1.256809999999999983e+00,-4.667999999999999927e-02,-6.338809153315062839e-02,0.000000000000000000e+00
1.257660000000000000e+00,-4.676999999999999907e-02,-6.364965602766559094e-02,0.000000000000000000e+00
1.278110000000000079e+00,-4.782000000000000139e-02,-6.450371002386239005e-02,0.000000000000000000e+00
1.279649999999999954e+00,-4.789999999999999813e-02,-6.456801574472609273e-02,0.000000000000000000e+00
1.279649999999999954e+00,-4.789999999999999813e-02,-6.456801574472609273e-02,0.000000000000000000e+00
1.302189999999999959e+00,-4.809999999999999692e-02,-6.281902791429720689e-02,0.000000000000000000e+00
1.303449999999999998e+00,-4.818000000000000060e-02,-6.267950915714977367e-02,0.000000000000000000e+00
1.313879999999999937e+00,-4.893000000000000127e-02,-6.539664398679133350e-02,0.000000000000000000e+00
1.325639999999999930e+00,-4.979999999999999705e-02,-6.422234685017293165e-02,0.000000000000000000e+00
1.326580000000000092e+00,-4.988000000000000073e-02,-6.410293618640926228e-02,0.000000000000000000e+00
1.342200000000000060e+00,-5.106999999999999734e-02,-6.749824616484162432e-02,0.000000000000000000e+00
1.360430000000000028e+00,-5.217000000000000109e-02,-6.304716848352154290e-02,0.000000000000000000e+00
1.360430000000000028e+00,-5.217000000000000109e-02,-6.304716848352154290e-02,0.000000000000000000e+00
1.383159999999999945e+00,-5.476999999999999924e-02,-6.347370192236199971e-02,0.000000000000000000e+00
1.383159999999999945e+00,-5.476999999999999924e-02,-6.347370192236199971e-02,0.000000000000000000e+00
1.383159999999999945e+00,-5.476999999999999924e-02,-6.347370192236199971e-02,0.000000000000000000e+00
1.384919999999999929e+00,-5.498000000000000109e-02,-6.353813560803886484e-02,0.000000000000000000e+00
1.407040000000000068e+00,-5.476000000000000312e-02,-6.701505189347538305e-02,0.000000000000000000e+00
1.419750000000000068e+00,-5.580999999999999850e-02,-6.513209122468693879e-02,0.000000000000000000e+00
1.419750000000000068e+00,-5.580999999999999850e-02,-6.513209122468693879e-02,0.000000000000000000e+00
1.420860000000000012e+00,-5.589999999999999830e-02,-6.492914190552702414e-02,0.000000000000000000e+00
1.455100000000000060e+00,-5.832999999999999990e-02,-6.569299111333606889e-02,0.000000000000000000e+00
1.455100000000000060e+00,-5.832999999999999990e-02,-6.569299111333606889e-02,0.000000000000000000e+00
1.462390000000000079e+00,-5.927999999999999936e-02,-6.443882729328430370e-02,0.000000000000000000e+00
1.479109999999999925e+00,-6.131999999999999951e-02,-6.742925486002818158e-02,0.000000000000000000e+00
1.479109999999999925e+00,-6.131999999999999951e-02,-6.742925486002818158e-02,0.000000000000000000e+00
1.496790000000000065e+00,-6.289999999999999758e-02,-7.126861475294955783e-02,0.000000000000000000e+00
1.496790000000000065e+00,-6.289999999999999758e-02,-7.126861475294955783e-02,0.000000000000000000e+00
1.509470000000000089e+00,-6.350000000000000089e-02,-7.186954528191885627e-02,0.000000000000000000e+00
1.509470000000000089e+00,-6.350000000000000089e-02,-7.186954528191885627e-02,0.000000000000000000e+00
1.527269999999999905e+00,-6.492000000000000548e-02,-7.291677464104426298e-02,0.000000000000000000e+00
1.539940000000000087e+00,-6.597999999999999698e-02,-7.301033849822043120e-02,0.000000000000000000e+00
1.539940000000000087e+00,-6.597999999999999698e-02,-7.301033849822043120e-02,0.000000000000000000e+00
1.552710000000000035e+00,-6.718000000000000360e-02,-7.115456310677162333e-02,0.000000000000000000e+00
1.570330000000000004e+00,-6.839000000000000634e-02,-7.429423807279916803e-02,0.000000000000000000e+00
1.570330000000000004e+00,-6.839000000000000634e-02,-7.429423807279916803e-02,0.000000000000000000e+00
1.570330000000000004e+00,-6.839000000000000634e-02,-7.429423807279916803e-02,0.000000000000000000e+00
1.589420000000000055e+00,-6.938999999999999335e-02,-7.482649891039759582e-02,0.000000000000000000e+00
1.601990000000000025e+00,-7.016000000000000014e-02,-7.543336196742753130e-02,0.000000000000000000e+00
1.603089999999999904e+00,-7.022000000000000464e-02,-7.549194947478439499e-02,0.000000000000000000e+00
1.620910000000000073e+00,-7.147000000000000575e-02,-7.650196396329139725e-02,0.000000000000000000e+00
1.634249999999999980e+00,-7.227999999999999703e-02,-7.452865565519527224e-02,0.000000000000000000e+00
1.634249999999999980e+00,-7.227999999999999703e-02,-7.452865565519527224e-02,0.000000000000000000e+00
1.646500000000000075e+00,-7.305000000000000382e-02,-7.715015781659126382e-02,0.000000000000000000e+00
1.659550000000000081e+00,-7.423000000000000431e-02,-7.533021437523114427e-02,0.000000000000000000e+00
1.659550000000000081e+00,-7.423000000000000431e-02,-7.533021437523114427e-02,0.000000000000000000e+00
1.678709999999999924e+00,-7.617000000000000159e-02,-7.598123140918980334e-02,0.000000000000000000e+00
1.680099999999999927e+00,-7.631999999999999895e-02,-7.604415839565330237e-02,0.000000000000000000e+00
1.680099999999999927e+00,-7.631999999999999895e-02,-7.604415839565330237e-02,0.000000000000000000e+00
1.680099999999999927e+00,-7.631999999999999895e-02,-7.604415839565330237e-02,0.000000000000000000e+00
1.680099999999999927e+00,-7.631999999999999895e-02,-7.604415839565330237e-02,0.000000000000000000e+00
1.680099999999999927e+00,-7.631999999999999895e-02,-7.604415839565330237e-02,0.000000000000000000e+00
1.722869999999999902e+00,-8.140000000000000013e-02,-8.465413592288824340e-02,0.000000000000000000e+00
1.736420000000000075e+00,-8.221000000000000529e-02,-8.543417296129354743e-02,0.000000000000000000e+00
1.736420000000000075e+00,-8.221000000000000529e-02,-8.543417296129354743e-02,0.000000000000000000e+00
1.737319999999999975e+00,-8.226999999999999591e-02,-8.548805384492200177e-02,0.000000000000000000e+00
1.769239999999999924e+00,-8.490000000000000324e-02,-8.608735189038539681e-02,0.000000000000000000e+00
1.782529999999999948e+00,-8.634999999999999620e-02,-8.713662693869234088e-02,0.000000000000000000e+00
1.782529999999999948e+00,-8.634999999999999620e-02,-8.713662693869234088e-02,0.000000000000000000e+00
1.802640000000000020e+00,-8.820999999999999674e-02,-8.804757832758290659e-02,0.000000000000000000e+00
1.802640000000000020e+00,-8.820999999999999674e-02,-8.804757832758290659e-02,0.000000000000000000e+00
1.816480000000000095e+00,-8.933000000000000662e-02,-8.856147747517931212e-02,0.000000000000000000e+00
1.836899999999999977e+00,-9.089999999999999469e-02,-8.938656009322745732e-02,0.000000000000000000e+00
1.836899999999999977e+00,-9.089999999999999469e-02,-8.938656009322745732e-02,0.000000000000000000e+00
1.843259999999999899e+00,-9.117999999999999716e-02,-9.008853456577345375e-02,0.000000000000000000e+00
1.855059999999999931e+00,-9.260999999999999788e-02,-9.105204788832510499e-02,0.000000000000000000e+00
1.855059999999999931e+00,-9.260999999999999788e-02,-9.105204788832510499e-02,0.000000000000000000e+00
1.875280000000000058e+00,-9.458999999999999353e-02,-8.805327719100419781e-02,0.000000000000000000e+00
1.875280000000000058e+00,-9.458999999999999353e-02,-8.805327719100419781e-02,0.000000000000000000e+00
1.880740000000000078e+00,-9.510000000000000397e-02,-8.501166113742407437e-02,0.000000000000000000e+00
1.889790000000000081e+00,-9.594999999999999363e-02,-9.122904847963807240e-02,0.000000000000000000e+00
1.889790000000000081e+00,-9.594999999999999363e-02,-9.122904847963807240e-02,0.000000000000000000e+00
1.900779999999999914e+00,-9.746000000000000496e-02,-9.203342300987077396e-02,0.000000000000000000e+00
1.900779999999999914e+00,-9.746000000000000496e-02,-9.203342300987077396e-02,0.000000000000000000e+00
1.910439999999999916e+00,-9.847999999999999809e-02,-9.578073275402902709e-02,0.000000000000000000e+00
1.906039999999999957e+00,-9.822000000000000175e-02,-9.310680124293206628e-02,0.000000000000000000e+00
1.906039999999999957e+00,-9.822000000000000175e-02,-9.310680124293206628e-02,0.000000000000000000e+00
1.914060000000000095e+00,-9.937000000000000000e-02,-9.621323745104305714e-02,0.000000000000000000e+00
1.914060000000000095e+00,-9.937000000000000000e-02,-9.621323745104305714e-02,0.000000000000000000e+00
1.916630000000000056e+00,-9.986000000000000432e-02,-9.368231741590989092e-02,0.000000000000000000e+00
1.916630000000000056e+00,-9.986000000000000432e-02,-9.368231741590989092e-02,0.000000000000000000e+00
1.925270000000000037e+00,-1.011299999999999977e-01,-9.395341578919060022e-02,0.000000000000000000e+00
1.925869999999999971e+00,-1.012900000000000050e-01,-9.695978495285233201e-02,0.000000000000000000e+00
1.925859999999999905e+00,-1.012900000000000050e-01,-9.718749336515186688e-02,0.000000000000000000e+00
1.926199999999999912e+00,-1.012399999999999967e-01,-9.717044090825632807e-02,0.000000000000000000e+00
1.927000000000000046e+00,-1.013899999999999940e-01,-9.426054113478951613e-02,0.000000000000000000e+00
1.927000000000000046e+00,-1.013899999999999940e-01,-9.426054113478951613e-02,0.000000000000000000e+00
1.925959999999999894e+00,-1.013099999999999973e-01,-9.697178933995277694e-02,0.000000000000000000e+00
1.925880000000000036e+00,-1.013000000000000012e-01,-9.719149660074646868e-02,0.000000000000000000e+00
1.925550000000000095e+00,-1.010599999999999971e-01,-9.714217823432005905e-02,0.000000000000000000e+00
1.924749999999999961e+00,-1.010599999999999971e-01,-9.998859640576003571e-02,0.000000000000000000e+00
1.924749999999999961e+00,-1.010599999999999971e-01,-9.998859640576003571e-02,0.000000000000000000e+00
1.926220000000000043e+00,-1.013199999999999934e-01,-9.457912722693594121e-02,0.000000000000000000e+00
1.932600000000000096e+00,-1.016999999999999987e-01,-9.994003183867257445e-02,0.000000000000000000e+00
1.932600000000000096e+00,-1.016999999999999987e-01,-9.994003183867257445e-02,0.000000000000000000e+00
1.934679999999999955e+00,-1.018499999999999961e-01,-9.454550530048012880e-02,0.000000000000000000e+00
1.934679999999999955e+00,-1.018499999999999961e-01,-9.454550530048012880e-02,0.000000000000000000e+00
1.933119999999999949e+00,-1.017499999999999932e-01,-1.002971074826468495e-01,0.000000000000000000e+00
1.933119999999999949e+00,-1.017499999999999932e-01,-1.002971074826468495e-01,0.000000000000000000e+00
1.933119999999999949e+00,-1.017499999999999932e-01,-1.002971074826468495e-01,0.000000000000000000e+00
1.924900000000000055e+00,-1.011800000000000060e-01,-1.000739908815923424e-01,0.000000000000000000e+00
1.924900000000000055e+00,-1.011800000000000060e-01,-1.000739908815923424e-01,0.000000000000000000e+00
1.925640000000000018e+00,-1.010299999999999948e-01,-9.735658749193853989e-02,0.000000000000000000e+00
1.925640000000000018e+00,-1.010299999999999948e-01,-9.735658749193853989e-02,0.000000000000000000e+00
1.925699999999999967e+00,-1.010100000000000026e-01,-9.712923867746874051e-02,0.000000000000000000e+00
1.925699999999999967e+00,-1.010100000000000026e-01,-9.712923867746874051e-02,0.000000000000000000e+00
1.925529999999999964e+00,-1.013300000000000034e-01,-9.720399144975375161e-02,0.000000000000000000e+00
1.925519999999999898e+00,-1.013499999999999956e-01,-9.720987197234720600e-02,0.000000000000000000e+00
1.925519999999999898e+00,-1.013499999999999956e-01,-9.720987197234720600e-02,0.000000000000000000e+00
1.933389999999999942e+00,-1.018799999999999983e-01,-9.721468336215711992e-02,0.000000000000000000e+00
1.926260000000000083e+00,-1.010800000000000032e-01,-9.714035565877068845e-02,0.000000000000000000e+00
-4.499999999999999877e-04,2.200000000000000078e-04,0.000000000000000000e+00,0.000000000000000000e+00
-4.499999999999999877e-04,2.200000000000000078e-04,0.000000000000000000e+00,0.000000000000000000e+00
-6.499999999999999702e-04,2.300000000000000070e-04,-1.582999402291636066e-06,0.000000000000000000e+00
-6.499999999999999702e-04,2.300000000000000070e-04,-1.582999402291636066e-06,0.000000000000000000e+00
3.699999999999999947e-04,-6.000000000000000152e-05,-9.663664668401060931e-05,0.000000000000000000e+00
4.499999999999999877e-04,-8.000000000000000654e-05,-1.041854364440302958e-04,0.000000000000000000e+00
-1.900000000000000105e-04,2.000000000000000164e-05,-6.769262286006826577e-06,0.000000000000000000e+00
-4.899999999999999842e-04,8.000000000000000654e-05,-7.593747447489517964e-05,0.000000000000000000e+00
-4.899999999999999842e-04,8.000000000000000654e-05,-7.593747447489517964e-05,0.000000000000000000e+00
3.699999999999999947e-04,1.100000000000000039e-04,3.149364323326650375e-04,0.000000000000000000e+00
3.699999999999999947e-04,1.100000000000000039e-04,3.149364323326650375e-04,0.000000000000000000e+00
-4.499999999999999877e-04,2.100000000000000087e-04,-3.236837272968758387e-04,0.000000000000000000e+00
3.800000000000000209e-04,-6.000000000000000152e-05,-1.232045964006192335e-04,0.000000000000000000e+00
3.800000000000000209e-04,-6.000000000000000152e-05,-1.232045964006192335e-04,0.000000000000000000e+00
-4.400000000000000157e-04,-1.100000000000000039e-04,-4.953816621090980504e-04,0.000000000000000000e+00
-4.400000000000000157e-04,-1.100000000000000039e-04,-4.953816621090980504e-04,0.000000000000000000e+00
2.079999999999999818e-03,-1.700000000000000122e-04,-3.646516451436190441e-04,0.000000000000000000e+00
8.559999999999999901e-03,-7.200000000000000453e-04,1.341454819364244267e-04,0.000000000000000000e+00
8.559999999999999901e-03,-7.200000000000000453e-04,1.341454819364244267e-04,0.000000000000000000e+00
1.345999999999999974e-02,-4.800000000000000122e-04,2.470154056565714365e-05,0.000000000000000000e+00
1.345999999999999974e-02,-4.800000000000000122e-04,2.470154056565714365e-05,0.000000000000000000e+00
1.714999999999999858e-02,-1.200000000000000030e-04,-1.319834272170142524e-03,0.000000000000000000e+00
1.747999999999999901e-02,-9.000000000000000567e-05,-1.441437104925681698e-03,0.000000000000000000e+00
2.617999999999999841e-02,-8.000000000000000654e-05,-2.412295936280845019e-03,0.000000000000000000e+00
3.576000000000000012e-02,1.700000000000000122e-04,-2.310528132637418904e-03,0.000000000000000000e+00
3.576000000000000012e-02,1.700000000000000122e-04,-2.310528132637418904e-03,0.000000000000000000e+00
4.333000000000000046e-02,8.000000000000000383e-04,-2.549472874254106718e-03,0.000000000000000000e+00
4.333000000000000046e-02,8.000000000000000383e-04,-2.549472874254106718e-03,0.000000000000000000e+00
5.818000000000000255e-02,-0.000000000000000000e+00,-6.828928758976489464e-04,0.000000000000000000e+00
5.924000000000000099e-02,-6.999999999999999387e-05,-5.429750153502329235e-04,0.000000000000000000e+00
7.040000000000000424e-02,-6.000000000000000152e-05,9.933016210973401533e-05,0.000000000000000000e+00
8.092000000000000581e-02,-1.000000000000000048e-04,2.449285001763926509e-03,0.000000000000000000e+00
8.092000000000000581e-02,-1.000000000000000048e-04,2.449285001763926509e-03,0.000000000000000000e+00
9.450000000000000067e-02,-1.100000000000000039e-04,1.538410017211802767e-03,0.000000000000000000e+00
9.450000000000000067e-02,-1.100000000000000039e-04,1.538410017211802767e-03,0.000000000000000000e+00
1.145199999999999968e-01,8.199999999999999824e-04,-5.790899284813764980e-05,0.000000000000000000e+00
1.145199999999999968e-01,8.199999999999999824e-04,-5.790899284813764980e-05,0.000000000000000000e+00
1.307399999999999951e-01,3.499999999999999964e-04,-1.554472957776660384e-03,0.000000000000000000e+00
1.318300000000000027e-01,2.999999999999999737e-04,-1.652594817541938946e-03,0.000000000000000000e+00
1.436999999999999944e-01,1.000000000000000082e-05,-4.829265846786432326e-04,0.000000000000000000e+00
1.578900000000000026e-01,-4.099999999999999912e-04,-2.162395291909708760e-03,0.000000000000000000e+00
1.578900000000000026e-01,-4.099999999999999912e-04,-2.162395291909708760e-03,0.000000000000000000e+00
1.711999999999999911e-01,-2.999999999999999737e-04,-3.066334625012209509e-03,0.000000000000000000e+00
1.721999999999999920e-01,-2.900000000000000017e-04,-3.129769725318279957e-03,0.000000000000000000e+00
1.863200000000000134e-01,-7.699999999999999597e-04,-4.472034227357876181e-03,0.000000000000000000e+00
1.986600000000000033e-01,-1.299999999999999886e-04,-3.323293672374091033e-03,0.000000000000000000e+00
1.986600000000000033e-01,-1.299999999999999886e-04,-3.323293672374091033e-03,0.000000000000000000e+00
2.134900000000000131e-01,-4.299999999999999894e-04,-4.051071148444604537e-03,0.000000000000000000e+00
2.134900000000000131e-01,-4.299999999999999894e-04,-4.051071148444604537e-03,0.000000000000000000e+00
2.330899999999999916e-01,-1.139999999999999954e-03,-4.219487637356968482e-03,0.000000000000000000e+00
2.444600000000000106e-01,-6.800000000000000488e-04,-2.745587640173754139e-03,0.000000000000000000e+00
2.444600000000000106e-01,-6.800000000000000488e-04,-2.745587640173754139e-03,0.000000000000000000e+00
2.600500000000000034e-01,-7.200000000000000453e-04,-4.293296687945502045e-03,0.000000000000000000e+00
2.600500000000000034e-01,-7.200000000000000453e-04,-4.293296687945502045e-03,0.000000000000000000e+00
2.759699999999999931e-01,-2.000000000000000096e-04,-5.431363997096417401e-03,0.000000000000000000e+00
2.900200000000000000e-01,9.000000000000000567e-05,-9.998494223855084340e-04,0.000000000000000000e+00
2.900200000000000000e-01,9.000000000000000567e-05,-9.998494223855084340e-04,0.000000000000000000e+00
3.060300000000000242e-01,-6.000000000000000152e-05,-2.215081200400965608e-03,0.000000000000000000e+00
3.060300000000000242e-01,-6.000000000000000152e-05,-2.215081200400965608e-03,0.000000000000000000e+00
3.223199999999999954e-01,-3.499999999999999964e-04,-2.349009263687924787e-03,0.000000000000000000e+00
3.223199999999999954e-01,-3.499999999999999964e-04,-2.349009263687924787e-03,0.000000000000000000e+00
3.235000000000000098e-01,-3.699999999999999947e-04,-2.350397194314168652e-03,0.000000000000000000e+00
3.533600000000000074e-01,-1.100000000000000066e-03,-7.113424223977532837e-03,0.000000000000000000e+00
3.533600000000000074e-01,-1.100000000000000066e-03,-7.113424223977532837e-03,0.000000000000000000e+00
3.664000000000000035e-01,-1.580000000000000024e-03,-8.673346008656507983e-03,0.000000000000000000e+00
3.673399999999999999e-01,-1.619999999999999912e-03,-8.771460985795976120e-03,0.000000000000000000e+00
3.810100000000000153e-01,-1.969999999999999963e-03,-7.059909514583205536e-03,0.000000000000000000e+00
3.959599999999999786e-01,-2.099999999999999870e-03,-6.699957685978584140e-03,0.000000000000000000e+00
3.959599999999999786e-01,-2.099999999999999870e-03,-6.699957685978584140e-03,0.000000000000000000e+00
4.106000000000000205e-01,-2.160000000000000028e-03,-3.592317383471150920e-03,0.000000000000000000e+00
4.274000000000000021e-01,-2.569999999999999802e-03,-6.622977062085662510e-03,0.000000000000000000e+00
4.274000000000000021e-01,-2.569999999999999802e-03,-6.622977062085662510e-03,0.000000000000000000e+00
4.425899999999999834e-01,-2.820000000000000024e-03,-5.996336561565656503e-03,0.000000000000000000e+00
4.425899999999999834e-01,-2.820000000000000024e-03,-5.996336561565656503e-03,0.000000000000000000e+00
4.577499999999999902e-01,-3.000000000000000062e-03,-3.809703206533329289e-03,0.000000000000000000e+00
4.728100000000000080e-01,-3.160000000000000048e-03,-9.527685107011948928e-03,0.000000000000000000e+00
4.728100000000000080e-01,-3.160000000000000048e-03,-9.527685107011948928e-03,0.000000000000000000e+00
4.903799999999999826e-01,-2.939999999999999905e-03,-1.004613825887229646e-02,0.000000000000000000e+00
4.903799999999999826e-01,-2.939999999999999905e-03,-1.004613825887229646e-02,0.000000000000000000e+00
5.037099999999999911e-01,-2.510000000000000078e-03,-1.063125645602089678e-02,0.000000000000000000e+00
5.047199999999999465e-01,-2.469999999999999973e-03,-1.068159370557298683e-02,0.000000000000000000e+00
5.188500000000000334e-01,-2.939999999999999905e-03,-1.266455953802197824e-02,0.000000000000000000e+00
5.343599999999999461e-01,-3.490000000000000047e-03,-1.401302838837490718e-02,0.000000000000000000e+00
5.343599999999999461e-01,-3.490000000000000047e-03,-1.401302838837490718e-02,0.000000000000000000e+00
5.477699999999999791e-01,-3.599999999999999901e-03,-1.196960273928686369e-02,0.000000000000000000e+00
5.632700000000000484e-01,-3.799999999999999992e-03,-1.381755147772083768e-02,0.000000000000000000e+00
5.632700000000000484e-01,-3.799999999999999992e-03,-1.381755147772083768e-02,0.000000000000000000e+00
5.767200000000000104e-01,-4.060000000000000241e-03,-1.248991128156342126e-02,0.000000000000000000e+00
5.767200000000000104e-01,-4.060000000000000241e-03,-1.248991128156342126e-02,0.000000000000000000e+00
5.767200000000000104e-01,-4.060000000000000241e-03,-1.248991128156342126e-02,0.000000000000000000e+00
5.777200000000000113e-01,-4.080000000000000293e-03,-1.236802205265487460e-02,0.000000000000000000e+00
6.079700000000000104e-01,-5.440000000000000391e-03,-1.319938909586506476e-02,0.000000000000000000e+00
6.235800000000000232e-01,-5.610000000000000403e-03,-1.318478917544750259e-02,0.000000000000000000e+00
6.235800000000000232e-01,-5.610000000000000403e-03,-1.318478917544750259e-02,0.000000000000000000e+00
6.374800000000000466e-01,-5.950000000000000427e-03,-1.130505847628557325e-02,0.000000000000000000e+00
6.384699999999999820e-01,-5.969999999999999613e-03,-1.115563050784587444e-02,0.000000000000000000e+00
6.506300000000000416e-01,-5.610000000000000403e-03,-1.374940994414502494e-02,0.000000000000000000e+00
6.667999999999999483e-01,-6.130000000000000032e-03,-1.408457524465943356e-02,0.000000000000000000e+00
6.682200000000000362e-01,-6.190000000000000190e-03,-1.409239897096466708e-02,0.000000000000000000e+00
6.807499999999999662e-01,-6.559999999999999859e-03,-1.445137743444342530e-02,0.000000000000000000e+00
6.995099999999999651e-01,-7.080000000000000356e-03,-1.436123468248559285e-02,0.000000000000000000e+00
6.995099999999999651e-01,-7.080000000000000356e-03,-1.436123468248559285e-02,0.000000000000000000e+00
7.010199999999999765e-01,-7.119999999999999593e-03,-1.435079154342258460e-02,0.000000000000000000e+00
7.144099999999999895e-01,-6.700000000000000226e-03,-1.947323069794153205e-02,0.000000000000000000e+00
7.300200000000000022e-01,-6.420000000000000359e-03,-1.533180147113972699e-02,0.000000000000000000e+00
7.386399999999999633e-01,-6.150000000000000085e-03,-1.558400308475983882e-02,0.000000000000000000e+00
7.386399999999999633e-01,-6.150000000000000085e-03,-1.558400308475983882e-02,0.000000000000000000e+00
7.579099999999999726e-01,-6.819999999999999674e-03,-1.385396740574558125e-02,0.000000000000000000e+00
7.593499999999999694e-01,-6.859999999999999779e-03,-1.371871108486793188e-02,0.000000000000000000e+00
7.692200000000000149e-01,-7.049999999999999843e-03,-1.587243222494445077e-02,0.000000000000000000e+00
7.919899999999999718e-01,-8.109999999999999154e-03,-1.650640318793060099e-02,0.000000000000000000e+00
7.919899999999999718e-01,-8.109999999999999154e-03,-1.650640318793060099e-02,0.000000000000000000e+00
7.937300000000000466e-01,-8.189999999999999364e-03,-1.654317265981957233e-02,0.000000000000000000e+00
8.048899999999999944e-01,-8.540000000000000716e-03,-1.484985192283443285e-02,0.000000000000000000e+00
8.179199999999999804e-01,-9.490000000000000172e-03,-1.796092331571037815e-02,0.000000000000000000e+00
8.319999999999999618e-01,-9.799999999999999684e-03,-2.063784664101793800e-02,0.000000000000000000e+00
8.319999999999999618e-01,-9.799999999999999684e-03,-2.063784664101793800e-02,0.000000000000000000e+00
8.460800000000000542e-01,-1.021999999999999992e-02,-2.103050251717741501e-02,0.000000000000000000e+00
8.472899999999999876e-01,-1.026000000000000002e-02,-2.104930842784158082e-02,0.000000000000000000e+00
8.638900000000000468e-01,-1.063000000000000056e-02,-1.908890107086142970e-02,0.000000000000000000e+00
8.784600000000000186e-01,-1.082999999999999935e-02,-2.123819736101448946e-02,0.000000000000000000e+00
8.784600000000000186e-01,-1.082999999999999935e-02,-2.123819736101448946e-02,0.000000000000000000e+00
8.929399999999999560e-01,-1.136999999999999990e-02,-2.234080087350698990e-02,0.000000000000000000e+00
8.929399999999999560e-01,-1.136999999999999990e-02,-2.234080087350698990e-02,0.000000000000000000e+00
9.110000000000000320e-01,-1.233000000000000068e-02,-2.482524551166979607e-02,0.000000000000000000e+00
9.193400000000000460e-01,-1.199000000000000066e-02,-2.367050810000957337e-02,0.000000000000000000e+00
9.193400000000000460e-01,-1.199000000000000066e-02,-2.367050810000957337e-02,0.000000000000000000e+00
9.365700000000000136e-01,-1.191000000000000045e-02,-2.344207295041578210e-02,0.000000000000000000e+00
9.365700000000000136e-01,-1.191000000000000045e-02,-2.344207295041578210e-02,0.000000000000000000e+00
9.551500000000000545e-01,-1.238999999999999997e-02,-2.386911035661215541e-02,0.000000000000000000e+00
9.565700000000000314e-01,-1.243000000000000008e-02,-2.390511305666744024e-02,0.000000000000000000e+00
9.706399999999999473e-01,-1.259000000000000050e-02,-2.352375849713681660e-02,0.000000000000000000e+00
9.859499999999999931e-01,-1.329999999999999932e-02,-2.215624350205891435e-02,0.000000000000000000e+00
9.859499999999999931e-01,-1.329999999999999932e-02,-2.215624350205891435e-02,0.000000000000000000e+00
1.000760000000000094e+00,-1.399000000000000070e-02,-2.210801200013306697e-02,0.000000000000000000e+00
1.000760000000000094e+00,-1.399000000000000070e-02,-2.210801200013306697e-02,0.000000000000000000e+00
1.015730000000000022e+00,-1.460999999999999972e-02,-2.527560360373317175e-02,0.000000000000000000e+00
1.017060000000000075e+00,-1.467000000000000075e-02,-2.558040173095078862e-02,0.000000000000000000e+00
1.031400000000000095e+00,-1.542999999999999927e-02,-2.585505554208787637e-02,0.000000000000000000e+00
1.046589999999999909e+00,-1.651000000000000037e-02,-2.644191065669056206e-02,0.000000000000000000e+00
1.046589999999999909e+00,-1.651000000000000037e-02,-2.644191065669056206e-02,0.000000000000000000e+00
1.065090000000000092e+00,-1.733000000000000165e-02,-2.876101405165646524e-02,0.000000000000000000e+00
1.065090000000000092e+00,-1.733000000000000165e-02,-2.876101405165646524e-02,0.000000000000000000e+00
1.073849999999999971e+00,-1.726000000000000104e-02,-2.759663497347603772e-02,0.000000000000000000e+00
1.092680000000000096e+00,-1.786000000000000087e-02,-2.736941688354246546e-02,0.000000000000000000e+00
1.092680000000000096e+00,-1.786000000000000087e-02,-2.736941688354246546e-02,0.000000000000000000e+00
1.108349999999999946e+00,-1.844000000000000153e-02,-2.988750910251875698e-02,0.000000000000000000e+00
1.108349999999999946e+00,-1.844000000000000153e-02,-2.988750910251875698e-02,0.000000000000000000e+00
1.128190000000000026e+00,-2.033000000000000085e-02,-3.096744340146673907e-02,0.000000000000000000e+00
1.129709999999999992e+00,-2.048000000000000168e-02,-3.103643720279018747e-02,0.000000000000000000e+00
1.144150000000000000e+00,-2.082000000000000170e-02,-3.359498386733093811e-02,0.000000000000000000e+00
1.145299999999999985e+00,-2.085000000000000048e-02,-3.379892542366751823e-02,0.000000000000000000e+00
1.164179999999999993e+00,-2.113999999999999907e-02,-3.152998424214779188e-02,0.000000000000000000e+00
1.172830000000000039e+00,-2.104999999999999927e-02,-2.951149360400325689e-02,0.000000000000000000e+00
1.172830000000000039e+00,-2.104999999999999927e-02,-2.951149360400325689e-02,0.000000000000000000e+00
1.198739999999999917e+00,-2.126000000000000112e-02,-3.233935340611317211e-02,0.000000000000000000e+00
1.200700000000000101e+00,-2.128999999999999990e-02,-3.256682035924488017e-02,0.000000000000000000e+00
1.211950000000000083e+00,-2.152000000000000093e-02,-2.812875735310507719e-02,0.000000000000000000e+00
1.227400000000000047e+00,-2.205999999999999975e-02,-3.312267645591949333e-02,0.000000000000000000e+00
1.227400000000000047e+00,-2.205999999999999975e-02,-3.312267645591949333e-02,0.000000000000000000e+00
1.244320000000000093e+00,-2.297000000000000083e-02,-3.402494530205149581e-02,0.000000000000000000e+00
1.244320000000000093e+00,-2.297000000000000083e-02,-3.402494530205149581e-02,0.000000000000000000e+00
1.260860000000000092e+00,-2.390000000000000110e-02,-3.476427297684191176e-02,0.000000000000000000e+00
1.277099999999999902e+00,-2.477999999999999994e-02,-3.708595101992313847e-02,0.000000000000000000e+00
1.277099999999999902e+00,-2.477999999999999994e-02,-3.708595101992313847e-02,0.000000000000000000e+00
1.289740000000000109e+00,-2.554000000000000020e-02,-3.535746906955477414e-02,0.000000000000000000e+00
1.289740000000000109e+00,-2.554000000000000020e-02,-3.535746906955477414e-02,0.000000000000000000e+00
1.306319999999999926e+00,-2.606999999999999942e-02,-3.301983615527856464e-02,0.000000000000000000e+00
1.307649999999999979e+00,-2.611000000000000126e-02,-3.283396013699896310e-02,0.000000000000000000e+00
1.318200000000000038e+00,-2.655000000000000068e-02,-3.576074576805812061e-02,0.000000000000000000e+00
1.335120000000000084e+00,-2.724999999999999992e-02,-3.391585572507809648e-02,0.000000000000000000e+00
1.335120000000000084e+00,-2.724999999999999992e-02,-3.391585572507809648e-02,0.000000000000000000e+00
1.356810000000000072e+00,-2.855999999999999858e-02,-3.644461199647726357e-02,0.000000000000000000e+00
1.356810000000000072e+00,-2.855999999999999858e-02,-3.644461199647726357e-02,0.000000000000000000e+00
1.364770000000000039e+00,-2.864999999999999838e-02,-3.478512606847987410e-02,0.000000000000000000e+00
1.381029999999999980e+00,-2.892000000000000126e-02,-3.729799981144200222e-02,0.000000000000000000e+00
1.381029999999999980e+00,-2.892000000000000126e-02,-3.729799981144200222e-02,0.000000000000000000e+00
1.393510000000000026e+00,-2.887999999999999942e-02,-3.821439706842414546e-02,0.000000000000000000e+00
1.393510000000000026e+00,-2.887999999999999942e-02,-3.821439706842414546e-02,0.000000000000000000e+00
1.410800000000000054e+00,-2.930999999999999925e-02,-3.548272832065280796e-02,0.000000000000000000e+00
1.412230000000000096e+00,-2.935000000000000109e-02,-3.524096748858721040e-02,0.000000000000000000e+00
1.412230000000000096e+00,-2.935000000000000109e-02,-3.524096748858721040e-02,0.000000000000000000e+00
1.412230000000000096e+00,-2.935000000000000109e-02,-3.524096748858721040e-02,0.000000000000000000e+00
1.412230000000000096e+00,-2.935000000000000109e-02,-3.524096748858721040e-02,0.000000000000000000e+00
1.412230000000000096e+00,-2.935000000000000109e-02,-3.524096748858721040e-02,0.000000000000000000e+00
1.412230000000000096e+00,-2.935000000000000109e-02,-3.524096748858721040e-02,0.000000000000000000e+00
1.412230000000000096e+00,-2.935000000000000109e-02,-3.524096748858721040e-02,0.000000000000000000e+00
1.412230000000000096e+00,-2.935000000000000109e-02,-3.524096748858721040e-02,0.000000000000000000e+00
1.412230000000000096e+00,-2.935000000000000109e-02,-3.524096748858721040e-02,0.000000000000000000e+00
1.412230000000000096e+00,-2.935000000000000109e-02,-3.524096748858721040e-02,0.000000000000000000e+00
1.412230000000000096e+00,-2.935000000000000109e-02,-3.524096748858721040e-02,0.000000000000000000e+00
1.518899999999999917e+00,-3.488000000000000128e-02,-3.818697304212272103e-02,0.000000000000000000e+00
1.518899999999999917e+00,-3.488000000000000128e-02,-3.818697304212272103e-02,0.000000000000000000e+00
1.531849999999999934e+00,-3.558999999999999664e-02,-3.865871331058467336e-02,0.000000000000000000e+00
1.532869999999999955e+00,-3.565000000000000113e-02,-3.870082382595870646e-02,0.000000000000000000e+00
1.550070000000000059e+00,-3.638000000000000261e-02,-3.884276739431809233e-02,0.000000000000000000e+00
1.562310000000000088e+00,-3.690000000000000224e-02,-4.183522859233502339e-02,0.000000000000000000e+00
1.562310000000000088e+00,-3.690000000000000224e-02,-4.183522859233502339e-02,0.000000000000000000e+00
1.575099999999999945e+00,-3.721000000000000002e-02,-4.034674314376397036e-02,0.000000000000000000e+00
1.575099999999999945e+00,-3.721000000000000002e-02,-4.034674314376397036e-02,0.000000000000000000e+00
1.598770000000000024e+00,-3.848000000000000032e-02,-4.274344082624734892e-02,0.000000000000000000e+00
1.606400000000000050e+00,-3.833000000000000296e-02,-4.323694573800790364e-02,0.000000000000000000e+00
1.606400000000000050e+00,-3.833000000000000296e-02,-4.323694573800790364e-02,0.000000000000000000e+00
1.630200000000000093e+00,-3.928000000000000241e-02,-4.381120150923660528e-02,0.000000000000000000e+00
1.630200000000000093e+00,-3.928000000000000241e-02,-4.381120150923660528e-02,0.000000000000000000e+00
1.630200000000000093e+00,-3.928000000000000241e-02,-4.381120150923660528e-02,0.000000000000000000e+00
1.656519999999999992e+00,-3.966000000000000081e-02,-4.165559634438081166e-02,0.000000000000000000e+00
1.656519999999999992e+00,-3.966000000000000081e-02,-4.165559634438081166e-02,0.000000000000000000e+00
1.658150000000000013e+00,-3.975000000000000061e-02,-4.145097093263028915e-02,0.000000000000000000e+00
1.688949999999999951e+00,-4.132999999999999868e-02,-4.246977470124454340e-02,0.000000000000000000e+00
1.688949999999999951e+00,-4.132999999999999868e-02,-4.246977470124454340e-02,0.000000000000000000e+00
1.708720000000000017e+00,-4.266999999999999960e-02,-4.240346401839178991e-02,0.000000000000000000e+00
1.708720000000000017e+00,-4.266999999999999960e-02,-4.240346401839178991e-02,0.000000000000000000e+00
1.722690000000000055e+00,-4.481999999999999873e-02,-4.363088759815610812e-02,0.000000000000000000e+00
1.740850000000000009e+00,-4.592000000000000248e-02,-4.931638071888952424e-02,0.000000000000000000e+00
1.740850000000000009e+00,-4.592000000000000248e-02,-4.931638071888952424e-02,0.000000000000000000e+00
1.742520000000000069e+00,-4.601999999999999841e-02,-4.985694841452115167e-02,0.000000000000000000e+00
1.761400000000000077e+00,-4.687999999999999806e-02,-4.786234512115208201e-02,0.000000000000000000e+00
1.763619999999999965e+00,-4.696999999999999786e-02,-4.762671245369354267e-02,0.000000000000000000e+00
1.781470000000000109e+00,-4.710999999999999910e-02,-4.550346558251213563e-02,0.000000000000000000e+00
1.801479999999999970e+00,-4.823000000000000204e-02,-4.855326028156243395e-02,0.000000000000000000e+00
1.801479999999999970e+00,-4.823000000000000204e-02,-4.855326028156243395e-02,0.000000000000000000e+00
1.808189999999999964e+00,-4.866000000000000186e-02,-5.198040572858687869e-02,0.000000000000000000e+00
1.808659999999999934e+00,-4.868999999999999717e-02,-5.227337519399749555e-02,0.000000000000000000e+00
1.821379999999999999e+00,-4.920999999999999680e-02,-4.999368595082140376e-02,0.000000000000000000e+00
1.828549999999999898e+00,-4.979000000000000092e-02,-5.249560936405151673e-02,0.000000000000000000e+00
1.829320000000000057e+00,-4.986000000000000154e-02,-5.283390899307025684e-02,0.000000000000000000e+00
1.859620000000000051e+00,-5.025000000000000300e-02,-5.048219163889654942e-02,0.000000000000000000e+00
1.873960000000000070e+00,-5.118999999999999939e-02,-5.028357504284872853e-02,0.000000000000000000e+00
1.873960000000000070e+00,-5.118999999999999939e-02,-5.028357504284872853e-02,0.000000000000000000e+00
1.874880000000000102e+00,-5.181999999999999801e-02,-5.041605911726640410e-02,0.000000000000000000e+00
1.874880000000000102e+00,-5.186999999999999944e-02,-5.042660289619282227e-02,0.000000000000000000e+00
1.884840000000000071e+00,-5.242000000000000132e-02,-5.030203716681447279e-02,0.000000000000000000e+00
1.896649999999999947e+00,-5.322000000000000342e-02,-5.096008354011040409e-02,0.000000000000000000e+00
1.896649999999999947e+00,-5.322000000000000342e-02,-5.096008354011040409e-02,0.000000000000000000e+00
1.899510000000000032e+00,-5.326999999999999791e-02,-5.381787069845404836e-02,0.000000000000000000e+00
1.902500000000000080e+00,-5.353999999999999732e-02,-5.153509036837215090e-02,0.000000000000000000e+00
1.902500000000000080e+00,-5.353999999999999732e-02,-5.153509036837215090e-02,0.000000000000000000e+00
1.912080000000000002e+00,-5.428000000000000186e-02,-5.193768782563375208e-02,0.000000000000000000e+00
1.912080000000000002e+00,-5.428000000000000186e-02,-5.193768782563375208e-02,0.000000000000000000e+00
1.914360000000000062e+00,-5.435999999999999860e-02,-5.456588529859145859e-02,0.000000000000000000e+00
1.914360000000000062e+00,-5.435999999999999860e-02,-5.456588529859145859e-02,0.000000000000000000e+00
1.916479999999999961e+00,-5.428999999999999798e-02,-5.244253377026738411e-02,0.000000000000000000e+00
1.924749999999999961e+00,-5.514000000000000151e-02,-5.191673455482084115e-02,0.000000000000000000e+00
1.924749999999999961e+00,-5.514000000000000151e-02,-5.191673455482084115e-02,0.000000000000000000e+00
1.918819999999999970e+00,-5.471999999999999781e-02,-5.196042471224061182e-02,0.000000000000000000e+00
1.918290000000000051e+00,-5.467999999999999944e-02,-5.196641404075499210e-02,0.000000000000000000e+00
1.918290000000000051e+00,-5.467999999999999944e-02,-5.196641404075499210e-02,0.000000000000000000e+00
1.918290000000000051e+00,-5.467999999999999944e-02,-5.196641404075499210e-02,0.000000000000000000e+00
1.918290000000000051e+00,-5.467999999999999944e-02,-5.196641404075499210e-02,0.000000000000000000e+00
1.918290000000000051e+00,-5.467999999999999944e-02,-5.196641404075499210e-02,0.000000000000000000e+00
1.918290000000000051e+00,-5.467999999999999944e-02,-5.196641404075499210e-02,0.000000000000000000e+00
1.918290000000000051e+00,-5.467999999999999944e-02,-5.196641404075499210e-02,0.000000000000000000e+00
1.918290000000000051e+00,-5.467999999999999944e-02,-5.196641404075499210e-02,0.000000000000000000e+00
1.918290000000000051e+00,-5.467999999999999944e-02,-5.196641404075499210e-02,0.000000000000000000e+00
1.918290000000000051e+00,-5.467999999999999944e-02,-5.196641404075499210e-02,0.000000000000000000e+00
1.918290000000000051e+00,-5.467999999999999944e-02,-5.196641404075499210e-02,0.000000000000000000e+00
1.918290000000000051e+00,-5.467999999999999944e-02,-5.196641404075499210e-02,0.000000000000000000e+00
1.918290000000000051e+00,-5.467999999999999944e-02,-5.196641404075499210e-02,0.000000000000000000e+00
1.917189999999999950e+00,-5.444999999999999840e-02,-5.536600929541621308e-02,0.000000000000000000e+00
1.917189999999999950e+00,-5.444999999999999840e-02,-5.536600929541621308e-02,0.000000000000000000e+00
1.917580000000000062e+00,-5.421999999999999736e-02,-5.527443806454418462e-02,0.000000000000000000e+00
1.917580000000000062e+00,-5.421999999999999736e-02,-5.527443806454418462e-02,0.000000000000000000e+00
1.917240000000000055e+00,-5.430999999999999717e-02,-5.509006053154408278e-02,0.000000000000000000e+00
1.917240000000000055e+00,-5.430999999999999717e-02,-5.509006053154408278e-02,0.000000000000000000e+00
1.924679999999999946e+00,-5.501999999999999946e-02,-5.537563051943099335e-02,0.000000000000000000e+00
1.925019999999999953e+00,-5.507000000000000089e-02,-5.506848583030515831e-02,0.000000000000000000e+00
1.925019999999999953e+00,-5.507000000000000089e-02,-5.506848583030515831e-02,0.000000000000000000e+00
1.925019999999999953e+00,-5.507000000000000089e-02,-5.506848583030515831e-02,0.000000000000000000e+00
1.925179999999999891e+00,-5.507999999999999702e-02,-5.503887628129299631e-02,0.000000000000000000e+00
1.800000000000000113e-04,1.000000000000000082e-05,0.000000000000000000e+00,0.000000000000000000e+00
1.800000000000000113e-04,1.000000000000000082e-05,0.000000000000000000e+00,0.000000000000000000e+00
-7.500000000000000156e-04,1.499999999999999869e-04,-4.529088282248873486e-04,0.000000000000000000e+00
0.000000000000000000e+00,1.000000000000000082e-05,-1.398169717403569001e-04,0.000000000000000000e+00
0.000000000000000000e+00,1.000000000000000082e-05,-1.398169717403569001e-04,0.000000000000000000e+00
4.800000000000000122e-04,-5.000000000000000240e-05,-4.016674759621843263e-05,0.000000000000000000e+00
4.800000000000000122e-04,-5.000000000000000240e-05,-4.016674759621843263e-05,0.000000000000000000e+00
1.299999999999999886e-04,-1.000000000000000082e-05,2.601563858188528800e-04,0.000000000000000000e+00
1.299999999999999886e-04,-1.000000000000000082e-05,2.601563858188528800e-04,0.000000000000000000e+00
2.000000000000000096e-04,1.000000000000000082e-05,-9.110136791118462530e-05,0.000000000000000000e+00
3.000000000000000076e-05,2.300000000000000070e-04,1.350388542510457240e-03,0.000000000000000000e+00
3.000000000000000076e-05,2.300000000000000070e-04,1.350388542510457240e-03,0.000000000000000000e+00
2.289999999999999935e-03,-1.399999999999999877e-04,-8.946875287373955762e-04,0.000000000000000000e+00
2.289999999999999935e-03,-1.399999999999999877e-04,-8.946875287373955762e-04,0.000000000000000000e+00
7.069999999999999896e-03,-3.800000000000000209e-04,-2.988639620860025683e-03,0.000000000000000000e+00
7.440000000000000432e-03,-4.000000000000000192e-04,-3.143266790896198822e-03,0.000000000000000000e+00
1.102999999999999987e-02,-1.700000000000000122e-04,-8.294580183297649376e-04,0.000000000000000000e+00
1.745999999999999983e-02,-9.000000000000000567e-05,-8.874098399879847953e-04,0.000000000000000000e+00
1.745999999999999983e-02,-9.000000000000000567e-05,-8.874098399879847953e-04,0.000000000000000000e+00
2.969000000000000111e-02,-4.899999999999999842e-04,-2.326716596450691403e-04,0.000000000000000000e+00
2.969000000000000111e-02,-4.899999999999999842e-04,-2.326716596450691403e-04,0.000000000000000000e+00
3.830000000000000071e-02,-3.400000000000000244e-04,-1.545118723096245046e-03,0.000000000000000000e+00
4.696000000000000174e-02,4.000000000000000327e-05,-3.697604049658918314e-04,0.000000000000000000e+00
4.696000000000000174e-02,4.000000000000000327e-05,-3.697604049658918314e-04,0.000000000000000000e+00
5.841999999999999971e-02,-2.000000000000000096e-04,-4.467624467687301981e-03,0.000000000000000000e+00
5.841999999999999971e-02,-2.000000000000000096e-04,-4.467624467687301981e-03,0.000000000000000000e+00
7.001999999999999891e-02,9.000000000000000567e-05,-1.201600279307094097e-03,0.000000000000000000e+00
7.001999999999999891e-02,9.000000000000000567e-05,-1.201600279307094097e-03,0.000000000000000000e+00
8.427999999999999381e-02,-2.400000000000000061e-04,-8.357624319367449282e-04,0.000000000000000000e+00
8.534999999999999531e-02,-2.700000000000000035e-04,-8.273361377121638514e-04,0.000000000000000000e+00
1.007300000000000001e-01,-5.599999999999999509e-04,-3.209319848666321437e-04,0.000000000000000000e+00
1.150800000000000017e-01,-4.299999999999999894e-04,-1.301331601660070478e-03,0.000000000000000000e+00
1.150800000000000017e-01,-4.299999999999999894e-04,-1.301331601660070478e-03,0.000000000000000000e+00
1.269599999999999895e-01,-1.399999999999999877e-04,-1.027555866279705179e-03,0.000000000000000000e+00
1.269599999999999895e-01,-1.399999999999999877e-04,-1.027555866279705179e-03,0.000000000000000000e+00
1.431499999999999995e-01,-4.000000000000000192e-04,-4.938719067145482802e-04,0.000000000000000000e+00
1.596499999999999864e-01,-9.399999999999999719e-04,-2.829748574412489347e-04,0.000000000000000000e+00
1.596499999999999864e-01,-9.399999999999999719e-04,-2.829748574412489347e-04,0.000000000000000000e+00
1.746399999999999897e-01,-1.190000000000000085e-03,1.293371956622704419e-03,0.000000000000000000e+00
1.746399999999999897e-01,-1.190000000000000085e-03,1.293371956622704419e-03,0.000000000000000000e+00
1.875100000000000100e-01,-1.330000000000000019e-03,-1.589984178153413695e-03,0.000000000000000000e+00
2.015000000000000124e-01,-1.760000000000000063e-03,-3.984944469046848049e-03,0.000000000000000000e+00
2.015000000000000124e-01,-1.760000000000000063e-03,-3.984944469046848049e-03,0.000000000000000000e+00
2.210600000000000065e-01,-2.540000000000000157e-03,-1.827362428620243591e-03,0.000000000000000000e+00
2.210600000000000065e-01,-2.540000000000000157e-03,-1.827362428620243591e-03,0.000000000000000000e+00
2.210600000000000065e-01,-2.540000000000000157e-03,-1.827362428620243591e-03,0.000000000000000000e+00
2.459699999999999942e-01,-1.440000000000000091e-03,2.033732098074979462e-03,0.000000000000000000e+00
2.593199999999999950e-01,-1.350000000000000071e-03,4.154855534856599707e-04,0.000000000000000000e+00
2.747800000000000242e-01,-1.010000000000000047e-03,9.919304398970068670e-04,0.000000000000000000e+00
2.747800000000000242e-01,-1.010000000000000047e-03,9.919304398970068670e-04,0.000000000000000000e+00
2.881799999999999917e-01,-7.299999999999999632e-04,1.040235183405548484e-04,0.000000000000000000e+00
2.881799999999999917e-01,-7.299999999999999632e-04,1.040235183405548484e-04,0.000000000000000000e+00
3.062699999999999867e-01,-1.180000000000000059e-03,-3.735311643989082820e-03,0.000000000000000000e+00
3.225100000000000189e-01,-1.639999999999999965e-03,-5.849848151920428001e-03,0.000000000000000000e+00
3.225100000000000189e-01,-1.639999999999999965e-03,-5.849848151920428001e-03,0.000000000000000000e+00
3.378099999999999992e-01,-1.330000000000000019e-03,-5.750417664889502685e-03,0.000000000000000000e+00
3.378099999999999992e-01,-1.330000000000000019e-03,-5.750417664889502685e-03,0.000000000000000000e+00
3.531900000000000039e-01,-1.049999999999999935e-03,-8.323562012675362123e-03,0.000000000000000000e+00
3.680399999999999783e-01,-7.900000000000000121e-04,-6.696382376027015804e-03,0.000000000000000000e+00
3.680399999999999783e-01,-7.900000000000000121e-04,-6.696382376027015804e-03,0.000000000000000000e+00
3.852099999999999969e-01,-1.280000000000000105e-03,-3.554775979474504143e-03,0.000000000000000000e+00
3.852099999999999969e-01,-1.280000000000000105e-03,-3.554775979474504143e-03,0.000000000000000000e+00
4.002399999999999847e-01,-1.660000000000000017e-03,-3.396632430770408616e-03,0.000000000000000000e+00
4.013800000000000145e-01,-1.690000000000000096e-03,-3.402133247627895513e-03,0.000000000000000000e+00
4.156699999999999839e-01,-2.099999999999999870e-03,-2.156709845226283204e-03,0.000000000000000000e+00
4.308500000000000107e-01,-2.680000000000000090e-03,-2.729068272976754340e-03,0.000000000000000000e+00
4.308500000000000107e-01,-2.680000000000000090e-03,-2.729068272976754340e-03,0.000000000000000000e+00
4.479899999999999993e-01,-3.330000000000000061e-03,-4.867624514688490694e-03,0.000000000000000000e+00
4.479899999999999993e-01,-3.330000000000000061e-03,-4.867624514688490694e-03,0.000000000000000000e+00
4.639900000000000135e-01,-3.530000000000000152e-03,-3.268376925472797276e-03,0.000000000000000000e+00
4.798299999999999788e-01,-3.530000000000000152e-03,-6.788556134529468572e-03,0.000000000000000000e+00
4.798299999999999788e-01,-3.530000000000000152e-03,-6.788556134529468572e-03,0.000000000000000000e+00
4.953199999999999825e-01,-3.559999999999999797e-03,-7.031798313887259629e-03,0.000000000000000000e+00
4.953199999999999825e-01,-3.559999999999999797e-03,-7.031798313887259629e-03,0.000000000000000000e+00
5.110500000000000043e-01,-3.919999999999999873e-03,-7.771107315568854222e-03,0.000000000000000000e+00
5.110500000000000043e-01,-3.919999999999999873e-03,-7.771107315568854222e-03,0.000000000000000000e+00
5.245800000000000463e-01,-3.710000000000000190e-03,-8.158685591213960323e-03,0.000000000000000000e+00
5.427100000000000257e-01,-3.969999999999999571e-03,-1.026540315079786138e-02,0.000000000000000000e+00
5.427100000000000257e-01,-3.969999999999999571e-03,-1.026540315079786138e-02,0.000000000000000000e+00
5.564000000000000057e-01,-3.690000000000000138e-03,-1.058694425242043269e-02,0.000000000000000000e+00
5.749400000000000066e-01,-3.980000000000000031e-03,-8.851153054634020023e-03,0.000000000000000000e+00
5.749400000000000066e-01,-3.980000000000000031e-03,-8.851153054634020023e-03,0.000000000000000000e+00
5.890100000000000335e-01,-3.559999999999999797e-03,-6.798886633629436758e-03,0.000000000000000000e+00
5.890100000000000335e-01,-3.559999999999999797e-03,-6.798886633629436758e-03,0.000000000000000000e+00
6.052100000000000257e-01,-3.950000000000000386e-03,-4.798521127045430636e-03,0.000000000000000000e+00
6.190799999999999637e-01,-4.000000000000000083e-03,-3.318090020048743150e-03,0.000000000000000000e+00
6.190799999999999637e-01,-4.000000000000000083e-03,-3.318090020048743150e-03,0.000000000000000000e+00
6.381200000000000205e-01,-4.980000000000000052e-03,-3.179045434833575531e-03,0.000000000000000000e+00
6.381200000000000205e-01,-4.980000000000000052e-03,-3.179045434833575531e-03,0.000000000000000000e+00
6.522099999999999564e-01,-5.409999999999999878e-03,-5.729329478449799763e-03,0.000000000000000000e+00
6.687699999999999756e-01,-5.980000000000000072e-03,-5.983996809387836374e-03,0.000000000000000000e+00
6.687699999999999756e-01,-5.980000000000000072e-03,-5.983996809387836374e-03,0.000000000000000000e+00
6.855299999999999727e-01,-6.320000000000000097e-03,-7.997232458910949124e-03,0.000000000000000000e+00
6.855299999999999727e-01,-6.320000000000000097e-03,-7.997232458910949124e-03,0.000000000000000000e+00
6.996900000000000341e-01,-6.309999999999999637e-03,-8.656280428455127851e-03,0.000000000000000000e+00
7.168299999999999672e-01,-6.369999999999999794e-03,-8.362385648895975104e-03,0.000000000000000000e+00
7.168299999999999672e-01,-6.369999999999999794e-03,-8.362385648895975104e-03,0.000000000000000000e+00
7.282100000000000239e-01,-6.179999999999999730e-03,-9.396681777624244988e-03,0.000000000000000000e+00
7.282100000000000239e-01,-6.179999999999999730e-03,-9.396681777624244988e-03,0.000000000000000000e+00
7.478000000000000203e-01,-6.939999999999999988e-03,-9.885150191286093402e-03,0.000000000000000000e+00
7.628399999999999626e-01,-7.000000000000000146e-03,-1.038456537217832994e-02,0.000000000000000000e+00
7.628399999999999626e-01,-7.000000000000000146e-03,-1.038456537217832994e-02,0.000000000000000000e+00
7.832900000000000418e-01,-7.119999999999999593e-03,-9.769019108288526029e-03,0.000000000000000000e+00
7.832900000000000418e-01,-7.119999999999999593e-03,-9.769019108288526029e-03,0.000000000000000000e+00
7.951200000000000490e-01,-6.740000000000000331e-03,-1.067530905888761268e-02,0.000000000000000000e+00
8.126700000000000035e-01,-6.899999999999999883e-03,-8.279886204378745021e-03,0.000000000000000000e+00
8.126700000000000035e-01,-6.899999999999999883e-03,-8.279886204378745021e-03,0.000000000000000000e+00
8.243599999999999817e-01,-6.819999999999999674e-03,-8.725716309742895943e-03,0.000000000000000000e+00
8.243599999999999817e-01,-6.819999999999999674e-03,-8.725716309742895943e-03,0.000000000000000000e+00
8.451800000000000423e-01,-7.590000000000000392e-03,-8.918312892831584127e-03,0.000000000000000000e+00
8.469499999999999806e-01,-7.660000000000000142e-03,-8.930660605976139046e-03,0.000000000000000000e+00
8.637700000000000378e-01,-8.510000000000000203e-03,-1.151877118805302858e-02,0.000000000000000000e+00
8.792200000000000015e-01,-9.249999999999999542e-03,-1.237918535637334665e-02,0.000000000000000000e+00
8.792200000000000015e-01,-9.249999999999999542e-03,-1.237918535637334665e-02,0.000000000000000000e+00
8.937699999999999534e-01,-9.839999999999999789e-03,-1.242945793089740396e-02,0.000000000000000000e+00
8.949399999999999578e-01,-9.889999999999999486e-03,-1.243080402850092053e-02,0.000000000000000000e+00
9.055600000000000316e-01,-9.939999999999999183e-03,-1.319072074710743100e-02,0.000000000000000000e+00
9.204799999999999649e-01,-1.004000000000000031e-02,-1.339477971234018065e-02,0.000000000000000000e+00
9.204799999999999649e-01,-1.004000000000000031e-02,-1.339477971234018065e-02,0.000000000000000000e+00
9.391599999999999948e-01,-1.060999999999999964e-02,-1.369779426728818736e-02,0.000000000000000000e+00
9.405299999999999772e-01,-1.064999999999999974e-02,-1.372071987784640422e-02,0.000000000000000000e+00
9.544599999999999751e-01,-1.078999999999999924e-02,-1.418421181193747424e-02,0.000000000000000000e+00
9.695899999999999519e-01,-1.128999999999999969e-02,-1.674106081708248012e-02,0.000000000000000000e+00
9.695899999999999519e-01,-1.128999999999999969e-02,-1.674106081708248012e-02,0.000000000000000000e+00
9.888200000000000323e-01,-1.192000000000000004e-02,-1.726385931860959996e-02,0.000000000000000000e+00
9.903100000000000236e-01,-1.196999999999999974e-02,-1.728885026233559566e-02,0.000000000000000000e+00
1.004529999999999923e+00,-1.192000000000000004e-02,-1.769569136504601028e-02,0.000000000000000000e+00
1.020119999999999916e+00,-1.186000000000000075e-02,-1.782470185391830247e-02,0.000000000000000000e+00
1.020119999999999916e+00,-1.186000000000000075e-02,-1.782470185391830247e-02,0.000000000000000000e+00
1.035900000000000043e+00,-1.200000000000000025e-02,-1.547020903516554101e-02,0.000000000000000000e+00
1.037050000000000027e+00,-1.200999999999999984e-02,-1.528399846703994494e-02,0.000000000000000000e+00
1.055600000000000094e+00,-1.264999999999999979e-02,-1.558773156606080811e-02,0.000000000000000000e+00
1.067930000000000046e+00,-1.293000000000000052e-02,-1.375933658482316087e-02,0.000000000000000000e+00
1.067930000000000046e+00,-1.293000000000000052e-02,-1.375933658482316087e-02,0.000000000000000000e+00
1.087539999999999951e+00,-1.349999999999999985e-02,-1.395634375975564161e-02,0.000000000000000000e+00
1.089210000000000012e+00,-1.354999999999999954e-02,-1.398896073701228447e-02,0.000000000000000000e+00
1.104249999999999954e+00,-1.450000000000000074e-02,-1.691499809764297410e-02,0.000000000000000000e+00
1.105450000000000044e+00,-1.457999999999999921e-02,-1.714821714896365770e-02,0.000000000000000000e+00
1.116319999999999979e+00,-1.523000000000000048e-02,-1.743089918113459660e-02,0.000000000000000000e+00
1.131990000000000052e+00,-1.572000000000000133e-02,-2.269936899378484363e-02,0.000000000000000000e+00
1.133040000000000047e+00,-1.575999999999999970e-02,-2.306772339438516520e-02,0.000000000000000000e+00
1.148209999999999953e+00,-1.585999999999999910e-02,-2.081442034500784882e-02,0.000000000000000000e+00
1.149380000000000068e+00,-1.586999999999999869e-02,-2.064083876468672182e-02,0.000000000000000000e+00
1.169110000000000094e+00,-1.659000000000000058e-02,-1.803605847871886728e-02,0.000000000000000000e+00
1.181510000000000060e+00,-1.693000000000000060e-02,-2.093128628104396274e-02,0.000000000000000000e+00
1.182379999999999987e+00,-1.694999999999999979e-02,-2.117866378197178628e-02,0.000000000000000000e+00
1.197640000000000038e+00,-1.748999999999999860e-02,-2.143694790638377493e-02,0.000000000000000000e+00
1.214080000000000048e+00,-1.786000000000000087e-02,-2.429926702034353181e-02,0.000000000000000000e+00
1.214080000000000048e+00,-1.786000000000000087e-02,-2.429926702034353181e-02,0.000000000000000000e+00
1.230750000000000011e+00,-1.786000000000000087e-02,-2.475764524030674846e-02,0.000000000000000000e+00
1.230750000000000011e+00,-1.786000000000000087e-02,-2.475764524030674846e-02,0.000000000000000000e+00
1.247870000000000035e+00,-1.779000000000000026e-02,-2.271670505006798471e-02,0.000000000000000000e+00
1.260059999999999958e+00,-1.784000000000000169e-02,-2.264185180156035385e-02,0.000000000000000000e+00
1.260059999999999958e+00,-1.784000000000000169e-02,-2.264185180156035385e-02,0.000000000000000000e+00
1.281740000000000101e+00,-1.864000000000000032e-02,-2.000113550891557609e-02,0.000000000000000000e+00
1.281740000000000101e+00,-1.864000000000000032e-02,-2.000113550891557609e-02,0.000000000000000000e+00
1.294359999999999955e+00,-1.916999999999999954e-02,-2.050693933860666882e-02,0.000000000000000000e+00
1.311490000000000045e+00,-1.992999999999999980e-02,-2.126168184692067697e-02,0.000000000000000000e+00
1.311490000000000045e+00,-1.992999999999999980e-02,-2.126168184692067697e-02,0.000000000000000000e+00
1.328810000000000047e+00,-2.088999999999999885e-02,-2.408925865037004482e-02,0.000000000000000000e+00
1.328810000000000047e+00,-2.088999999999999885e-02,-2.408925865037004482e-02,0.000000000000000000e+00
1.346589999999999954e+00,-2.191999999999999851e-02,-2.215586446741777890e-02,0.000000000000000000e+00
1.354179999999999939e+00,-2.219000000000000139e-02,-2.226043492900980914e-02,0.000000000000000000e+00
1.354179999999999939e+00,-2.219000000000000139e-02,-2.226043492900980914e-02,0.000000000000000000e+00
1.371059999999999945e+00,-2.262000000000000122e-02,-2.281330721083574958e-02,0.000000000000000000e+00
1.371059999999999945e+00,-2.262000000000000122e-02,-2.281330721083574958e-02,0.000000000000000000e+00
1.388959999999999972e+00,-2.282000000000000001e-02,-2.299869051093295438e-02,0.000000000000000000e+00
1.406570000000000098e+00,-2.330000000000000127e-02,-2.292249459867546843e-02,0.000000000000000000e+00
1.406570000000000098e+00,-2.330000000000000127e-02,-2.292249459867546843e-02,0.000000000000000000e+00
1.424560000000000048e+00,-2.376999999999999946e-02,-2.345614512580935715e-02,0.000000000000000000e+00
1.424560000000000048e+00,-2.376999999999999946e-02,-2.345614512580935715e-02,0.000000000000000000e+00
1.437170000000000059e+00,-2.400000000000000050e-02,-2.640012945314976212e-02,0.000000000000000000e+00
1.460509999999999975e+00,-2.451000000000000054e-02,-2.382791746053048929e-02,0.000000000000000000e+00
1.460509999999999975e+00,-2.451000000000000054e-02,-2.382791746053048929e-02,0.000000000000000000e+00
1.479670000000000041e+00,-2.475000000000000117e-02,-2.120992564943925685e-02,0.000000000000000000e+00
1.479670000000000041e+00,-2.475000000000000117e-02,-2.120992564943925685e-02,0.000000000000000000e+00
1.486949999999999994e+00,-2.426999999999999991e-02,-2.144061970209285017e-02,0.000000000000000000e+00
1.504580000000000028e+00,-2.510000000000000078e-02,-2.170383580137394061e-02,0.000000000000000000e+00
1.504580000000000028e+00,-2.510000000000000078e-02,-2.170383580137394061e-02,0.000000000000000000e+00
1.517069999999999919e+00,-2.552000000000000102e-02,-2.441692585491739287e-02,0.000000000000000000e+00
1.517069999999999919e+00,-2.552000000000000102e-02,-2.441692585491739287e-02,0.000000000000000000e+00
1.535239999999999938e+00,-2.605999999999999983e-02,-2.530505616210372219e-02,0.000000000000000000e+00
1.535239999999999938e+00,-2.605999999999999983e-02,-2.530505616210372219e-02,0.000000000000000000e+00
1.560910000000000020e+00,-2.884000000000000105e-02,-2.590548871983262835e-02,0.000000000000000000e+00
1.560910000000000020e+00,-2.884000000000000105e-02,-2.590548871983262835e-02,0.000000000000000000e+00
1.580379999999999896e+00,-2.987000000000000072e-02,-2.627791360943735818e-02,0.000000000000000000e+00
1.599699999999999900e+00,-3.051999999999999852e-02,-2.657542964120068046e-02,0.000000000000000000e+00
1.599699999999999900e+00,-3.051999999999999852e-02,-2.657542964120068046e-02,0.000000000000000000e+00
1.607229999999999936e+00,-3.007999999999999910e-02,-2.671015951064929783e-02,0.000000000000000000e+00
1.607229999999999936e+00,-3.007999999999999910e-02,-2.671015951064929783e-02,0.000000000000000000e+00
1.637550000000000061e+00,-3.021000000000000074e-02,-2.422366052026819760e-02,0.000000000000000000e+00
1.637550000000000061e+00,-3.021000000000000074e-02,-2.422366052026819760e-02,0.000000000000000000e+00
1.652549999999999963e+00,-3.060999999999999832e-02,-2.472575769875145352e-02,0.000000000000000000e+00
1.671159999999999979e+00,-3.108999999999999958e-02,-3.062548230604611108e-02,0.000000000000000000e+00
1.671159999999999979e+00,-3.108999999999999958e-02,-3.062548230604611108e-02,0.000000000000000000e+00
1.684819999999999984e+00,-3.096000000000000141e-02,-2.827378207355163431e-02,0.000000000000000000e+00
1.684819999999999984e+00,-3.096000000000000141e-02,-2.827378207355163431e-02,0.000000000000000000e+00
1.698309999999999986e+00,-3.080000000000000099e-02,-2.597057664896006840e-02,0.000000000000000000e+00
1.717589999999999950e+00,-3.126000000000000306e-02,-2.530297976104404004e-02,0.000000000000000000e+00
1.717589999999999950e+00,-3.126000000000000306e-02,-2.530297976104404004e-02,0.000000000000000000e+00
1.738099999999999978e+00,-3.225999999999999701e-02,-2.595493683720805772e-02,0.000000000000000000e+00
1.738099999999999978e+00,-3.225999999999999701e-02,-2.595493683720805772e-02,0.000000000000000000e+00
1.751779999999999893e+00,-3.264000000000000234e-02,-2.582056063199663146e-02,0.000000000000000000e+00
1.758899999999999908e+00,-3.305000000000000299e-02,-2.678863413624350126e-02,0.000000000000000000e+00
1.758899999999999908e+00,-3.305000000000000299e-02,-2.678863413624350126e-02,0.000000000000000000e+00
1.778999999999999915e+00,-3.434000000000000247e-02,-2.695582375814428028e-02,0.000000000000000000e+00
1.778999999999999915e+00,-3.434000000000000247e-02,-2.695582375814428028e-02,0.000000000000000000e+00
1.792359999999999953e+00,-3.511000000000000232e-02,-3.061037614077754751e-02,0.000000000000000000e+00
1.793379999999999974e+00,-3.516999999999999987e-02,-3.092362030184378843e-02,0.000000000000000000e+00
1.812889999999999890e+00,-3.618999999999999995e-02,-3.098744491727529679e-02,0.000000000000000000e+00
1.827439999999999953e+00,-3.672000000000000264e-02,-2.831391529469973189e-02,0.000000000000000000e+00
1.827439999999999953e+00,-3.672000000000000264e-02,-2.831391529469973189e-02,0.000000000000000000e+00
1.847820000000000018e+00,-3.751999999999999780e-02,-3.121787671220567148e-02,0.000000000000000000e+00
1.847820000000000018e+00,-3.751999999999999780e-02,-3.121787671220567148e-02,0.000000000000000000e+00
1.862510000000000110e+00,-3.765999999999999903e-02,-2.874622278134429665e-02,0.000000000000000000e+00
1.875869999999999926e+00,-3.808999999999999886e-02,-3.216119128427138291e-02,0.000000000000000000e+00
1.875869999999999926e+00,-3.808999999999999886e-02,-3.216119128427138291e-02,0.000000000000000000e+00
1.889769999999999950e+00,-3.867999999999999911e-02,-3.295806440031958523e-02,0.000000000000000000e+00
1.889769999999999950e+00,-3.867999999999999911e-02,-3.295806440031958523e-02,0.000000000000000000e+00
1.910779999999999923e+00,-3.948999999999999733e-02,-3.268314626781969323e-02,0.000000000000000000e+00
1.917689999999999895e+00,-3.946000000000000202e-02,-3.320907278950623043e-02,0.000000000000000000e+00
1.917689999999999895e+00,-3.946000000000000202e-02,-3.320907278950623043e-02,0.000000000000000000e+00
1.937889999999999890e+00,-3.969999999999999918e-02,-3.385426206194656895e-02,0.000000000000000000e+00
1.937889999999999890e+00,-3.969999999999999918e-02,-3.385426206194656895e-02,0.000000000000000000e+00
1.959430000000000005e+00,-4.095000000000000029e-02,-3.404810854025009520e-02,0.000000000000000000e+00
1.961279999999999912e+00,-4.105999999999999928e-02,-3.406179789247992112e-02,0.000000000000000000e+00
1.973149999999999959e+00,-4.175000000000000239e-02,-3.107975402320824546e-02,0.000000000000000000e+00
1.985740000000000061e+00,-4.220000000000000140e-02,-3.130343843959291356e-02,0.000000000000000000e+00
1.985740000000000061e+00,-4.220000000000000140e-02,-3.130343843959291356e-02,0.000000000000000000e+00
1.990259999999999918e+00,-4.270999999999999797e-02,-3.174396032461640482e-02,0.000000000000000000e+00
1.990259999999999918e+00,-4.270999999999999797e-02,-3.174396032461640482e-02,0.000000000000000000e+00
1.990529999999999911e+00,-4.275000000000000328e-02,-3.177332344634630629e-02,0.000000000000000000e+00
2.012030000000000207e+00,-4.395999999999999908e-02,-3.505014426325621379e-02,0.000000000000000000e+00
2.012030000000000207e+00,-4.395999999999999908e-02,-3.505014426325621379e-02,0.000000000000000000e+00
2.007369999999999877e+00,-4.381000000000000172e-02,-3.544294415864238795e-02,0.000000000000000000e+00
2.007369999999999877e+00,-4.381000000000000172e-02,-3.544294415864238795e-02,0.000000000000000000e+00
2.024480000000000057e+00,-4.494999999999999690e-02,-3.540609622431041548e-02,0.000000000000000000e+00
2.026069999999999816e+00,-4.506000000000000283e-02,-3.539882305496487580e-02,0.000000000000000000e+00
2.019359999999999822e+00,-4.479999999999999954e-02,-3.878277763930738919e-02,0.000000000000000000e+00
2.019829999999999792e+00,-4.460999999999999688e-02,-3.903569333209244707e-02,0.000000000000000000e+00
2.019829999999999792e+00,-4.460999999999999688e-02,-3.903569333209244707e-02,0.000000000000000000e+00
2.029220000000000024e+00,-4.499999999999999833e-02,-3.585487543500176510e-02,0.000000000000000000e+00
2.029990000000000183e+00,-4.503000000000000058e-02,-3.559280729442045044e-02,0.000000000000000000e+00
2.030079999999999885e+00,-4.574000000000000288e-02,-3.908394862304449130e-02,0.000000000000000000e+00
2.030800000000000161e+00,-4.585999999999999799e-02,-3.641688160356114368e-02,0.000000000000000000e+00
2.030800000000000161e+00,-4.585999999999999799e-02,-3.641688160356114368e-02,0.000000000000000000e+00
2.038530000000000175e+00,-4.589000000000000024e-02,-3.856914937224136669e-02,0.000000000000000000e+00
2.038530000000000175e+00,-4.589000000000000024e-02,-3.856914937224136669e-02,0.000000000000000000e+00
2.030889999999999862e+00,-4.549999999999999878e-02,-3.927545840943145322e-02,0.000000000000000000e+00
2.030549999999999855e+00,-4.558999999999999858e-02,-3.634710963028688763e-02,0.000000000000000000e+00
2.030549999999999855e+00,-4.558999999999999858e-02,-3.634710963028688763e-02,0.000000000000000000e+00
2.030009999999999870e+00,-4.549999999999999878e-02,-3.901235900766123615e-02,0.000000000000000000e+00
2.030009999999999870e+00,-4.549999999999999878e-02,-3.901235900766123615e-02,0.000000000000000000e+00
2.030100000000000016e+00,-4.549999999999999878e-02,-3.933084591326000551e-02,0.000000000000000000e+00
2.030100000000000016e+00,-4.549999999999999878e-02,-3.933084591326000551e-02,0.000000000000000000e+00
2.029970000000000052e+00,-4.549000000000000266e-02,-3.933014410412764839e-02,0.000000000000000000e+00
2.029949999999999921e+00,-4.549000000000000266e-02,-3.933007909394047735e-02,0.000000000000000000e+00
2.029949999999999921e+00,-4.549000000000000266e-02,-3.933007909394047735e-02,0.000000000000000000e+00
2.038499999999999979e+00,-4.615999999999999964e-02,-3.632529666001351604e-02,0.000000000000000000e+00
2.038499999999999979e+00,-4.615999999999999964e-02,-3.632529666001351604e-02,0.000000000000000000e+00
2.031179999999999986e+00,-4.580000000000000043e-02,-3.620965839998743080e-02,0.000000000000000000e+00
2.030489999999999906e+00,-4.576000000000000206e-02,-3.622277060666873744e-02,0.000000000000000000e+00
2.029990000000000183e+00,-4.551000000000000184e-02,-3.908748173629215950e-02,0.000000000000000000e+00
2.038520000000000110e+00,-4.587999999999999717e-02,-3.625852893195669752e-02,0.000000000000000000e+00
2.038520000000000110e+00,-4.587999999999999717e-02,-3.625852893195669752e-02,0.000000000000000000e+00
2.039260000000000073e+00,-4.590999999999999942e-02,-3.599512966343416942e-02,0.000000000000000000e+00
2.039149999999999796e+00,-4.619000000000000189e-02,-3.605905723258662904e-02,0.000000000000000000e+00
2.030769999999999964e+00,-4.556999999999999940e-02,-3.940234684334679299e-02,0.000000000000000000e+00
2.030009999999999870e+00,-4.551000000000000184e-02,-3.970804169250086862e-02,0.000000000000000000e+00
2.030079999999999885e+00,-4.549000000000000266e-02,-3.935770901240358277e-02,0.000000000000000000e+00
1.600000000000000131e-04,-2.000000000000000164e-05,0.000000000000000000e+00,0.000000000000000000e+00
1.600000000000000131e-04,-2.000000000000000164e-05,0.000000000000000000e+00,0.000000000000000000e+00
2.999999999999999737e-04,8.000000000000000654e-05,-1.256128288754663862e-03,0.000000000000000000e+00
3.099999999999999999e-04,8.000000000000000654e-05,-1.373966639277396980e-03,0.000000000000000000e+00
1.900000000000000105e-04,-6.000000000000000152e-05,-1.079098722309232298e-03,0.000000000000000000e+00
-1.010000000000000047e-03,1.100000000000000039e-04,4.336968121196674297e-05,0.000000000000000000e+00
-1.010000000000000047e-03,1.100000000000000039e-04,4.336968121196674297e-05,0.000000000000000000e+00
-1.119999999999999902e-03,5.000000000000000240e-05,2.410183568547001566e-04,0.000000000000000000e+00
-1.119999999999999902e-03,5.000000000000000240e-05,2.410183568547001566e-04,0.000000000000000000e+00
2.100000000000000087e-04,-6.999999999999999387e-05,-1.318408715900933016e-03,0.000000000000000000e+00
3.200000000000000262e-04,-8.000000000000000654e-05,-1.449992426835601143e-03,0.000000000000000000e+00
-8.499999999999999526e-04,2.000000000000000096e-04,-1.327804617372961484e-03,0.000000000000000000e+00
-2.200000000000000078e-04,5.000000000000000240e-05,-8.769710568746807901e-05,0.000000000000000000e+00
-2.200000000000000078e-04,5.000000000000000240e-05,-8.769710568746807901e-05,0.000000000000000000e+00
1.180000000000000059e-03,-3.000000000000000076e-05,6.487033670578354469e-04,0.000000000000000000e+00
1.180000000000000059e-03,-3.000000000000000076e-05,6.487033670578354469e-04,0.000000000000000000e+00
4.910000000000000302e-03,-4.899999999999999842e-04,-5.129299698686249406e-04,0.000000000000000000e+00
4.910000000000000302e-03,-4.899999999999999842e-04,-5.129299698686249406e-04,0.000000000000000000e+00
7.849999999999999339e-03,-2.999999999999999737e-04,-1.146889344119611390e-03,0.000000000000000000e+00
7.849999999999999339e-03,-2.999999999999999737e-04,-1.146889344119611390e-03,0.000000000000000000e+00
1.271000000000000081e-02,-4.499999999999999877e-04,-1.717237509114835723e-03,0.000000000000000000e+00
1.271000000000000081e-02,-4.499999999999999877e-04,-1.717237509114835723e-03,0.000000000000000000e+00
1.824999999999999886e-02,1.200000000000000030e-04,-1.786255452437779563e-03,0.000000000000000000e+00
3.107999999999999999e-02,-5.999999999999999474e-04,2.225872525979979673e-04,0.000000000000000000e+00
3.198000000000000148e-02,-6.599999999999999964e-04,3.644084218265426474e-04,0.000000000000000000e+00
4.299000000000000044e-02,-9.200000000000000278e-04,1.432647573308219041e-04,0.000000000000000000e+00
4.376000000000000029e-02,-9.399999999999999719e-04,1.281552785061410233e-04,0.000000000000000000e+00
2.781000000000000139e-02,2.340000000000000066e-03,4.453682686789892098e-02,0.000000000000000000e+00
5.104999999999999816e-02,-8.400000000000000348e-04,5.488294134739115510e-02,0.000000000000000000e+00
6.555999999999999328e-02,1.100000000000000066e-03,8.032090772382092505e-04,0.000000000000000000e+00
8.513999999999999346e-02,2.799999999999999755e-04,-3.384151095704257626e-05,0.000000000000000000e+00
8.513999999999999346e-02,2.799999999999999755e-04,-3.384151095704257626e-05,0.000000000000000000e+00
9.761999999999999844e-02,6.599999999999999964e-04,-2.287566294173129858e-03,0.000000000000000000e+00
1.117199999999999999e-01,9.899999999999999946e-04,-2.555522508330809045e-03,0.000000000000000000e+00
1.117199999999999999e-01,9.899999999999999946e-04,-2.555522508330809045e-03,0.000000000000000000e+00
1.283499999999999919e-01,9.399999999999999719e-04,-8.916962428085822498e-04,0.000000000000000000e+00
1.283499999999999919e-01,9.399999999999999719e-04,-8.916962428085822498e-04,0.000000000000000000e+00
1.418600000000000139e-01,1.250000000000000026e-03,-5.675669419216249328e-04,0.000000000000000000e+00
1.568700000000000094e-01,9.399999999999999719e-04,7.814384553611557595e-04,0.000000000000000000e+00
1.568700000000000094e-01,9.399999999999999719e-04,7.814384553611557595e-04,0.000000000000000000e+00
1.708600000000000119e-01,1.000000000000000021e-03,-7.728806200977914606e-04,0.000000000000000000e+00
1.708600000000000119e-01,1.000000000000000021e-03,-7.728806200977914606e-04,0.000000000000000000e+00
1.875900000000000067e-01,3.499999999999999964e-04,-2.466631480715531129e-03,0.000000000000000000e+00
1.890799999999999981e-01,2.799999999999999755e-04,-2.608865808098895667e-03,0.000000000000000000e+00
2.022500000000000131e-01,-1.100000000000000039e-04,-3.191080816907942552e-03,0.000000000000000000e+00
2.174800000000000066e-01,-4.899999999999999842e-04,-4.234952382940927610e-04,0.000000000000000000e+00
2.174800000000000066e-01,-4.899999999999999842e-04,-4.234952382940927610e-04,0.000000000000000000e+00
2.365200000000000080e-01,-1.440000000000000091e-03,-2.408052979475921746e-03,0.000000000000000000e+00
2.365200000000000080e-01,-1.440000000000000091e-03,-2.408052979475921746e-03,0.000000000000000000e+00
2.513000000000000234e-01,-1.139999999999999954e-03,-1.114703468760438760e-03,0.000000000000000000e+00
2.524199999999999777e-01,-1.100000000000000066e-03,-9.910874023502493427e-04,0.000000000000000000e+00
2.641100000000000114e-01,-8.099999999999999561e-04,2.558771832436031830e-04,0.000000000000000000e+00
2.797399999999999887e-01,-8.700000000000000051e-04,-1.081246615932179942e-03,0.000000000000000000e+00
2.797399999999999887e-01,-8.700000000000000051e-04,-1.081246615932179942e-03,0.000000000000000000e+00
2.968399999999999928e-01,-9.799999999999999684e-04,-7.316902136444885900e-03,0.000000000000000000e+00
2.968399999999999928e-01,-9.799999999999999684e-04,-7.316902136444885900e-03,0.000000000000000000e+00
2.981400000000000161e-01,-1.010000000000000047e-03,-7.817994101529836606e-03,0.000000000000000000e+00
3.304099999999999815e-01,-1.209999999999999921e-03,-7.983393127421327048e-03,0.000000000000000000e+00
3.304099999999999815e-01,-1.209999999999999921e-03,-7.983393127421327048e-03,0.000000000000000000e+00
3.457600000000000118e-01,-7.399999999999999894e-04,-9.671919008680095881e-03,0.000000000000000000e+00
3.457600000000000118e-01,-7.399999999999999894e-04,-9.671919008680095881e-03,0.000000000000000000e+00
3.608700000000000241e-01,-9.300000000000000541e-04,-7.280451778674655421e-03,0.000000000000000000e+00
3.780200000000000227e-01,-1.119999999999999902e-03,-5.545079192782885642e-03,0.000000000000000000e+00
3.780200000000000227e-01,-1.119999999999999902e-03,-5.545079192782885642e-03,0.000000000000000000e+00
3.935299999999999909e-01,-1.319999999999999993e-03,-4.296573160259604778e-03,0.000000000000000000e+00
4.110800000000000010e-01,-1.709999999999999932e-03,-2.418142117382088719e-03,0.000000000000000000e+00
4.110800000000000010e-01,-1.709999999999999932e-03,-2.418142117382088719e-03,0.000000000000000000e+00
4.247600000000000264e-01,-2.060000000000000199e-03,-5.000713264056659731e-03,0.000000000000000000e+00
4.247600000000000264e-01,-2.060000000000000199e-03,-5.000713264056659731e-03,0.000000000000000000e+00
4.421100000000000030e-01,-3.050000000000000194e-03,-4.273894608904925917e-03,0.000000000000000000e+00
4.575199999999999823e-01,-3.520000000000000125e-03,-4.943183962806674964e-03,0.000000000000000000e+00
4.575199999999999823e-01,-3.520000000000000125e-03,-4.943183962806674964e-03,0.000000000000000000e+00
4.707399999999999918e-01,-3.059999999999999786e-03,-6.675478069153245944e-03,0.000000000000000000e+00
4.707399999999999918e-01,-3.059999999999999786e-03,-6.675478069153245944e-03,0.000000000000000000e+00
4.890399999999999747e-01,-3.299999999999999982e-03,-8.947589284415640928e-03,0.000000000000000000e+00
5.025899999999999812e-01,-3.360000000000000139e-03,-9.548455298372313799e-03,0.000000000000000000e+00
5.025899999999999812e-01,-3.360000000000000139e-03,-9.548455298372313799e-03,0.000000000000000000e+00
5.025899999999999812e-01,-3.360000000000000139e-03,-9.548455298372313799e-03,0.000000000000000000e+00
5.203299999999999592e-01,-3.969999999999999571e-03,-1.227612445169386397e-02,0.000000000000000000e+00
5.365199999999999969e-01,-3.880000000000000202e-03,-8.774556214640388124e-03,0.000000000000000000e+00
5.528499999999999526e-01,-4.029999999999999728e-03,-1.249626167297557267e-02,0.000000000000000000e+00
5.528499999999999526e-01,-4.029999999999999728e-03,-1.249626167297557267e-02,0.000000000000000000e+00
5.691399999999999793e-01,-3.910000000000000281e-03,-1.308705070739650360e-02,0.000000000000000000e+00
5.691399999999999793e-01,-3.910000000000000281e-03,-1.308705070739650360e-02,0.000000000000000000e+00
5.856999999999999984e-01,-4.069999999999999833e-03,-1.342978811885825463e-02,0.000000000000000000e+00
5.868900000000000228e-01,-4.089999999999999886e-03,-1.345477538292284836e-02,0.000000000000000000e+00
5.998299999999999743e-01,-3.789999999999999966e-03,-8.558839610852476618e-03,0.000000000000000000e+00
6.159099999999999575e-01,-4.420000000000000318e-03,-5.884202933764663516e-03,0.000000000000000000e+00
6.159099999999999575e-01,-4.420000000000000318e-03,-5.884202933764663516e-03,0.000000000000000000e+00
6.327399999999999691e-01,-4.619999999999999975e-03,-5.898232445936522732e-03,0.000000000000000000e+00
6.340200000000000280e-01,-4.629999999999999567e-03,-5.914502064155142437e-03,0.000000000000000000e+00
6.465699999999999781e-01,-5.009999999999999697e-03,-8.933521191902391370e-03,0.000000000000000000e+00
6.634700000000000042e-01,-5.980000000000000072e-03,-9.815969681009397221e-03,0.000000000000000000e+00
6.634700000000000042e-01,-5.980000000000000072e-03,-9.815969681009397221e-03,0.000000000000000000e+00
6.802300000000000013e-01,-6.519999999999999754e-03,-1.045883134760162807e-02,0.000000000000000000e+00
6.814599999999999547e-01,-6.550000000000000266e-03,-1.050572452611653156e-02,0.000000000000000000e+00
6.973700000000000454e-01,-6.910000000000000343e-03,-1.061919940913909517e-02,0.000000000000000000e+00
7.116400000000000503e-01,-6.899999999999999883e-03,-1.296927976751991243e-02,0.000000000000000000e+00
7.116400000000000503e-01,-6.899999999999999883e-03,-1.296927976751991243e-02,0.000000000000000000e+00
7.285700000000000509e-01,-6.919999999999999936e-03,-1.284346791984530833e-02,0.000000000000000000e+00
7.298099999999999588e-01,-6.919999999999999936e-03,-1.281940084120467525e-02,0.000000000000000000e+00
7.433800000000000407e-01,-7.340000000000000170e-03,-1.388583847911327440e-02,0.000000000000000000e+00
7.575300000000000367e-01,-7.309999999999999658e-03,-1.496084086710698473e-02,0.000000000000000000e+00
7.575300000000000367e-01,-7.309999999999999658e-03,-1.496084086710698473e-02,0.000000000000000000e+00
7.780299999999999994e-01,-7.729999999999999892e-03,-1.456309371596207006e-02,0.000000000000000000e+00
7.796199999999999797e-01,-7.769999999999999997e-03,-1.452337585299815284e-02,0.000000000000000000e+00
7.900700000000000500e-01,-7.199999999999999803e-03,-1.522282526222235206e-02,0.000000000000000000e+00
8.076200000000000045e-01,-7.440000000000000432e-03,-1.596828410822747138e-02,0.000000000000000000e+00
8.076200000000000045e-01,-7.440000000000000432e-03,-1.596828410822747138e-02,0.000000000000000000e+00
8.257400000000000295e-01,-7.810000000000000102e-03,-1.622176249034777348e-02,0.000000000000000000e+00
8.270800000000000374e-01,-7.839999999999999747e-03,-1.623772228990292762e-02,0.000000000000000000e+00
8.408799999999999608e-01,-8.210000000000000284e-03,-1.411189445160017028e-02,0.000000000000000000e+00
8.559099999999999486e-01,-8.500000000000000611e-03,-1.313445375425630404e-02,0.000000000000000000e+00
8.559099999999999486e-01,-8.500000000000000611e-03,-1.313445375425630404e-02,0.000000000000000000e+00
8.742199999999999971e-01,-9.249999999999999542e-03,-1.324314597661230622e-02,0.000000000000000000e+00
8.755800000000000249e-01,-9.299999999999999239e-03,-1.325763772883775844e-02,0.000000000000000000e+00
8.893400000000000194e-01,-1.018999999999999941e-02,-1.597791489593276132e-02,0.000000000000000000e+00
9.044600000000000417e-01,-1.085999999999999986e-02,-1.693158724370854434e-02,0.000000000000000000e+00
9.044600000000000417e-01,-1.085999999999999986e-02,-1.693158724370854434e-02,0.000000000000000000e+00
9.196499999999999675e-01,-1.105000000000000079e-02,-1.758172307402133122e-02,0.000000000000000000e+00
9.196499999999999675e-01,-1.105000000000000079e-02,-1.758172307402133122e-02,0.000000000000000000e+00
9.347199999999999953e-01,-1.144000000000000052e-02,-1.826899523471297096e-02,0.000000000000000000e+00
9.537600000000000522e-01,-1.184999999999999942e-02,-1.590569097930767672e-02,0.000000000000000000e+00
9.537600000000000522e-01,-1.184999999999999942e-02,-1.590569097930767672e-02,0.000000000000000000e+00
9.693699999999999539e-01,-1.221999999999999996e-02,-1.865047506717032455e-02,0.000000000000000000e+00
9.693699999999999539e-01,-1.221999999999999996e-02,-1.865047506717032455e-02,0.000000000000000000e+00
9.846099999999999852e-01,-1.255000000000000039e-02,-1.905986050449016631e-02,0.000000000000000000e+00
9.858200000000000296e-01,-1.256999999999999958e-02,-1.907691596999059463e-02,0.000000000000000000e+00
1.003940000000000055e+00,-1.290000000000000001e-02,-1.922628254050295568e-02,0.000000000000000000e+00
1.020080000000000098e+00,-1.293000000000000052e-02,-1.976626073076569873e-02,0.000000000000000000e+00
1.020080000000000098e+00,-1.293000000000000052e-02,-1.976626073076569873e-02,0.000000000000000000e+00
1.035590000000000011e+00,-1.295999999999999930e-02,-2.034366167684045421e-02,0.000000000000000000e+00
1.035590000000000011e+00,-1.295999999999999930e-02,-2.034366167684045421e-02,0.000000000000000000e+00
1.059949999999999948e+00,-1.498999999999999985e-02,-1.840501638240307769e-02,0.000000000000000000e+00
1.061660000000000048e+00,-1.514000000000000068e-02,-1.825994788600682900e-02,0.000000000000000000e+00
1.076470000000000038e+00,-1.536999999999999998e-02,-1.629222625419976880e-02,0.000000000000000000e+00
1.092300000000000049e+00,-1.615000000000000116e-02,-1.904410674353216801e-02,0.000000000000000000e+00
1.092300000000000049e+00,-1.615000000000000116e-02,-1.904410674353216801e-02,0.000000000000000000e+00
1.109110000000000040e+00,-1.717000000000000123e-02,-1.787397619576449118e-02,0.000000000000000000e+00
1.109110000000000040e+00,-1.717000000000000123e-02,-1.787397619576449118e-02,0.000000000000000000e+00
1.125029999999999974e+00,-1.796000000000000027e-02,-2.212183194709044926e-02,0.000000000000000000e+00
1.141599999999999948e+00,-1.835000000000000173e-02,-2.346671387079529020e-02,0.000000000000000000e+00
1.141599999999999948e+00,-1.835000000000000173e-02,-2.346671387079529020e-02,0.000000000000000000e+00
1.169289999999999941e+00,-1.827000000000000152e-02,-1.906003062032264259e-02,0.000000000000000000e+00
1.169289999999999941e+00,-1.827000000000000152e-02,-1.906003062032264259e-02,0.000000000000000000e+00
1.177780000000000049e+00,-1.796000000000000027e-02,-2.162633533946903969e-02,0.000000000000000000e+00
1.177780000000000049e+00,-1.796000000000000027e-02,-2.162633533946903969e-02,0.000000000000000000e+00
1.193449999999999900e+00,-1.874999999999999931e-02,-2.259050948034526177e-02,0.000000000000000000e+00
1.210259999999999891e+00,-1.902999999999999831e-02,-2.555897722217541704e-02,0.000000000000000000e+00
1.210259999999999891e+00,-1.902999999999999831e-02,-2.555897722217541704e-02,0.000000000000000000e+00
1.231789999999999941e+00,-1.958000000000000018e-02,-2.600067348035380033e-02,0.000000000000000000e+00
1.231789999999999941e+00,-1.958000000000000018e-02,-2.600067348035380033e-02,0.000000000000000000e+00
1.248820000000000041e+00,-1.966999999999999998e-02,-2.613770086341337881e-02,0.000000000000000000e+00
1.250170000000000003e+00,-1.967999999999999958e-02,-2.614796625628893270e-02,0.000000000000000000e+00
1.265919999999999934e+00,-1.998000000000000123e-02,-2.654469073632393164e-02,0.000000000000000000e+00
1.283449999999999980e+00,-2.027999999999999942e-02,-2.436482903071854333e-02,0.000000000000000000e+00
1.283449999999999980e+00,-2.027999999999999942e-02,-2.436482903071854333e-02,0.000000000000000000e+00
1.283449999999999980e+00,-2.027999999999999942e-02,-2.436482903071854333e-02,0.000000000000000000e+00
1.297029999999999905e+00,-2.086000000000000007e-02,-2.211630162410869668e-02,0.000000000000000000e+00
1.312920000000000087e+00,-2.171000000000000013e-02,-2.504103896870915613e-02,0.000000000000000000e+00
1.330810000000000048e+00,-2.258999999999999897e-02,-2.382515008484951263e-02,0.000000000000000000e+00
1.330810000000000048e+00,-2.258999999999999897e-02,-2.382515008484951263e-02,0.000000000000000000e+00
1.343229999999999924e+00,-2.366000000000000048e-02,-2.620943120103381638e-02,0.000000000000000000e+00
1.343229999999999924e+00,-2.366000000000000048e-02,-2.620943120103381638e-02,0.000000000000000000e+00
1.360519999999999952e+00,-2.425000000000000072e-02,-2.739929677337261602e-02,0.000000000000000000e+00
1.378049999999999997e+00,-2.494999999999999996e-02,-2.943043089392359882e-02,0.000000000000000000e+00
1.378049999999999997e+00,-2.494999999999999996e-02,-2.943043089392359882e-02,0.000000000000000000e+00
1.396290000000000031e+00,-2.539999999999999897e-02,-2.764566669318031106e-02,0.000000000000000000e+00
1.396290000000000031e+00,-2.539999999999999897e-02,-2.764566669318031106e-02,0.000000000000000000e+00
1.408949999999999925e+00,-2.545999999999999999e-02,-2.763334419486295282e-02,0.000000000000000000e+00
1.426530000000000076e+00,-2.613000000000000045e-02,-2.858449331829946566e-02,0.000000000000000000e+00
1.426530000000000076e+00,-2.613000000000000045e-02,-2.858449331829946566e-02,0.000000000000000000e+00
1.439310000000000089e+00,-2.622999999999999984e-02,-2.879194815525977155e-02,0.000000000000000000e+00
1.439310000000000089e+00,-2.622999999999999984e-02,-2.879194815525977155e-02,0.000000000000000000e+00
1.462930000000000064e+00,-2.696000000000000132e-02,-2.906465725878499065e-02,0.000000000000000000e+00
1.464699999999999891e+00,-2.702999999999999847e-02,-2.908434538194741917e-02,0.000000000000000000e+00
1.476329999999999920e+00,-2.692999999999999908e-02,-2.655348211667114475e-02,0.000000000000000000e+00
1.494569999999999954e+00,-2.753999999999999851e-02,-2.670185303023970072e-02,0.000000000000000000e+00
1.494569999999999954e+00,-2.753999999999999851e-02,-2.670185303023970072e-02,0.000000000000000000e+00
1.507419999999999982e+00,-2.752999999999999892e-02,-2.773689993166410586e-02,0.000000000000000000e+00
1.507419999999999982e+00,-2.752999999999999892e-02,-2.773689993166410586e-02,0.000000000000000000e+00
1.526200000000000001e+00,-2.840000000000000163e-02,-2.498375971937792303e-02,0.000000000000000000e+00
1.539239999999999942e+00,-2.893000000000000085e-02,-2.557252049192408269e-02,0.000000000000000000e+00
1.539239999999999942e+00,-2.893000000000000085e-02,-2.557252049192408269e-02,0.000000000000000000e+00
1.551619999999999999e+00,-2.939999999999999905e-02,-2.845302459745191817e-02,0.000000000000000000e+00
1.552499999999999991e+00,-2.944000000000000089e-02,-2.867133062452510012e-02,0.000000000000000000e+00
1.570650000000000102e+00,-3.109999999999999917e-02,-2.703901055245593391e-02,0.000000000000000000e+00
1.583029999999999937e+00,-3.123000000000000081e-02,-3.262923972546673268e-02,0.000000000000000000e+00
1.583029999999999937e+00,-3.123000000000000081e-02,-3.262923972546673268e-02,0.000000000000000000e+00
1.602130000000000054e+00,-3.187999999999999862e-02,-3.308436929270688887e-02,0.000000000000000000e+00
1.621899999999999897e+00,-3.234999999999999681e-02,-3.078591696880429024e-02,0.000000000000000000e+00
1.621899999999999897e+00,-3.234999999999999681e-02,-3.078591696880429024e-02,0.000000000000000000e+00
1.641459999999999919e+00,-3.286000000000000032e-02,-3.025953373553667836e-02,0.000000000000000000e+00
1.641459999999999919e+00,-3.286000000000000032e-02,-3.025953373553667836e-02,0.000000000000000000e+00
1.641459999999999919e+00,-3.286000000000000032e-02,-3.025953373553667836e-02,0.000000000000000000e+00
1.641459999999999919e+00,-3.286000000000000032e-02,-3.025953373553667836e-02,0.000000000000000000e+00
1.643089999999999939e+00,-3.289999999999999869e-02,-3.023033129051975326e-02,0.000000000000000000e+00
1.681100000000000039e+00,-3.375999999999999834e-02,-3.437769203361072667e-02,0.000000000000000000e+00
1.681100000000000039e+00,-3.375999999999999834e-02,-3.437769203361072667e-02,0.000000000000000000e+00
1.700769999999999893e+00,-3.393000000000000183e-02,-3.187834278548496575e-02,0.000000000000000000e+00
1.702269999999999950e+00,-3.393999999999999795e-02,-3.166318238011913561e-02,0.000000000000000000e+00
1.721449999999999925e+00,-3.468999999999999861e-02,-3.006969004962948416e-02,0.000000000000000000e+00
1.723119999999999985e+00,-3.475000000000000311e-02,-2.993019367822528920e-02,0.000000000000000000e+00
1.723119999999999985e+00,-3.475000000000000311e-02,-2.993019367822528920e-02,0.000000000000000000e+00
1.748429999999999929e+00,-3.561000000000000276e-02,-3.084939342202119156e-02,0.000000000000000000e+00
1.748429999999999929e+00,-3.561000000000000276e-02,-3.084939342202119156e-02,0.000000000000000000e+00
1.768809999999999993e+00,-3.660000000000000059e-02,-3.068025352809463854e-02,0.000000000000000000e+00
1.770620000000000083e+00,-3.667999999999999733e-02,-3.068244191780545443e-02,0.000000000000000000e+00
1.776170000000000027e+00,-3.681999999999999856e-02,-3.176734213862255490e-02,0.000000000000000000e+00
1.776170000000000027e+00,-3.681999999999999856e-02,-3.176734213862255490e-02,0.000000000000000000e+00
1.803679999999999950e+00,-3.898000000000000076e-02,-2.913551140136459022e-02,0.000000000000000000e+00
1.816920000000000091e+00,-4.012000000000000288e-02,-3.535806460611651270e-02,0.000000000000000000e+00
1.830910000000000037e+00,-4.039000000000000229e-02,-3.591048519388916060e-02,0.000000000000000000e+00
1.830910000000000037e+00,-4.039000000000000229e-02,-3.591048519388916060e-02,0.000000000000000000e+00
1.851909999999999945e+00,-4.125000000000000194e-02,-3.358080095343255606e-02,0.000000000000000000e+00
1.851909999999999945e+00,-4.125000000000000194e-02,-3.358080095343255606e-02,0.000000000000000000e+00
1.865899999999999892e+00,-4.134999999999999787e-02,-3.625222573164131601e-02,0.000000000000000000e+00
1.867110000000000047e+00,-4.136000000000000093e-02,-3.654417972661730407e-02,0.000000000000000000e+00
1.880230000000000068e+00,-4.232000000000000345e-02,-3.434075492066877844e-02,0.000000000000000000e+00
1.893590000000000106e+00,-4.272000000000000103e-02,-3.789862177581101305e-02,0.000000000000000000e+00
1.893590000000000106e+00,-4.272000000000000103e-02,-3.789862177581101305e-02,0.000000000000000000e+00
1.907280000000000086e+00,-4.293999999999999900e-02,-3.902460406993203679e-02,0.000000000000000000e+00
1.908250000000000002e+00,-4.295999999999999819e-02,-3.908694305584781148e-02,0.000000000000000000e+00
1.936290000000000067e+00,-4.410000000000000031e-02,-3.508417499855735755e-02,0.000000000000000000e+00
1.942379999999999995e+00,-4.413999999999999868e-02,-3.508171704293777671e-02,0.000000000000000000e+00
1.942379999999999995e+00,-4.413999999999999868e-02,-3.508171704293777671e-02,0.000000000000000000e+00
1.952900000000000080e+00,-4.447000000000000258e-02,-3.892135150750059697e-02,0.000000000000000000e+00
1.957899999999999974e+00,-4.458000000000000157e-02,-3.669617668809704858e-02,0.000000000000000000e+00
1.957899999999999974e+00,-4.458000000000000157e-02,-3.669617668809704858e-02,0.000000000000000000e+00
1.968890000000000029e+00,-4.515000000000000263e-02,-3.635248999917706919e-02,0.000000000000000000e+00
1.969649999999999901e+00,-4.519000000000000100e-02,-3.634251250138208211e-02,0.000000000000000000e+00
1.972220000000000084e+00,-4.542000000000000204e-02,-3.634560296444690197e-02,0.000000000000000000e+00
1.982120000000000104e+00,-4.624999999999999944e-02,-3.709232504697147770e-02,0.000000000000000000e+00
1.982120000000000104e+00,-4.624999999999999944e-02,-3.709232504697147770e-02,0.000000000000000000e+00
1.992259999999999920e+00,-4.660999999999999865e-02,-3.998536568717837858e-02,0.000000000000000000e+00
1.992259999999999920e+00,-4.660999999999999865e-02,-3.998536568717837858e-02,0.000000000000000000e+00
1.992960000000000065e+00,-4.664000000000000090e-02,-4.019792116367705559e-02,0.000000000000000000e+00
1.992960000000000065e+00,-4.664000000000000090e-02,-4.019792116367705559e-02,0.000000000000000000e+00
1.992960000000000065e+00,-4.664000000000000090e-02,-4.019792116367705559e-02,0.000000000000000000e+00
1.992960000000000065e+00,-4.664000000000000090e-02,-4.019792116367705559e-02,0.000000000000000000e+00
1.992960000000000065e+00,-4.664000000000000090e-02,-4.019792116367705559e-02,0.000000000000000000e+00
1.992960000000000065e+00,-4.664000000000000090e-02,-4.019792116367705559e-02,0.000000000000000000e+00
1.992960000000000065e+00,-4.664000000000000090e-02,-4.019792116367705559e-02,0.000000000000000000e+00
1.992960000000000065e+00,-4.664000000000000090e-02,-4.019792116367705559e-02,0.000000000000000000e+00
1.992960000000000065e+00,-4.664000000000000090e-02,-4.019792116367705559e-02,0.000000000000000000e+00
1.998750000000000027e+00,-4.707000000000000073e-02,-4.084430440480237706e-02,0.000000000000000000e+00
1.998750000000000027e+00,-4.707000000000000073e-02,-4.084430440480237706e-02,0.000000000000000000e+00
2.005720000000000169e+00,-4.762999999999999873e-02,-4.087957090837279067e-02,0.000000000000000000e+00
2.006320000000000103e+00,-4.766000000000000097e-02,-4.089920818779369666e-02,0.000000000000000000e+00
1.998289999999999900e+00,-4.730000000000000177e-02,-4.066535678446561025e-02,0.000000000000000000e+00
2.005430000000000046e+00,-4.750999999999999668e-02,-4.095177076422212847e-02,0.000000000000000000e+00
2.005430000000000046e+00,-4.750999999999999668e-02,-4.095177076422212847e-02,0.000000000000000000e+00
2.005949999999999900e+00,-4.753999999999999893e-02,-4.061767796885703413e-02,0.000000000000000000e+00
2.005949999999999900e+00,-4.753999999999999893e-02,-4.061767796885703413e-02,0.000000000000000000e+00
2.006110000000000060e+00,-4.766000000000000097e-02,-4.051673048187282022e-02,0.000000000000000000e+00
2.006670000000000176e+00,-4.791999999999999732e-02,-3.765443407802938902e-02,0.000000000000000000e+00
2.006670000000000176e+00,-4.791999999999999732e-02,-3.765443407802938902e-02,0.000000000000000000e+00
2.006709999999999994e+00,-4.794000000000000344e-02,-3.741504815939079159e-02,0.000000000000000000e+00
2.006709999999999994e+00,-4.764999999999999791e-02,-3.734975877400759786e-02,0.000000000000000000e+00
2.006180000000000074e+00,-4.751999999999999974e-02,-4.031297455105874172e-02,0.000000000000000000e+00
2.006130000000000191e+00,-4.750999999999999668e-02,-4.057631871880379437e-02,0.000000000000000000e+00
2.006130000000000191e+00,-4.750999999999999668e-02,-4.057631871880379437e-02,0.000000000000000000e+00
2.006130000000000191e+00,-4.750999999999999668e-02,-4.057631871880379437e-02,0.000000000000000000e+00
2.005669999999999842e+00,-4.757000000000000117e-02,-4.352239631389243080e-02,0.000000000000000000e+00
2.005669999999999842e+00,-4.757000000000000117e-02,-4.352239631389243080e-02,0.000000000000000000e+00
2.005669999999999842e+00,-4.757000000000000117e-02,-4.352239631389243080e-02,0.000000000000000000e+00
2.006130000000000191e+00,-4.768000000000000016e-02,-4.052127970836288257e-02,0.000000000000000000e+00
2.006130000000000191e+00,-4.766999999999999710e-02,-4.050994667945276295e-02,0.000000000000000000e+00
2.006219999999999892e+00,-4.751999999999999974e-02,-4.020007966898300755e-02,0.000000000000000000e+00
2.006229999999999958e+00,-4.750999999999999668e-02,-4.017910600359047429e-02,0.000000000000000000e+00
1.520000000000000084e-03,-3.499999999999999964e-04,0.000000000000000000e+00,0.000000000000000000e+00
1.520000000000000084e-03,-3.499999999999999964e-04,0.000000000000000000e+00,0.000000000000000000e+00
-8.599999999999999789e-04,1.600000000000000131e-04,-3.065657122272004648e-04,0.000000000000000000e+00
-8.599999999999999789e-04,1.600000000000000131e-04,-3.065657122272004648e-04,0.000000000000000000e+00
2.700000000000000035e-04,3.000000000000000076e-05,2.254702734181429115e-05,0.000000000000000000e+00
2.700000000000000035e-04,3.000000000000000076e-05,2.254702734181429115e-05,0.000000000000000000e+00
2.700000000000000035e-04,3.000000000000000076e-05,2.254702734181429115e-05,0.000000000000000000e+00
2.700000000000000035e-04,3.000000000000000076e-05,2.254702734181429115e-05,0.000000000000000000e+00
2.700000000000000035e-04,3.000000000000000076e-05,2.254702734181429115e-05,0.000000000000000000e+00
2.700000000000000035e-04,3.000000000000000076e-05,2.254702734181429115e-05,0.000000000000000000e+00
2.700000000000000035e-04,3.000000000000000076e-05,2.254702734181429115e-05,0.000000000000000000e+00
2.700000000000000035e-04,3.000000000000000076e-05,2.254702734181429115e-05,0.000000000000000000e+00
2.700000000000000035e-04,3.000000000000000076e-05,2.254702734181429115e-05,0.000000000000000000e+00
3.499999999999999964e-04,-3.000000000000000076e-05,8.938915866636506125e-05,0.000000000000000000e+00
-8.999999999999999754e-04,1.800000000000000113e-04,-2.911212366266264758e-04,0.000000000000000000e+00
-8.999999999999999754e-04,1.800000000000000113e-04,-2.911212366266264758e-04,0.000000000000000000e+00
-9.799999999999999684e-04,1.100000000000000039e-04,-5.049679999604842536e-04,0.000000000000000000e+00
-9.799999999999999684e-04,1.100000000000000039e-04,-5.185995742871483396e-04,0.000000000000000000e+00
-1.039999999999999909e-03,-1.000000000000000082e-05,1.482383019509292930e-03,0.000000000000000000e+00
-1.000000000000000021e-03,1.299999999999999886e-04,-1.250582973773296455e-03,0.000000000000000000e+00
-1.000000000000000021e-03,1.299999999999999886e-04,-1.250582973773296455e-03,0.000000000000000000e+00
-7.500000000000000156e-04,3.200000000000000262e-04,3.874438722973694380e-05,0.000000000000000000e+00
-7.500000000000000156e-04,3.200000000000000262e-04,3.874438722973694380e-05,0.000000000000000000e+00
8.000000000000000654e-05,1.600000000000000131e-04,1.763263796387350753e-03,0.000000000000000000e+00
8.000000000000000654e-05,1.600000000000000131e-04,1.763263796387350753e-03,0.000000000000000000e+00
-1.701000000000000081e-02,2.560000000000000209e-03,4.730874098411638057e-02,0.000000000000000000e+00
-1.299999999999999886e-04,-5.000000000000000240e-05,5.514784129445804428e-02,0.000000000000000000e+00
-2.500000000000000052e-03,6.599999999999999964e-04,3.272350359246631400e-04,0.000000000000000000e+00
8.340000000000000191e-03,-6.000000000000000152e-05,1.873392319848144697e-03,0.000000000000000000e+00
8.340000000000000191e-03,-6.000000000000000152e-05,1.873392319848144697e-03,0.000000000000000000e+00
1.344000000000000056e-02,-1.200000000000000030e-04,3.086198239086585665e-03,0.000000000000000000e+00
1.344000000000000056e-02,-1.200000000000000030e-04,3.086198239086585665e-03,0.000000000000000000e+00
2.017000000000000043e-02,-1.700000000000000122e-04,1.085936747895063445e-04,0.000000000000000000e+00
2.059000000000000066e-02,-1.700000000000000122e-04,-9.335013590232806610e-05,0.000000000000000000e+00
2.059000000000000066e-02,-1.700000000000000122e-04,-9.335013590232806610e-05,0.000000000000000000e+00
2.792000000000000037e-02,-5.699999999999999772e-04,9.451475052488855040e-04,0.000000000000000000e+00
2.792000000000000037e-02,-5.699999999999999772e-04,9.451475052488855040e-04,0.000000000000000000e+00
2.792000000000000037e-02,-5.699999999999999772e-04,9.451475052488855040e-04,0.000000000000000000e+00
2.792000000000000037e-02,-5.699999999999999772e-04,9.451475052488855040e-04,0.000000000000000000e+00
2.792000000000000037e-02,-5.699999999999999772e-04,9.451475052488855040e-04,0.000000000000000000e+00
2.792000000000000037e-02,-5.699999999999999772e-04,9.451475052488855040e-04,0.000000000000000000e+00
2.792000000000000037e-02,-5.699999999999999772e-04,9.451475052488855040e-04,0.000000000000000000e+00
2.792000000000000037e-02,-5.699999999999999772e-04,9.451475052488855040e-04,0.000000000000000000e+00
2.792000000000000037e-02,-5.699999999999999772e-04,9.451475052488855040e-04,0.000000000000000000e+00
1.066899999999999932e-01,-9.100000000000000016e-04,1.364615452234689379e-03,0.000000000000000000e+00
1.230799999999999950e-01,-8.300000000000000086e-04,-3.057284896624211899e-04,0.000000000000000000e+00
1.230799999999999950e-01,-8.300000000000000086e-04,-3.057284896624211899e-04,0.000000000000000000e+00
1.361100000000000088e-01,-9.700000000000000505e-04,-8.112265556576940800e-04,0.000000000000000000e+00
1.361100000000000088e-01,-9.700000000000000505e-04,-8.112265556576940800e-04,0.000000000000000000e+00
1.495900000000000007e-01,-1.059999999999999961e-03,3.949489021094346793e-04,0.000000000000000000e+00
1.495900000000000007e-01,-1.059999999999999961e-03,3.949489021094346793e-04,0.000000000000000000e+00
1.648699999999999888e-01,-9.700000000000000505e-04,-1.591243466195229554e-03,0.000000000000000000e+00
1.659700000000000064e-01,-9.700000000000000505e-04,-1.753446607294566716e-03,0.000000000000000000e+00
1.816800000000000082e-01,-9.200000000000000278e-04,-2.853233117522958103e-03,0.000000000000000000e+00
1.957099999999999951e-01,-3.899999999999999929e-04,-1.271054151207292541e-03,0.000000000000000000e+00
1.957099999999999951e-01,-3.899999999999999929e-04,-1.271054151207292541e-03,0.000000000000000000e+00
2.094699999999999895e-01,-2.900000000000000017e-04,1.059475217192497754e-03,0.000000000000000000e+00
2.094699999999999895e-01,-2.900000000000000017e-04,1.059475217192497754e-03,0.000000000000000000e+00
2.306199999999999917e-01,-7.299999999999999632e-04,2.214288232181300248e-03,0.000000000000000000e+00
2.432499999999999940e-01,-2.599999999999999772e-04,8.309384556718995077e-03,0.000000000000000000e+00
2.432499999999999940e-01,-2.599999999999999772e-04,8.309384556718995077e-03,0.000000000000000000e+00
2.591899999999999760e-01,-6.499999999999999702e-04,7.154753556233330904e-03,0.000000000000000000e+00
2.591899999999999760e-01,-6.499999999999999702e-04,7.154753556233330904e-03,0.000000000000000000e+00
2.737700000000000133e-01,-5.999999999999999474e-04,3.136402988297690587e-03,0.000000000000000000e+00
2.750000000000000222e-01,-5.999999999999999474e-04,2.780716030078119599e-03,0.000000000000000000e+00
2.882000000000000117e-01,-1.049999999999999935e-03,4.048180302490086112e-03,0.000000000000000000e+00
3.028100000000000236e-01,-1.629999999999999939e-03,4.148957408168427435e-04,0.000000000000000000e+00
3.028100000000000236e-01,-1.629999999999999939e-03,4.148957408168427435e-04,0.000000000000000000e+00
3.209099999999999731e-01,-1.750000000000000036e-03,2.337724833604244235e-04,0.000000000000000000e+00
3.222499999999999809e-01,-1.750000000000000036e-03,2.428031857477754908e-04,0.000000000000000000e+00
3.342100000000000071e-01,-1.649999999999999991e-03,-1.613439331494987208e-03,0.000000000000000000e+00
3.507700000000000262e-01,-1.750000000000000036e-03,-5.750763841891067159e-03,0.000000000000000000e+00
3.507700000000000262e-01,-1.750000000000000036e-03,-5.750763841891067159e-03,0.000000000000000000e+00
3.678899999999999948e-01,-2.119999999999999923e-03,-4.617502822488056720e-03,0.000000000000000000e+00
3.678899999999999948e-01,-2.119999999999999923e-03,-4.617502822488056720e-03,0.000000000000000000e+00
3.692099999999999826e-01,-2.139999999999999975e-03,-4.491279428295621989e-03,0.000000000000000000e+00
4.000299999999999967e-01,-2.459999999999999947e-03,-1.302985679875190862e-03,0.000000000000000000e+00
4.000299999999999967e-01,-2.459999999999999947e-03,-1.302985679875190862e-03,0.000000000000000000e+00
4.158800000000000274e-01,-2.000000000000000042e-03,-3.132915941183002633e-03,0.000000000000000000e+00
4.158800000000000274e-01,-2.000000000000000042e-03,-3.132915941183002633e-03,0.000000000000000000e+00
4.313899999999999957e-01,-1.879999999999999944e-03,-1.763342969314914566e-03,0.000000000000000000e+00
4.468599999999999794e-01,-1.830000000000000029e-03,5.394470704783789657e-04,0.000000000000000000e+00
4.468599999999999794e-01,-1.830000000000000029e-03,5.394470704783789657e-04,0.000000000000000000e+00
4.624300000000000077e-01,-2.040000000000000147e-03,3.949297780364764178e-03,0.000000000000000000e+00
4.634199999999999986e-01,-2.060000000000000199e-03,4.173346592022022204e-03,0.000000000000000000e+00
4.805699999999999972e-01,-2.069999999999999792e-03,6.827842168947403142e-04,0.000000000000000000e+00
4.963299999999999934e-01,-2.259999999999999856e-03,-1.704108838532533959e-03,0.000000000000000000e+00
4.963299999999999934e-01,-2.259999999999999856e-03,-1.704108838532533959e-03,0.000000000000000000e+00
5.100200000000000289e-01,-2.759999999999999867e-03,-3.042168963300596017e-03,0.000000000000000000e+00
5.100200000000000289e-01,-2.759999999999999867e-03,-3.042168963300596017e-03,0.000000000000000000e+00
5.255300000000000527e-01,-3.690000000000000138e-03,-5.393772989899705411e-03,0.000000000000000000e+00
5.411299999999999999e-01,-3.880000000000000202e-03,-5.717454513769969562e-03,0.000000000000000000e+00
5.411299999999999999e-01,-3.880000000000000202e-03,-5.717454513769969562e-03,0.000000000000000000e+00
5.576900000000000190e-01,-4.129999999999999991e-03,-6.024788713350263079e-03,0.000000000000000000e+00
5.576900000000000190e-01,-4.129999999999999991e-03,-6.024788713350263079e-03,0.000000000000000000e+00
5.715700000000000225e-01,-3.939999999999999926e-03,-6.319428242520322599e-03,0.000000000000000000e+00
5.726599999999999469e-01,-3.919999999999999873e-03,-6.342615046869356718e-03,0.000000000000000000e+00
5.950199999999999934e-01,-5.360000000000000181e-03,-2.398864017785794223e-03,0.000000000000000000e+00
6.096899999999999542e-01,-5.300000000000000024e-03,-4.222992225612416835e-03,0.000000000000000000e+00
6.096899999999999542e-01,-5.300000000000000024e-03,-4.222992225612416835e-03,0.000000000000000000e+00
6.286100000000000021e-01,-5.239999999999999866e-03,-4.125629421379083117e-03,0.000000000000000000e+00
6.286100000000000021e-01,-5.239999999999999866e-03,-4.125629421379083117e-03,0.000000000000000000e+00
6.432099999999999485e-01,-4.769999999999999934e-03,-4.142239974350155930e-03,0.000000000000000000e+00
6.441200000000000259e-01,-4.740000000000000289e-03,-4.145161994560718141e-03,0.000000000000000000e+00
6.625499999999999723e-01,-5.120000000000000419e-03,-4.544234598368210309e-03,0.000000000000000000e+00
6.768600000000000172e-01,-5.179999999999999709e-03,-4.673651344581996638e-03,0.000000000000000000e+00
6.768600000000000172e-01,-5.179999999999999709e-03,-4.673651344581996638e-03,0.000000000000000000e+00
6.938199999999999923e-01,-5.369999999999999774e-03,-2.795158661538834841e-03,0.000000000000000000e+00
6.938199999999999923e-01,-5.369999999999999774e-03,-2.795158661538834841e-03,0.000000000000000000e+00
7.110499999999999599e-01,-5.740000000000000310e-03,-4.873290033930709544e-03,0.000000000000000000e+00
7.298799999999999732e-01,-5.020000000000000157e-03,-4.017758840747102760e-03,0.000000000000000000e+00
7.298799999999999732e-01,-5.020000000000000157e-03,-4.017758840747102760e-03,0.000000000000000000e+00
7.476599999999999913e-01,-5.850000000000000165e-03,-6.749404472281563330e-03,0.000000000000000000e+00
7.476599999999999913e-01,-5.850000000000000165e-03,-6.749404472281563330e-03,0.000000000000000000e+00
7.653600000000000403e-01,-6.320000000000000097e-03,-2.846774454792513811e-03,0.000000000000000000e+00
7.667000000000000481e-01,-6.349999999999999742e-03,-2.508650432768889590e-03,0.000000000000000000e+00
7.795800000000000507e-01,-6.309999999999999637e-03,-4.724320764866742593e-03,0.000000000000000000e+00
7.809399999999999675e-01,-6.309999999999999637e-03,-4.956225680634195573e-03,0.000000000000000000e+00
7.978100000000000191e-01,-6.550000000000000266e-03,-2.701066832273393663e-03,0.000000000000000000e+00
8.122099999999999875e-01,-6.599999999999999964e-03,-7.452489043237881666e-03,0.000000000000000000e+00
8.122099999999999875e-01,-6.599999999999999964e-03,-7.452489043237881666e-03,0.000000000000000000e+00
8.271100000000000119e-01,-6.980000000000000093e-03,-6.632010469436585773e-03,0.000000000000000000e+00
8.271100000000000119e-01,-6.980000000000000093e-03,-6.632010469436585773e-03,0.000000000000000000e+00
8.418200000000000127e-01,-7.080000000000000356e-03,-8.775770530405464787e-03,0.000000000000000000e+00
8.601400000000000157e-01,-7.159999999999999698e-03,-6.841065893885117308e-03,0.000000000000000000e+00
8.601400000000000157e-01,-7.159999999999999698e-03,-6.841065893885117308e-03,0.000000000000000000e+00
8.781499999999999861e-01,-6.819999999999999674e-03,-9.016386385953097105e-03,0.000000000000000000e+00
8.798399999999999554e-01,-6.790000000000000029e-03,-9.256042804338908761e-03,0.000000000000000000e+00
8.939799999999999969e-01,-6.810000000000000081e-03,-7.538297819888360556e-03,0.000000000000000000e+00
9.054100000000000481e-01,-6.749999999999999924e-03,-5.594171362573668350e-03,0.000000000000000000e+00
9.054100000000000481e-01,-6.749999999999999924e-03,-5.594171362573668350e-03,0.000000000000000000e+00
9.201399999999999579e-01,-7.040000000000000251e-03,-5.354538282401874287e-03,0.000000000000000000e+00
9.201399999999999579e-01,-7.040000000000000251e-03,-5.354538282401874287e-03,0.000000000000000000e+00
9.426499999999999879e-01,-7.749999999999999944e-03,-5.864291426423835253e-03,0.000000000000000000e+00
9.426499999999999879e-01,-7.749999999999999944e-03,-5.864291426423835253e-03,0.000000000000000000e+00
9.551100000000000145e-01,-8.019999999999999352e-03,-5.977373707571172895e-03,0.000000000000000000e+00
9.737900000000000444e-01,-9.239999999999999949e-03,-6.444813793319246857e-03,0.000000000000000000e+00
9.737900000000000444e-01,-9.239999999999999949e-03,-6.444813793319246857e-03,0.000000000000000000e+00
9.858000000000000096e-01,-9.700000000000000289e-03,-6.973501222348898847e-03,0.000000000000000000e+00
9.858000000000000096e-01,-9.700000000000000289e-03,-6.973501222348898847e-03,0.000000000000000000e+00
1.000399999999999956e+00,-9.690000000000000696e-03,-9.200946452051050883e-03,0.000000000000000000e+00
1.020420000000000105e+00,-1.014999999999999930e-02,-9.542324889518850536e-03,0.000000000000000000e+00
1.020420000000000105e+00,-1.014999999999999930e-02,-9.542324889518850536e-03,0.000000000000000000e+00
1.035959999999999992e+00,-1.037000000000000074e-02,-9.979220223471692991e-03,0.000000000000000000e+00
1.035959999999999992e+00,-1.037000000000000074e-02,-9.979220223471692991e-03,0.000000000000000000e+00
1.052259999999999973e+00,-1.074999999999999914e-02,-1.022494410768989836e-02,0.000000000000000000e+00
1.053320000000000034e+00,-1.077000000000000006e-02,-1.023945340753060033e-02,0.000000000000000000e+00
1.068040000000000100e+00,-1.078999999999999924e-02,-1.051791829928642834e-02,0.000000000000000000e+00
1.084459999999999980e+00,-1.072999999999999995e-02,-1.089988185116954299e-02,0.000000000000000000e+00
1.084459999999999980e+00,-1.072999999999999995e-02,-1.089988185116954299e-02,0.000000000000000000e+00
1.100330000000000030e+00,-1.059000000000000045e-02,-1.137013501352430317e-02,0.000000000000000000e+00
1.100330000000000030e+00,-1.059000000000000045e-02,-1.137013501352430317e-02,0.000000000000000000e+00
1.125189999999999912e+00,-1.192999999999999963e-02,-1.156441393705503334e-02,0.000000000000000000e+00
1.141809999999999992e+00,-1.209999999999999964e-02,-1.131546876020372329e-02,0.000000000000000000e+00
1.141809999999999992e+00,-1.209999999999999964e-02,-1.131546876020372329e-02,0.000000000000000000e+00
1.158630000000000049e+00,-1.263000000000000060e-02,-9.424258534304267090e-03,0.000000000000000000e+00
1.158630000000000049e+00,-1.263000000000000060e-02,-9.424258534304267090e-03,0.000000000000000000e+00
1.180379999999999985e+00,-1.383999999999999987e-02,-9.375049270945816013e-03,0.000000000000000000e+00
1.196709999999999940e+00,-1.474999999999999922e-02,-1.204811063742235698e-02,0.000000000000000000e+00
1.196709999999999940e+00,-1.474999999999999922e-02,-1.204811063742235698e-02,0.000000000000000000e+00
1.214380000000000015e+00,-1.537999999999999957e-02,-1.291255331742660085e-02,0.000000000000000000e+00
1.214380000000000015e+00,-1.537999999999999957e-02,-1.291255331742660085e-02,0.000000000000000000e+00
1.226730000000000098e+00,-1.545000000000000019e-02,-1.303887595781352653e-02,0.000000000000000000e+00
1.226730000000000098e+00,-1.545000000000000019e-02,-1.303887595781352653e-02,0.000000000000000000e+00
1.242839999999999945e+00,-1.549999999999999989e-02,-1.315447254001086801e-02,0.000000000000000000e+00
1.265139999999999931e+00,-1.504999999999999914e-02,-1.388669652635053132e-02,0.000000000000000000e+00
1.265139999999999931e+00,-1.504999999999999914e-02,-1.388669652635053132e-02,0.000000000000000000e+00
1.284359999999999946e+00,-1.557000000000000051e-02,-1.666897241418635947e-02,0.000000000000000000e+00
1.284359999999999946e+00,-1.557000000000000051e-02,-1.666897241418635947e-02,0.000000000000000000e+00
1.301619999999999999e+00,-1.586999999999999869e-02,-1.493414745925248678e-02,0.000000000000000000e+00
1.301619999999999999e+00,-1.586999999999999869e-02,-1.493414745925248678e-02,0.000000000000000000e+00
1.301619999999999999e+00,-1.586999999999999869e-02,-1.493414745925248678e-02,0.000000000000000000e+00
1.326170000000000071e+00,-1.518000000000000078e-02,-1.536989889926723349e-02,0.000000000000000000e+00
1.326170000000000071e+00,-1.518000000000000078e-02,-1.536989889926723349e-02,0.000000000000000000e+00
1.326170000000000071e+00,-1.518000000000000078e-02,-1.536989889926723349e-02,0.000000000000000000e+00
1.355990000000000029e+00,-1.599000000000000074e-02,-1.234537146834070211e-02,0.000000000000000000e+00
1.367070000000000007e+00,-1.614000000000000157e-02,-1.520825829555342949e-02,0.000000000000000000e+00
1.385049999999999892e+00,-1.654999999999999874e-02,-1.058336302542178288e-02,0.000000000000000000e+00
1.385049999999999892e+00,-1.654999999999999874e-02,-1.058336302542178288e-02,0.000000000000000000e+00
1.397780000000000022e+00,-1.672999999999999834e-02,-1.308713386489233736e-02,0.000000000000000000e+00
1.398600000000000065e+00,-1.674000000000000141e-02,-1.329487492548081344e-02,0.000000000000000000e+00
1.415659999999999918e+00,-1.731999999999999859e-02,-1.105176930245852646e-02,0.000000000000000000e+00
1.428369999999999918e+00,-1.820000000000000090e-02,-1.384872560900861707e-02,0.000000000000000000e+00
1.428369999999999918e+00,-1.820000000000000090e-02,-1.384872560900861707e-02,0.000000000000000000e+00
1.445990000000000109e+00,-1.884999999999999870e-02,-1.663486599019924420e-02,0.000000000000000000e+00
1.445990000000000109e+00,-1.884999999999999870e-02,-1.663486599019924420e-02,0.000000000000000000e+00
1.464420000000000055e+00,-1.915999999999999995e-02,-1.409065618833788870e-02,0.000000000000000000e+00
1.464420000000000055e+00,-1.915999999999999995e-02,-1.409065618833788870e-02,0.000000000000000000e+00
1.477470000000000061e+00,-1.932999999999999996e-02,-1.425998068016166506e-02,0.000000000000000000e+00
1.501219999999999999e+00,-1.992999999999999980e-02,-1.438276052657374432e-02,0.000000000000000000e+00
1.501219999999999999e+00,-1.992999999999999980e-02,-1.438276052657374432e-02,0.000000000000000000e+00
1.503190000000000026e+00,-1.998000000000000123e-02,-1.439111421619254476e-02,0.000000000000000000e+00
1.516040000000000054e+00,-2.058000000000000107e-02,-1.513540491757002157e-02,0.000000000000000000e+00
1.527519999999999989e+00,-2.026999999999999982e-02,-1.540875026224036194e-02,0.000000000000000000e+00
1.545539999999999914e+00,-2.049000000000000127e-02,-1.787017307173023595e-02,0.000000000000000000e+00
1.558540000000000036e+00,-2.020999999999999880e-02,-1.839149562458960996e-02,0.000000000000000000e+00
1.558540000000000036e+00,-2.020999999999999880e-02,-1.839149562458960996e-02,0.000000000000000000e+00
1.577660000000000062e+00,-2.024000000000000105e-02,-1.583270710792756414e-02,0.000000000000000000e+00
1.577660000000000062e+00,-2.024000000000000105e-02,-1.583270710792756414e-02,0.000000000000000000e+00
1.591059999999999919e+00,-2.054999999999999882e-02,-1.336210811939840364e-02,0.000000000000000000e+00
1.592090000000000005e+00,-2.057000000000000148e-02,-1.316630425568664220e-02,0.000000000000000000e+00
1.609760000000000080e+00,-2.120999999999999969e-02,-1.583189144203997478e-02,0.000000000000000000e+00
1.623890000000000056e+00,-2.131999999999999867e-02,-1.400525571553734930e-02,0.000000000000000000e+00
1.623890000000000056e+00,-2.131999999999999867e-02,-1.400525571553734930e-02,0.000000000000000000e+00
1.623890000000000056e+00,-2.131999999999999867e-02,-1.400525571553734930e-02,0.000000000000000000e+00
1.623890000000000056e+00,-2.131999999999999867e-02,-1.400525571553734930e-02,0.000000000000000000e+00
1.656290000000000040e+00,-2.255000000000000060e-02,-1.451046724547650629e-02,0.000000000000000000e+00
1.656290000000000040e+00,-2.255000000000000060e-02,-1.451046724547650629e-02,0.000000000000000000e+00
1.656290000000000040e+00,-2.255000000000000060e-02,-1.451046724547650629e-02,0.000000000000000000e+00
1.689410000000000078e+00,-2.355000000000000149e-02,-1.783150285531041879e-02,0.000000000000000000e+00
1.702830000000000066e+00,-2.363000000000000170e-02,-1.522480157024281265e-02,0.000000000000000000e+00
1.702830000000000066e+00,-2.363000000000000170e-02,-1.522480157024281265e-02,0.000000000000000000e+00
1.704239999999999977e+00,-2.364000000000000129e-02,-1.492338873294862291e-02,0.000000000000000000e+00
1.722679999999999989e+00,-2.426999999999999991e-02,-1.793632085312505536e-02,0.000000000000000000e+00
1.743379999999999930e+00,-2.476000000000000076e-02,-1.847425589580873814e-02,0.000000000000000000e+00
1.745009999999999950e+00,-2.479999999999999913e-02,-1.850142449445311976e-02,0.000000000000000000e+00
1.757200000000000095e+00,-2.525000000000000161e-02,-1.919617267570675884e-02,0.000000000000000000e+00
1.758189999999999920e+00,-2.528999999999999998e-02,-1.925256571764656296e-02,0.000000000000000000e+00
1.770080000000000098e+00,-2.511000000000000038e-02,-2.202399090728061892e-02,0.000000000000000000e+00
1.790680000000000049e+00,-2.548999999999999877e-02,-1.965145233651383744e-02,0.000000000000000000e+00
1.790680000000000049e+00,-2.548999999999999877e-02,-1.965145233651383744e-02,0.000000000000000000e+00
1.790680000000000049e+00,-2.548999999999999877e-02,-1.965145233651383744e-02,0.000000000000000000e+00
1.825520000000000032e+00,-2.612000000000000086e-02,-1.647836254067699957e-02,0.000000000000000000e+00
1.825520000000000032e+00,-2.612000000000000086e-02,-1.647836254067699957e-02,0.000000000000000000e+00
1.839869999999999894e+00,-2.640999999999999945e-02,-1.961173951116213302e-02,0.000000000000000000e+00
1.839869999999999894e+00,-2.640999999999999945e-02,-1.961173951116213302e-02,0.000000000000000000e+00
1.854039999999999910e+00,-2.685999999999999846e-02,-1.751046126855742430e-02,0.000000000000000000e+00
1.855560000000000098e+00,-2.690999999999999989e-02,-1.723915751880501779e-02,0.000000000000000000e+00
1.867949999999999999e+00,-2.728999999999999829e-02,-2.052515771850713794e-02,0.000000000000000000e+00
1.881699999999999928e+00,-2.827999999999999958e-02,-2.140564733658741406e-02,0.000000000000000000e+00
1.881699999999999928e+00,-2.827999999999999958e-02,-2.140564733658741406e-02,0.000000000000000000e+00
1.902649999999999952e+00,-2.942000000000000171e-02,-2.155333480585842204e-02,0.000000000000000000e+00
1.902649999999999952e+00,-2.942000000000000171e-02,-2.155333480585842204e-02,0.000000000000000000e+00
1.916260000000000074e+00,-2.997999999999999970e-02,-2.145532777926515908e-02,0.000000000000000000e+00
1.917249999999999899e+00,-3.002000000000000154e-02,-2.144648035870999267e-02,0.000000000000000000e+00
1.928919999999999968e+00,-3.011000000000000135e-02,-1.860485678099003601e-02,0.000000000000000000e+00
1.933280000000000109e+00,-3.014000000000000012e-02,-1.886685094365364926e-02,0.000000000000000000e+00
1.933280000000000109e+00,-3.014000000000000012e-02,-1.886685094365364926e-02,0.000000000000000000e+00
1.943670000000000009e+00,-3.070000000000000159e-02,-2.176809873178743235e-02,0.000000000000000000e+00
1.944639999999999924e+00,-3.075999999999999915e-02,-2.204125694918493764e-02,0.000000000000000000e+00
1.954919999999999991e+00,-3.135000000000000286e-02,-2.252683588703016312e-02,0.000000000000000000e+00
1.958069999999999977e+00,-3.141999999999999654e-02,-2.253248787161451355e-02,0.000000000000000000e+00
1.958069999999999977e+00,-3.141999999999999654e-02,-2.253248787161451355e-02,0.000000000000000000e+00
1.976089999999999902e+00,-3.198000000000000148e-02,-2.255922384840369777e-02,0.000000000000000000e+00
1.976089999999999902e+00,-3.198000000000000148e-02,-2.255922384840369777e-02,0.000000000000000000e+00
1.971400000000000041e+00,-3.146999999999999797e-02,-2.264343916565478634e-02,0.000000000000000000e+00
1.971400000000000041e+00,-3.146999999999999797e-02,-2.264343916565478634e-02,0.000000000000000000e+00
1.980040000000000022e+00,-3.218000000000000027e-02,-2.318842850406993908e-02,0.000000000000000000e+00
1.982499999999999929e+00,-3.205999999999999822e-02,-2.027596804184758975e-02,0.000000000000000000e+00
1.982499999999999929e+00,-3.205999999999999822e-02,-2.027596804184758975e-02,0.000000000000000000e+00
1.982529999999999903e+00,-3.171999999999999820e-02,-2.282752197298918220e-02,0.000000000000000000e+00
1.982529999999999903e+00,-3.169000000000000289e-02,-2.308387573729439937e-02,0.000000000000000000e+00
1.991200000000000081e+00,-3.209999999999999659e-02,-2.302363339842964859e-02,0.000000000000000000e+00
1.984080000000000066e+00,-3.189000000000000168e-02,-2.018528279095008551e-02,0.000000000000000000e+00
1.984080000000000066e+00,-3.189000000000000168e-02,-2.018528279095008551e-02,0.000000000000000000e+00
1.990939999999999932e+00,-3.218000000000000027e-02,-2.279668793610573410e-02,0.000000000000000000e+00
1.990939999999999932e+00,-3.218000000000000027e-02,-2.279668793610573410e-02,0.000000000000000000e+00
1.983409999999999895e+00,-3.203999999999999904e-02,-2.314577565094861483e-02,0.000000000000000000e+00
1.982690000000000063e+00,-3.201999999999999985e-02,-2.315533594085722111e-02,0.000000000000000000e+00
1.974679999999999991e+00,-3.141999999999999654e-02,-2.325153113171890898e-02,0.000000000000000000e+00
1.982189999999999896e+00,-3.167999999999999983e-02,-2.309395908682063819e-02,0.000000000000000000e+00
1.982189999999999896e+00,-3.167999999999999983e-02,-2.309395908682063819e-02,0.000000000000000000e+00
1.982720000000000038e+00,-3.185000000000000331e-02,-2.320941067301178148e-02,0.000000000000000000e+00
1.982709999999999972e+00,-3.185999999999999943e-02,-2.322060664846216718e-02,0.000000000000000000e+00
1.982890000000000041e+00,-3.214000000000000190e-02,-2.327972994397842915e-02,0.000000000000000000e+00
1.982879999999999976e+00,-3.171999999999999820e-02,-2.309111259908335975e-02,0.000000000000000000e+00
1.982879999999999976e+00,-3.171999999999999820e-02,-2.309111259908335975e-02,0.000000000000000000e+00
1.983079999999999954e+00,-3.164999999999999758e-02,-2.015188252882401179e-02,0.000000000000000000e+00
1.983090000000000019e+00,-3.164999999999999758e-02,-1.993292836802631682e-02,0.000000000000000000e+00
1.982799999999999896e+00,-3.194000000000000311e-02,-2.000606776419795035e-02,0.000000000000000000e+00
-6.800000000000000488e-04,5.000000000000000240e-05,0.000000000000000000e+00,0.000000000000000000e+00
-7.100000000000000191e-04,5.000000000000000240e-05,3.009729047269221140e-06,0.000000000000000000e+00
-8.800000000000000313e-04,1.100000000000000039e-04,1.410098070424547958e-03,0.000000000000000000e+00
-8.899999999999999491e-04,1.200000000000000030e-04,1.522396773102095875e-03,0.000000000000000000e+00
-5.999999999999999474e-04,6.000000000000000152e-05,1.598318326320000149e-03,0.000000000000000000e+00
1.309999999999999967e-03,-2.000000000000000096e-04,1.967350187510671141e-03,0.000000000000000000e+00
1.309999999999999967e-03,-2.000000000000000096e-04,1.967350187510671141e-03,0.000000000000000000e+00
-2.999999999999999737e-04,4.000000000000000327e-05,-2.151514320368998678e-04,0.000000000000000000e+00
-2.999999999999999737e-04,4.000000000000000327e-05,-2.151514320368998678e-04,0.000000000000000000e+00
-1.800000000000000113e-04,4.000000000000000327e-05,4.319533766270248175e-06,0.000000000000000000e+00
5.500000000000000331e-04,-2.100000000000000087e-04,2.229196421648758247e-04,0.000000000000000000e+00
5.500000000000000331e-04,-2.100000000000000087e-04,2.229196421648758247e-04,0.000000000000000000e+00
7.900000000000000121e-04,-1.299999999999999886e-04,1.502250619665374681e-03,0.000000000000000000e+00
7.900000000000000121e-04,-1.299999999999999886e-04,1.502250619665374681e-03,0.000000000000000000e+00
7.600000000000000418e-04,-6.000000000000000152e-05,4.532962030515259020e-04,0.000000000000000000e+00
7.500000000000000156e-04,-5.000000000000000240e-05,3.096513862624898010e-04,0.000000000000000000e+00
3.109999999999999917e-03,-3.699999999999999947e-04,-9.024005698104396430e-05,0.000000000000000000e+00
7.110000000000000001e-03,-4.200000000000000174e-04,-1.612293971703765514e-03,0.000000000000000000e+00
7.110000000000000001e-03,-4.200000000000000174e-04,-1.612293971703765514e-03,0.000000000000000000e+00
1.345000000000000015e-02,-1.499999999999999869e-04,-4.956754587665104577e-04,0.000000000000000000e+00
1.345000000000000015e-02,-1.499999999999999869e-04,-4.956754587665104577e-04,0.000000000000000000e+00
1.915000000000000036e-02,5.299999999999999807e-04,-2.051263363775999125e-03,0.000000000000000000e+00
1.960999999999999896e-02,5.900000000000000296e-04,-2.198983090727614931e-03,0.000000000000000000e+00
3.107999999999999999e-02,1.600000000000000131e-04,-2.960157001274372037e-04,0.000000000000000000e+00
4.445000000000000340e-02,-5.100000000000000366e-04,4.307961544528363714e-04,0.000000000000000000e+00
4.445000000000000340e-02,-5.100000000000000366e-04,4.307961544528363714e-04,0.000000000000000000e+00
5.435999999999999860e-02,-4.099999999999999912e-04,-6.655807315789626999e-04,0.000000000000000000e+00
5.435999999999999860e-02,-4.099999999999999912e-04,-6.655807315789626999e-04,0.000000000000000000e+00
6.569999999999999452e-02,-2.400000000000000061e-04,5.858536627259716516e-04,0.000000000000000000e+00
6.665000000000000091e-02,-2.300000000000000070e-04,7.084397823665449737e-04,0.000000000000000000e+00
7.878999999999999893e-02,-4.299999999999999894e-04,2.827468100616791890e-03,0.000000000000000000e+00
9.289000000000000035e-02,-7.399999999999999894e-04,2.447869058018737037e-03,0.000000000000000000e+00
9.289000000000000035e-02,-7.399999999999999894e-04,2.447869058018737037e-03,0.000000000000000000e+00
1.142699999999999966e-01,1.000000000000000082e-05,-6.564856664597586372e-04,0.000000000000000000e+00
1.142699999999999966e-01,1.000000000000000082e-05,-6.564856664597586372e-04,0.000000000000000000e+00
1.303199999999999914e-01,-2.999999999999999737e-04,4.695387106404458788e-04,0.000000000000000000e+00
1.303199999999999914e-01,-2.999999999999999737e-04,4.695387106404458788e-04,0.000000000000000000e+00
1.442499999999999893e-01,-2.999999999999999737e-04,4.703948028404870800e-04,0.000000000000000000e+00
1.454600000000000060e-01,-2.999999999999999737e-04,4.580735774307943993e-04,0.000000000000000000e+00
1.588900000000000035e-01,-4.800000000000000122e-04,2.078985856133603563e-04,0.000000000000000000e+00
1.728899999999999881e-01,-3.600000000000000227e-04,1.290115041398569133e-03,0.000000000000000000e+00
1.728899999999999881e-01,-3.600000000000000227e-04,1.290115041398569133e-03,0.000000000000000000e+00
1.893299999999999983e-01,-8.000000000000000383e-04,-1.760759839307353414e-03,0.000000000000000000e+00
1.893299999999999983e-01,-8.000000000000000383e-04,-1.760759839307353414e-03,0.000000000000000000e+00
1.893299999999999983e-01,-8.000000000000000383e-04,-1.760759839307353414e-03,0.000000000000000000e+00
1.893299999999999983e-01,-8.000000000000000383e-04,-1.760759839307353414e-03,0.000000000000000000e+00
1.912800000000000056e-01,-8.700000000000000051e-04,-2.152463923586515719e-03,0.000000000000000000e+00
2.211599999999999955e-01,-4.600000000000000139e-04,2.261560004236665893e-04,0.000000000000000000e+00
2.433400000000000007e-01,-1.750000000000000036e-03,1.219128418679448411e-03,0.000000000000000000e+00
2.585799999999999765e-01,-1.420000000000000038e-03,4.232878033157059378e-03,0.000000000000000000e+00
2.585799999999999765e-01,-1.420000000000000038e-03,4.232878033157059378e-03,0.000000000000000000e+00
2.751500000000000057e-01,-1.350000000000000071e-03,4.603241629887470411e-03,0.000000000000000000e+00
2.765900000000000025e-01,-1.350000000000000071e-03,4.613653160073827135e-03,0.000000000000000000e+00
2.903499999999999970e-01,-1.420000000000000038e-03,7.173958905671848959e-04,0.000000000000000000e+00
3.087500000000000244e-01,-1.840000000000000056e-03,1.849978218340971124e-03,0.000000000000000000e+00
3.087500000000000244e-01,-1.840000000000000056e-03,1.849978218340971124e-03,0.000000000000000000e+00
3.239900000000000002e-01,-2.040000000000000147e-03,3.015298085151326985e-03,0.000000000000000000e+00
3.253699999999999926e-01,-2.060000000000000199e-03,3.119891760766459882e-03,0.000000000000000000e+00
3.392899999999999805e-01,-2.510000000000000078e-03,-2.298777701519397372e-03,0.000000000000000000e+00
3.546900000000000053e-01,-2.799999999999999972e-03,-3.762690030167809615e-03,0.000000000000000000e+00
3.546900000000000053e-01,-2.799999999999999972e-03,-3.762690030167809615e-03,0.000000000000000000e+00
3.698400000000000021e-01,-3.040000000000000167e-03,-1.054291361010750543e-03,0.000000000000000000e+00
3.698400000000000021e-01,-3.040000000000000167e-03,-1.054291361010750543e-03,0.000000000000000000e+00
3.887999999999999790e-01,-3.340000000000000087e-03,-5.453713344659666482e-04,0.000000000000000000e+00
4.046500000000000097e-01,-3.289999999999999956e-03,1.437659413084719628e-03,0.000000000000000000e+00
4.046500000000000097e-01,-3.289999999999999956e-03,1.437659413084719628e-03,0.000000000000000000e+00
4.202500000000000124e-01,-3.279999999999999930e-03,1.231438836701744411e-03,0.000000000000000000e+00
4.202500000000000124e-01,-3.279999999999999930e-03,1.231438836701744411e-03,0.000000000000000000e+00
4.359600000000000142e-01,-3.429999999999999889e-03,3.939593318711365698e-04,0.000000000000000000e+00
4.514299999999999979e-01,-3.429999999999999889e-03,1.684751837865158721e-03,0.000000000000000000e+00
4.514299999999999979e-01,-3.429999999999999889e-03,1.684751837865158721e-03,0.000000000000000000e+00
4.672100000000000142e-01,-2.720000000000000195e-03,-1.589674020202962688e-03,0.000000000000000000e+00
4.672100000000000142e-01,-2.720000000000000195e-03,-1.589674020202962688e-03,0.000000000000000000e+00
4.875499999999999834e-01,-3.139999999999999996e-03,-1.877001988127889077e-03,0.000000000000000000e+00
4.893299999999999872e-01,-3.200000000000000153e-03,-1.869358651786374222e-03,0.000000000000000000e+00
5.098399999999999599e-01,-1.940000000000000101e-03,-2.792842595509470536e-03,0.000000000000000000e+00
5.264199999999999990e-01,-1.969999999999999963e-03,-3.394190369310077799e-03,0.000000000000000000e+00
5.264199999999999990e-01,-1.969999999999999963e-03,-3.394190369310077799e-03,0.000000000000000000e+00
5.426400000000000112e-01,-2.370000000000000145e-03,-6.151240635380267156e-03,0.000000000000000000e+00
5.426400000000000112e-01,-2.370000000000000145e-03,-6.151240635380267156e-03,0.000000000000000000e+00
5.564500000000000002e-01,-2.569999999999999802e-03,-4.889211934403200725e-03,0.000000000000000000e+00
5.564500000000000002e-01,-2.569999999999999802e-03,-4.889211934403200725e-03,0.000000000000000000e+00
5.753700000000000481e-01,-3.449999999999999942e-03,-5.240945040208977099e-03,0.000000000000000000e+00
5.767499999999999849e-01,-3.520000000000000125e-03,-5.282958932215336967e-03,0.000000000000000000e+00
5.915200000000000458e-01,-3.840000000000000097e-03,-5.389152516463585792e-03,0.000000000000000000e+00
5.915200000000000458e-01,-3.840000000000000097e-03,-5.389152516463585792e-03,0.000000000000000000e+00
6.080799999999999539e-01,-4.170000000000000095e-03,-3.596548497154832252e-03,0.000000000000000000e+00
6.199500000000000011e-01,-3.910000000000000281e-03,-3.822646941906882641e-03,0.000000000000000000e+00
6.381499999999999950e-01,-4.139999999999999583e-03,-4.011693706396018272e-03,0.000000000000000000e+00
6.381499999999999950e-01,-4.139999999999999583e-03,-4.011693706396018272e-03,0.000000000000000000e+00
6.554799999999999516e-01,-4.259999999999999898e-03,-4.100304448779305312e-03,0.000000000000000000e+00
6.554799999999999516e-01,-4.259999999999999898e-03,-4.100304448779305312e-03,0.000000000000000000e+00
6.697300000000000475e-01,-4.380000000000000213e-03,-4.600266030842930197e-03,0.000000000000000000e+00
6.707800000000000429e-01,-4.389999999999999805e-03,-4.640074347004017642e-03,0.000000000000000000e+00
6.864400000000000501e-01,-4.709999999999999777e-03,-5.095594647203830624e-03,0.000000000000000000e+00
7.006200000000000205e-01,-4.409999999999999858e-03,-5.247638439458838025e-03,0.000000000000000000e+00
7.006200000000000205e-01,-4.409999999999999858e-03,-5.247638439458838025e-03,0.000000000000000000e+00
7.177200000000000246e-01,-4.109999999999999938e-03,-5.205441570435867700e-03,0.000000000000000000e+00
7.177200000000000246e-01,-4.109999999999999938e-03,-5.205441570435867700e-03,0.000000000000000000e+00
7.352600000000000247e-01,-4.230000000000000253e-03,-5.585988413835357540e-03,0.000000000000000000e+00
7.499000000000000110e-01,-4.420000000000000318e-03,-6.082795534659695205e-03,0.000000000000000000e+00
7.499000000000000110e-01,-4.420000000000000318e-03,-6.082795534659695205e-03,0.000000000000000000e+00
7.673799999999999510e-01,-5.020000000000000157e-03,-6.334202035912534813e-03,0.000000000000000000e+00
7.673799999999999510e-01,-5.020000000000000157e-03,-6.334202035912534813e-03,0.000000000000000000e+00
7.686699999999999644e-01,-5.060000000000000261e-03,-6.350669959412834527e-03,0.000000000000000000e+00
7.850700000000000456e-01,-5.669999999999999693e-03,-5.082374814156584777e-03,0.000000000000000000e+00
8.002299999999999969e-01,-6.289999999999999584e-03,-7.683190925412434515e-03,0.000000000000000000e+00
8.177699999999999969e-01,-6.749999999999999924e-03,-8.039983898611848673e-03,0.000000000000000000e+00
8.177699999999999969e-01,-6.749999999999999924e-03,-8.039983898611848673e-03,0.000000000000000000e+00
8.326799999999999757e-01,-7.150000000000000105e-03,-8.663672496732457984e-03,0.000000000000000000e+00
8.326799999999999757e-01,-7.150000000000000105e-03,-8.663672496732457984e-03,0.000000000000000000e+00
8.326799999999999757e-01,-7.150000000000000105e-03,-8.663672496732457984e-03,0.000000000000000000e+00
8.488499999999999934e-01,-7.459999999999999618e-03,-8.884404673957362400e-03,0.000000000000000000e+00
8.718500000000000139e-01,-8.760000000000000425e-03,-1.127623759043622914e-02,0.000000000000000000e+00
8.880900000000000460e-01,-8.840000000000000635e-03,-1.200883229422950414e-02,0.000000000000000000e+00
8.880900000000000460e-01,-8.840000000000000635e-03,-1.200883229422950414e-02,0.000000000000000000e+00
9.064699999999999980e-01,-9.190000000000000252e-03,-1.029234001628507103e-02,0.000000000000000000e+00
9.064699999999999980e-01,-9.190000000000000252e-03,-1.029234001628507103e-02,0.000000000000000000e+00
9.258100000000000218e-01,-8.000000000000000167e-03,-1.099773072090463356e-02,0.000000000000000000e+00
9.258100000000000218e-01,-8.000000000000000167e-03,-1.099773072090463356e-02,0.000000000000000000e+00
9.446200000000000152e-01,-8.049999999999999864e-03,-1.102949754734075700e-02,0.000000000000000000e+00
9.465900000000000425e-01,-8.080000000000000376e-03,-1.102157313515890295e-02,0.000000000000000000e+00
9.644899999999999585e-01,-8.359999999999999376e-03,-9.254705922412159030e-03,0.000000000000000000e+00
9.765599999999999836e-01,-8.300000000000000086e-03,-9.407295509668563843e-03,0.000000000000000000e+00
9.765599999999999836e-01,-8.300000000000000086e-03,-9.407295509668563843e-03,0.000000000000000000e+00
9.952999999999999625e-01,-9.320000000000000159e-03,-1.245968778221264069e-02,0.000000000000000000e+00
9.952999999999999625e-01,-9.320000000000000159e-03,-1.245968778221264069e-02,0.000000000000000000e+00
1.007929999999999993e+00,-9.749999999999999986e-03,-1.074039849826251281e-02,0.000000000000000000e+00
1.009020000000000028e+00,-9.790000000000000091e-03,-1.053731679884576007e-02,0.000000000000000000e+00
1.026839999999999975e+00,-1.064999999999999974e-02,-1.325961327640483474e-02,0.000000000000000000e+00
1.043080000000000007e+00,-1.101000000000000069e-02,-1.343889617352043639e-02,0.000000000000000000e+00
1.043080000000000007e+00,-1.101000000000000069e-02,-1.343889617352043639e-02,0.000000000000000000e+00
1.062589999999999923e+00,-1.174000000000000044e-02,-1.163886441496537853e-02,0.000000000000000000e+00
1.062589999999999923e+00,-1.174000000000000044e-02,-1.163886441496537853e-02,0.000000000000000000e+00
1.078989999999999894e+00,-1.239999999999999956e-02,-1.365906749113387705e-02,0.000000000000000000e+00
1.080379999999999896e+00,-1.246000000000000059e-02,-1.387277945854657225e-02,0.000000000000000000e+00
1.091129999999999933e+00,-1.233000000000000068e-02,-1.456702903732294031e-02,0.000000000000000000e+00
1.111250000000000071e+00,-1.273999999999999959e-02,-1.503359637871001624e-02,0.000000000000000000e+00
1.111250000000000071e+00,-1.273999999999999959e-02,-1.503359637871001624e-02,0.000000000000000000e+00
1.135960000000000081e+00,-1.392999999999999967e-02,-1.511719945933592303e-02,0.000000000000000000e+00
1.135960000000000081e+00,-1.392999999999999967e-02,-1.511719945933592303e-02,0.000000000000000000e+00
1.152609999999999912e+00,-1.406999999999999917e-02,-1.546555199583760781e-02,0.000000000000000000e+00
1.152609999999999912e+00,-1.406999999999999917e-02,-1.546555199583760781e-02,0.000000000000000000e+00
1.176719999999999988e+00,-1.353999999999999995e-02,-1.379132022463768446e-02,0.000000000000000000e+00
1.176719999999999988e+00,-1.353999999999999995e-02,-1.379132022463768446e-02,0.000000000000000000e+00
1.189200000000000035e+00,-1.365000000000000067e-02,-1.408344996647419370e-02,0.000000000000000000e+00
1.189200000000000035e+00,-1.365000000000000067e-02,-1.408344996647419370e-02,0.000000000000000000e+00
1.205699999999999994e+00,-1.396000000000000019e-02,-1.425294175352664373e-02,0.000000000000000000e+00
1.222539999999999960e+00,-1.454000000000000084e-02,-1.727892550615543407e-02,0.000000000000000000e+00
1.222539999999999960e+00,-1.454000000000000084e-02,-1.727892550615543407e-02,0.000000000000000000e+00
1.223989999999999911e+00,-1.460000000000000013e-02,-1.756556822921606989e-02,0.000000000000000000e+00
1.244189999999999907e+00,-1.593999999999999931e-02,-1.549329153695736330e-02,0.000000000000000000e+00
1.246220000000000105e+00,-1.607000000000000095e-02,-1.528662135859816182e-02,0.000000000000000000e+00
1.258099999999999996e+00,-1.682000000000000162e-02,-1.560613137435644046e-02,0.000000000000000000e+00
1.273470000000000102e+00,-1.685999999999999999e-02,-1.838927720749525610e-02,0.000000000000000000e+00
1.290929999999999911e+00,-1.731999999999999859e-02,-1.626763568270749027e-02,0.000000000000000000e+00
1.290929999999999911e+00,-1.731999999999999859e-02,-1.626763568270749027e-02,0.000000000000000000e+00
1.302890000000000104e+00,-1.717000000000000123e-02,-2.129163021327443173e-02,0.000000000000000000e+00
1.302890000000000104e+00,-1.717000000000000123e-02,-2.129163021327443173e-02,0.000000000000000000e+00
1.324929999999999941e+00,-1.833999999999999866e-02,-1.776026710912286671e-02,0.000000000000000000e+00
1.324929999999999941e+00,-1.833999999999999866e-02,-1.776026710912286671e-02,0.000000000000000000e+00
1.342510000000000092e+00,-1.896000000000000116e-02,-1.990146402507262172e-02,0.000000000000000000e+00
1.342510000000000092e+00,-1.896000000000000116e-02,-1.990146402507262172e-02,0.000000000000000000e+00
1.355730000000000102e+00,-1.907999999999999974e-02,-2.068632430030068262e-02,0.000000000000000000e+00
1.378270000000000106e+00,-1.958000000000000018e-02,-1.832029805139243420e-02,0.000000000000000000e+00
1.378270000000000106e+00,-1.958000000000000018e-02,-1.832029805139243420e-02,0.000000000000000000e+00
1.396830000000000016e+00,-2.015000000000000124e-02,-1.593123377057589773e-02,0.000000000000000000e+00
1.396830000000000016e+00,-2.015000000000000124e-02,-1.593123377057589773e-02,0.000000000000000000e+00
1.415010000000000101e+00,-2.062999999999999903e-02,-1.586606330886293839e-02,0.000000000000000000e+00
1.416590000000000016e+00,-2.067000000000000087e-02,-1.587925217395858013e-02,0.000000000000000000e+00
1.432909999999999906e+00,-2.117000000000000132e-02,-1.870770046313878152e-02,0.000000000000000000e+00
1.434530000000000083e+00,-2.121999999999999928e-02,-1.898634891777742709e-02,0.000000000000000000e+00
1.446099999999999941e+00,-2.168000000000000135e-02,-1.909195342045487756e-02,0.000000000000000000e+00
1.464439999999999964e+00,-2.281000000000000041e-02,-1.732808384138724220e-02,0.000000000000000000e+00
1.465889999999999915e+00,-2.289000000000000062e-02,-1.717902317177033567e-02,0.000000000000000000e+00
1.477289999999999992e+00,-2.353999999999999843e-02,-1.997118493011541471e-02,0.000000000000000000e+00
1.489679999999999893e+00,-2.381000000000000130e-02,-2.055088112583657034e-02,0.000000000000000000e+00
1.489679999999999893e+00,-2.381000000000000130e-02,-2.055088112583657034e-02,0.000000000000000000e+00
1.513779999999999903e+00,-2.438999999999999849e-02,-2.071921599445019843e-02,0.000000000000000000e+00
1.513779999999999903e+00,-2.438999999999999849e-02,-2.071921599445019843e-02,0.000000000000000000e+00
1.527479999999999949e+00,-2.443000000000000033e-02,-2.072066396649366316e-02,0.000000000000000000e+00
1.546019999999999950e+00,-2.430999999999999828e-02,-2.198886536583826573e-02,0.000000000000000000e+00
1.546019999999999950e+00,-2.430999999999999828e-02,-2.198886536583826573e-02,0.000000000000000000e+00
1.565199999999999925e+00,-2.458000000000000115e-02,-2.223582938586023475e-02,0.000000000000000000e+00
1.565199999999999925e+00,-2.458000000000000115e-02,-2.223582938586023475e-02,0.000000000000000000e+00
1.583730000000000082e+00,-2.525000000000000161e-02,-2.524022545189588684e-02,0.000000000000000000e+00
1.603169999999999984e+00,-2.506999999999999854e-02,-2.301010544887843734e-02,0.000000000000000000e+00
1.603169999999999984e+00,-2.506999999999999854e-02,-2.301010544887843734e-02,0.000000000000000000e+00
1.616919999999999913e+00,-2.481999999999999831e-02,-2.318600873200235904e-02,0.000000000000000000e+00
1.616919999999999913e+00,-2.481999999999999831e-02,-2.318600873200235904e-02,0.000000000000000000e+00
1.629550000000000054e+00,-2.494999999999999996e-02,-2.317443847131097148e-02,0.000000000000000000e+00
1.630619999999999958e+00,-2.496999999999999914e-02,-2.316883683942169009e-02,0.000000000000000000e+00
1.649180000000000090e+00,-2.565999999999999878e-02,-2.090106750698676741e-02,0.000000000000000000e+00
1.662970000000000059e+00,-2.605999999999999983e-02,-2.106673121800914025e-02,0.000000000000000000e+00
1.662970000000000059e+00,-2.605999999999999983e-02,-2.106673121800914025e-02,0.000000000000000000e+00
1.681759999999999922e+00,-2.675999999999999907e-02,-2.384689056589418821e-02,0.000000000000000000e+00
1.681759999999999922e+00,-2.675999999999999907e-02,-2.384689056589418821e-02,0.000000000000000000e+00
1.695780000000000065e+00,-2.758999999999999994e-02,-2.504462585740219877e-02,0.000000000000000000e+00
1.696939999999999893e+00,-2.767000000000000015e-02,-2.513006005464886103e-02,0.000000000000000000e+00
1.715529999999999999e+00,-2.895999999999999963e-02,-2.530187376618633563e-02,0.000000000000000000e+00
1.729349999999999943e+00,-2.918000000000000108e-02,-2.533695564305551290e-02,0.000000000000000000e+00
1.729349999999999943e+00,-2.918000000000000108e-02,-2.533695564305551290e-02,0.000000000000000000e+00
1.749470000000000081e+00,-2.972999999999999948e-02,-2.532860436375676191e-02,0.000000000000000000e+00
1.751230000000000064e+00,-2.978000000000000091e-02,-2.532841729992534388e-02,0.000000000000000000e+00
1.763789999999999969e+00,-3.040999999999999953e-02,-2.377533846252033109e-02,0.000000000000000000e+00
1.776950000000000029e+00,-3.077999999999999833e-02,-2.652712338169042894e-02,0.000000000000000000e+00
1.776950000000000029e+00,-3.077999999999999833e-02,-2.652712338169042894e-02,0.000000000000000000e+00
1.797099999999999920e+00,-3.166000000000000064e-02,-2.717977414107579717e-02,0.000000000000000000e+00
1.798890000000000100e+00,-3.173999999999999738e-02,-2.721745356776453934e-02,0.000000000000000000e+00
1.811039999999999983e+00,-3.232999999999999763e-02,-3.051924511857221842e-02,0.000000000000000000e+00
1.838929999999999954e+00,-3.286000000000000032e-02,-2.841776309405848536e-02,0.000000000000000000e+00
1.838929999999999954e+00,-3.286000000000000032e-02,-2.841776309405848536e-02,0.000000000000000000e+00
1.846819999999999906e+00,-3.243999999999999662e-02,-2.852646223084037008e-02,0.000000000000000000e+00
1.846819999999999906e+00,-3.243999999999999662e-02,-2.852646223084037008e-02,0.000000000000000000e+00
1.860349999999999948e+00,-3.264000000000000234e-02,-2.575296767433450998e-02,0.000000000000000000e+00
1.873879999999999990e+00,-3.329000000000000015e-02,-2.853952195177404672e-02,0.000000000000000000e+00
1.873879999999999990e+00,-3.329000000000000015e-02,-2.853952195177404672e-02,0.000000000000000000e+00
1.873879999999999990e+00,-3.329000000000000015e-02,-2.853952195177404672e-02,0.000000000000000000e+00
1.887699999999999934e+00,-3.393000000000000183e-02,-2.905692710357164407e-02,0.000000000000000000e+00
1.909370000000000012e+00,-3.502999999999999864e-02,-2.697259819711491854e-02,0.000000000000000000e+00
1.916830000000000034e+00,-3.552000000000000296e-02,-2.711651895874374676e-02,0.000000000000000000e+00
1.916830000000000034e+00,-3.552000000000000296e-02,-2.711651895874374676e-02,0.000000000000000000e+00
1.937200000000000033e+00,-3.699000000000000205e-02,-3.060351593032294495e-02,0.000000000000000000e+00
1.937200000000000033e+00,-3.699000000000000205e-02,-3.060351593032294495e-02,0.000000000000000000e+00
1.951859999999999928e+00,-3.760999999999999760e-02,-3.105875255782017397e-02,0.000000000000000000e+00
1.953189999999999982e+00,-3.765999999999999903e-02,-3.107215491277424968e-02,0.000000000000000000e+00
1.966239999999999988e+00,-3.801000000000000212e-02,-2.842852108503774941e-02,0.000000000000000000e+00
1.987379999999999924e+00,-3.873000000000000054e-02,-2.812813269236631719e-02,0.000000000000000000e+00
1.987379999999999924e+00,-3.873000000000000054e-02,-2.812813269236631719e-02,0.000000000000000000e+00
2.000739999999999963e+00,-3.892000000000000320e-02,-2.819526675596923521e-02,0.000000000000000000e+00
2.001799999999999802e+00,-3.892999999999999933e-02,-2.820171014930628745e-02,0.000000000000000000e+00
2.013129999999999864e+00,-3.953000000000000264e-02,-2.917162050839907164e-02,0.000000000000000000e+00
2.025399999999999867e+00,-4.025000000000000105e-02,-2.956554524169895462e-02,0.000000000000000000e+00
2.025399999999999867e+00,-4.025000000000000105e-02,-2.956554524169895462e-02,0.000000000000000000e+00
2.021580000000000155e+00,-3.969999999999999918e-02,-2.953737569747966543e-02,0.000000000000000000e+00
2.021580000000000155e+00,-3.969999999999999918e-02,-2.953737569747966543e-02,0.000000000000000000e+00
2.039509999999999934e+00,-4.046999999999999903e-02,-2.929969766867489278e-02,0.000000000000000000e+00
2.043130000000000113e+00,-4.055999999999999883e-02,-2.959509885821743486e-02,0.000000000000000000e+00
2.043130000000000113e+00,-4.055999999999999883e-02,-2.959509885821743486e-02,0.000000000000000000e+00
2.043320000000000025e+00,-4.055999999999999883e-02,-2.962559485652236507e-02,0.000000000000000000e+00
2.053319999999999812e+00,-4.080000000000000293e-02,-2.985533894262782165e-02,0.000000000000000000e+00
2.055940000000000101e+00,-4.046999999999999903e-02,-2.967688906462478959e-02,0.000000000000000000e+00
2.055940000000000101e+00,-4.046999999999999903e-02,-2.967688906462478959e-02,0.000000000000000000e+00
2.056099999999999817e+00,-4.043999999999999678e-02,-2.965796578460915683e-02,0.000000000000000000e+00
2.056099999999999817e+00,-4.043999999999999678e-02,-2.965796578460915683e-02,0.000000000000000000e+00
2.057259999999999867e+00,-4.059000000000000108e-02,-3.001364257715792225e-02,0.000000000000000000e+00
2.059200000000000141e+00,-4.066999999999999782e-02,-3.007537408273640994e-02,0.000000000000000000e+00
2.059200000000000141e+00,-4.066999999999999782e-02,-3.007537408273640994e-02,0.000000000000000000e+00
2.067680000000000184e+00,-4.098999999999999866e-02,-3.008641807019844794e-02,0.000000000000000000e+00
2.067680000000000184e+00,-4.098999999999999866e-02,-3.008641807019844794e-02,0.000000000000000000e+00
2.067680000000000184e+00,-4.098999999999999866e-02,-3.008641807019844794e-02,0.000000000000000000e+00
2.067680000000000184e+00,-4.098999999999999866e-02,-3.008641807019844794e-02,0.000000000000000000e+00
2.067680000000000184e+00,-4.098999999999999866e-02,-3.008641807019844794e-02,0.000000000000000000e+00
2.067489999999999828e+00,-4.127000000000000113e-02,-3.029232318186875564e-02,0.000000000000000000e+00
2.067390000000000061e+00,-4.130000000000000338e-02,-3.003483630209515323e-02,0.000000000000000000e+00
2.067390000000000061e+00,-4.130000000000000338e-02,-3.003483630209515323e-02,0.000000000000000000e+00
2.067579999999999973e+00,-4.100000000000000172e-02,-3.031811879882333541e-02,0.000000000000000000e+00
2.067579999999999973e+00,-4.100000000000000172e-02,-3.031811879882333541e-02,0.000000000000000000e+00
2.067579999999999973e+00,-4.100000000000000172e-02,-3.031811879882333541e-02,0.000000000000000000e+00
2.067579999999999973e+00,-4.100000000000000172e-02,-3.031811879882333541e-02,0.000000000000000000e+00
2.067579999999999973e+00,-4.100000000000000172e-02,-3.031811879882333541e-02,0.000000000000000000e+00
2.067600000000000104e+00,-4.096999999999999947e-02,-3.034286386418347942e-02,0.000000000000000000e+00
2.059639999999999915e+00,-4.043000000000000066e-02,-2.997377713187106621e-02,0.000000000000000000e+00
2.066139999999999866e+00,-4.096999999999999947e-02,-3.289589695816140524e-02,0.000000000000000000e+00
2.067019999999999857e+00,-4.102000000000000091e-02,-3.316521872766560464e-02,0.000000000000000000e+00
2.067019999999999857e+00,-4.102000000000000091e-02,-3.316521872766560464e-02,0.000000000000000000e+00
2.067029999999999923e+00,-4.100000000000000172e-02,-3.316203516437248033e-02,0.000000000000000000e+00
2.067029999999999923e+00,-4.100000000000000172e-02,-3.316203516437248033e-02,0.000000000000000000e+00
2.067639999999999922e+00,-4.125000000000000194e-02,-3.062080077141534837e-02,0.000000000000000000e+00
2.067689999999999806e+00,-4.127000000000000113e-02,-3.040638211123508974e-02,0.000000000000000000e+00
-8.899999999999999491e-04,2.200000000000000078e-04,0.000000000000000000e+00,0.000000000000000000e+00
-8.899999999999999491e-04,2.200000000000000078e-04,0.000000000000000000e+00,0.000000000000000000e+00
5.800000000000000034e-04,-1.499999999999999869e-04,-2.336081116028791010e-03,0.000000000000000000e+00
5.800000000000000034e-04,-1.499999999999999869e-04,-2.336081116028791010e-03,0.000000000000000000e+00
-6.300000000000000261e-04,1.200000000000000030e-04,-1.543292331670974901e-03,0.000000000000000000e+00
-6.999999999999999929e-04,1.399999999999999877e-04,-1.074632446781499662e-03,0.000000000000000000e+00
-6.999999999999999929e-04,1.399999999999999877e-04,-1.074632446781499662e-03,0.000000000000000000e+00
-6.899999999999999667e-04,1.100000000000000039e-04,-1.414102060193303230e-03,0.000000000000000000e+00
-6.899999999999999667e-04,1.100000000000000039e-04,-1.414102060193303230e-03,0.000000000000000000e+00
-4.400000000000000157e-04,-6.999999999999999387e-05,-1.445529481079721066e-03,0.000000000000000000e+00
-4.400000000000000157e-04,-6.999999999999999387e-05,-1.445529481079721066e-03,0.000000000000000000e+00
-2.200000000000000078e-04,0.000000000000000000e+00,-2.413653445013150441e-03,0.000000000000000000e+00
-2.100000000000000087e-04,1.000000000000000082e-05,-2.485098410011460368e-03,0.000000000000000000e+00
1.289999999999999914e-03,-1.399999999999999877e-04,-4.688374483350990236e-04,0.000000000000000000e+00
4.910000000000000302e-03,-3.899999999999999929e-04,-3.792934286025892617e-03,0.000000000000000000e+00
4.910000000000000302e-03,-3.899999999999999929e-04,-3.792934286025892617e-03,0.000000000000000000e+00
8.359999999999999376e-03,-2.900000000000000017e-04,-4.658560552927792052e-03,0.000000000000000000e+00
1.485999999999999995e-02,-1.800000000000000113e-04,-3.388250615151441707e-03,0.000000000000000000e+00
1.485999999999999995e-02,-1.800000000000000113e-04,-3.388250615151441707e-03,0.000000000000000000e+00
2.285999999999999838e-02,-3.000000000000000076e-05,-6.000080446346174948e-03,0.000000000000000000e+00
2.285999999999999838e-02,-3.000000000000000076e-05,-6.000080446346174948e-03,0.000000000000000000e+00
3.255999999999999867e-02,-2.300000000000000070e-04,-6.202088547785289917e-03,0.000000000000000000e+00
3.255999999999999867e-02,-2.300000000000000070e-04,-6.202088547785289917e-03,0.000000000000000000e+00
3.948000000000000120e-02,4.800000000000000122e-04,-6.891247782518614660e-03,0.000000000000000000e+00
5.226999999999999702e-02,1.800000000000000113e-04,-8.420056608498724046e-03,0.000000000000000000e+00
5.226999999999999702e-02,1.800000000000000113e-04,-8.420056608498724046e-03,0.000000000000000000e+00
6.265999999999999348e-02,6.000000000000000152e-05,-6.201403892942540519e-03,0.000000000000000000e+00
6.265999999999999348e-02,6.000000000000000152e-05,-6.201403892942540519e-03,0.000000000000000000e+00
7.742000000000000270e-02,8.000000000000000654e-05,-5.340732472674706612e-03,0.000000000000000000e+00
7.742000000000000270e-02,8.000000000000000654e-05,-5.340732472674706612e-03,0.000000000000000000e+00
8.891999999999999904e-02,1.399999999999999877e-04,-5.655083453837137994e-03,0.000000000000000000e+00
8.977999999999999869e-02,1.499999999999999869e-04,-5.684813051955884405e-03,0.000000000000000000e+00
1.045999999999999985e-01,-2.999999999999999737e-04,-3.076753480128561688e-03,0.000000000000000000e+00
1.057300000000000045e-01,-3.200000000000000262e-04,-2.878746044104116796e-03,0.000000000000000000e+00
1.153499999999999942e-01,-1.000000000000000082e-05,-3.358477671193711624e-03,0.000000000000000000e+00
1.309299999999999908e-01,-7.100000000000000191e-04,-3.426735579365363608e-03,0.000000000000000000e+00
1.309299999999999908e-01,-7.100000000000000191e-04,-3.426735579365363608e-03,0.000000000000000000e+00
1.472600000000000020e-01,-1.289999999999999914e-03,-3.097673950837494684e-03,0.000000000000000000e+00
1.472600000000000020e-01,-1.289999999999999914e-03,-3.097673950837494684e-03,0.000000000000000000e+00
1.651400000000000090e-01,-2.439999999999999895e-03,-3.388334228045652465e-03,0.000000000000000000e+00
1.666499999999999926e-01,-2.540000000000000157e-03,-3.417777192658283739e-03,0.000000000000000000e+00
1.814000000000000057e-01,-2.860000000000000129e-03,-6.149092680404262545e-03,0.000000000000000000e+00
1.970600000000000129e-01,-3.099999999999999891e-03,-5.877291298162471908e-03,0.000000000000000000e+00
1.970600000000000129e-01,-3.099999999999999891e-03,-5.877291298162471908e-03,0.000000000000000000e+00
2.126300000000000134e-01,-3.129999999999999970e-03,-2.881939724208219464e-03,0.000000000000000000e+00
2.126300000000000134e-01,-3.129999999999999970e-03,-2.881939724208219464e-03,0.000000000000000000e+00
2.126300000000000134e-01,-3.129999999999999970e-03,-2.881939724208219464e-03,0.000000000000000000e+00
2.126300000000000134e-01,-3.129999999999999970e-03,-2.881939724208219464e-03,0.000000000000000000e+00
2.548199999999999910e-01,-1.940000000000000101e-03,-4.321836017178108669e-03,0.000000000000000000e+00
2.690600000000000214e-01,-1.680000000000000070e-03,-4.374596808869762529e-03,0.000000000000000000e+00
2.690600000000000214e-01,-1.680000000000000070e-03,-4.374596808869762529e-03,0.000000000000000000e+00
2.858499999999999930e-01,-1.820000000000000003e-03,-4.382770355776670519e-03,0.000000000000000000e+00
2.858499999999999930e-01,-1.820000000000000003e-03,-4.382770355776670519e-03,0.000000000000000000e+00
2.871600000000000263e-01,-1.840000000000000056e-03,-4.382468595539719576e-03,0.000000000000000000e+00
3.058600000000000207e-01,-2.190000000000000106e-03,-8.538506633141313210e-03,0.000000000000000000e+00
3.190500000000000003e-01,-2.439999999999999895e-03,-9.160435587074236205e-03,0.000000000000000000e+00
3.366700000000000248e-01,-2.619999999999999933e-03,-7.206955314590824009e-03,0.000000000000000000e+00
3.366700000000000248e-01,-2.619999999999999933e-03,-7.206955314590824009e-03,0.000000000000000000e+00
3.539399999999999769e-01,-3.079999999999999839e-03,-9.419670283877095221e-03,0.000000000000000000e+00
3.539399999999999769e-01,-3.079999999999999839e-03,-9.419670283877095221e-03,0.000000000000000000e+00
3.653199999999999781e-01,-3.439999999999999915e-03,-6.846407341561444593e-03,0.000000000000000000e+00
3.653199999999999781e-01,-3.439999999999999915e-03,-6.846407341561444593e-03,0.000000000000000000e+00
3.819799999999999862e-01,-3.899999999999999821e-03,-5.775586282831100642e-03,0.000000000000000000e+00
3.819799999999999862e-01,-3.899999999999999821e-03,-5.775586282831100642e-03,0.000000000000000000e+00
4.016000000000000125e-01,-4.530000000000000172e-03,-5.419800635399041333e-03,0.000000000000000000e+00
4.030699999999999839e-01,-4.579999999999999870e-03,-5.398565064495343228e-03,0.000000000000000000e+00
4.235800000000000121e-01,-5.850000000000000165e-03,-5.406119091108134954e-03,0.000000000000000000e+00
4.400600000000000067e-01,-6.190000000000000190e-03,-5.532799630708340292e-03,0.000000000000000000e+00
4.400600000000000067e-01,-6.190000000000000190e-03,-5.532799630708340292e-03,0.000000000000000000e+00
4.531499999999999972e-01,-5.910000000000000323e-03,-5.036424781574627349e-03,0.000000000000000000e+00
4.531499999999999972e-01,-5.910000000000000323e-03,-5.036424781574627349e-03,0.000000000000000000e+00
4.711699999999999777e-01,-5.680000000000000153e-03,-7.981717325225075321e-03,0.000000000000000000e+00
4.727500000000000036e-01,-5.669999999999999693e-03,-8.264228629715448388e-03,0.000000000000000000e+00
4.897599999999999731e-01,-6.250000000000000347e-03,-8.584464529064165725e-03,0.000000000000000000e+00
5.036599999999999966e-01,-6.230000000000000294e-03,-1.079235833545044362e-02,0.000000000000000000e+00
5.036599999999999966e-01,-6.230000000000000294e-03,-1.079235833545044362e-02,0.000000000000000000e+00
5.265800000000000480e-01,-5.179999999999999709e-03,-1.254548794707475816e-02,0.000000000000000000e+00
5.265800000000000480e-01,-5.179999999999999709e-03,-1.254548794707475816e-02,0.000000000000000000e+00
5.467499999999999583e-01,-5.550000000000000246e-03,-1.285803589776762096e-02,0.000000000000000000e+00
5.635000000000000009e-01,-5.930000000000000375e-03,-1.262614842813850578e-02,0.000000000000000000e+00
5.635000000000000009e-01,-5.930000000000000375e-03,-1.262614842813850578e-02,0.000000000000000000e+00
5.799600000000000311e-01,-6.429999999999999952e-03,-9.361180753105532992e-03,0.000000000000000000e+00
5.799600000000000311e-01,-6.429999999999999952e-03,-9.361180753105532992e-03,0.000000000000000000e+00
5.915399999999999547e-01,-6.680000000000000174e-03,-7.801166497755499148e-03,0.000000000000000000e+00
5.915399999999999547e-01,-6.680000000000000174e-03,-7.801166497755499148e-03,0.000000000000000000e+00
6.093100000000000183e-01,-7.349999999999999763e-03,-7.975357982273537441e-03,0.000000000000000000e+00
6.112900000000000000e-01,-7.429999999999999973e-03,-8.008466130329617433e-03,0.000000000000000000e+00
6.241999999999999771e-01,-7.409999999999999920e-03,-8.611038660773281256e-03,0.000000000000000000e+00
6.436800000000000299e-01,-7.910000000000000364e-03,-8.510381196107856538e-03,0.000000000000000000e+00
6.436800000000000299e-01,-7.910000000000000364e-03,-8.510381196107856538e-03,0.000000000000000000e+00
6.436800000000000299e-01,-7.910000000000000364e-03,-8.510381196107856538e-03,0.000000000000000000e+00
6.580700000000000438e-01,-7.900000000000000772e-03,-8.927452650593022815e-03,0.000000000000000000e+00
6.743799999999999795e-01,-8.259999999999999981e-03,-9.409307138626655728e-03,0.000000000000000000e+00
6.743799999999999795e-01,-8.259999999999999981e-03,-9.409307138626655728e-03,0.000000000000000000e+00
7.004299999999999971e-01,-9.369999999999999857e-03,-1.300186143911398994e-02,0.000000000000000000e+00
7.180499999999999661e-01,-9.719999999999999474e-03,-1.130116796851371105e-02,0.000000000000000000e+00
7.180499999999999661e-01,-9.719999999999999474e-03,-1.130116796851371105e-02,0.000000000000000000e+00
7.326399999999999579e-01,-9.769999999999999171e-03,-1.341295551083531573e-02,0.000000000000000000e+00
7.326399999999999579e-01,-9.769999999999999171e-03,-1.341295551083531573e-02,0.000000000000000000e+00
7.473100000000000298e-01,-1.004000000000000031e-02,-1.231631466176974152e-02,0.000000000000000000e+00
7.473100000000000298e-01,-1.004000000000000031e-02,-1.231631466176974152e-02,0.000000000000000000e+00
7.621099999999999541e-01,-1.026000000000000002e-02,-1.269839084805858380e-02,0.000000000000000000e+00
7.621099999999999541e-01,-1.026000000000000002e-02,-1.269839084805858380e-02,0.000000000000000000e+00
7.621099999999999541e-01,-1.026000000000000002e-02,-1.269839084805858380e-02,0.000000000000000000e+00
7.621099999999999541e-01,-1.026000000000000002e-02,-1.269839084805858380e-02,0.000000000000000000e+00
7.948499999999999455e-01,-1.108999999999999916e-02,-9.518214310369444223e-03,0.000000000000000000e+00
8.124700000000000255e-01,-1.204999999999999995e-02,-1.199968588789779474e-02,0.000000000000000000e+00
8.124700000000000255e-01,-1.204999999999999995e-02,-1.199968588789779474e-02,0.000000000000000000e+00
8.355299999999999949e-01,-1.148000000000000062e-02,-1.326740620574274818e-02,0.000000000000000000e+00
8.505800000000000027e-01,-1.161000000000000053e-02,-1.388274267008888715e-02,0.000000000000000000e+00
8.505800000000000027e-01,-1.161000000000000053e-02,-1.388274267008888715e-02,0.000000000000000000e+00
8.713999999999999524e-01,-1.213999999999999975e-02,-1.375238258661604096e-02,0.000000000000000000e+00
8.740999999999999881e-01,-1.221000000000000037e-02,-1.372640799132288959e-02,0.000000000000000000e+00
8.740999999999999881e-01,-1.221000000000000037e-02,-1.372640799132288959e-02,0.000000000000000000e+00
8.852299999999999613e-01,-1.252999999999999947e-02,-1.459336925765815883e-02,0.000000000000000000e+00
8.990599999999999703e-01,-1.255000000000000039e-02,-1.506542509163835003e-02,0.000000000000000000e+00
8.990599999999999703e-01,-1.255000000000000039e-02,-1.506542509163835003e-02,0.000000000000000000e+00
9.177100000000000257e-01,-1.268000000000000030e-02,-1.541502529738714850e-02,0.000000000000000000e+00
9.323700000000000321e-01,-1.280000000000000061e-02,-1.762340840902241676e-02,0.000000000000000000e+00
9.323700000000000321e-01,-1.280000000000000061e-02,-1.762340840902241676e-02,0.000000000000000000e+00
9.516299999999999759e-01,-1.316999999999999942e-02,-1.381802180819320484e-02,0.000000000000000000e+00
9.539699999999999847e-01,-1.319999999999999993e-02,-1.326538984025154265e-02,0.000000000000000000e+00
9.679299999999999571e-01,-1.345999999999999974e-02,-1.821558150168142709e-02,0.000000000000000000e+00
9.691100000000000270e-01,-1.348000000000000066e-02,-1.862991981093907110e-02,0.000000000000000000e+00
9.836500000000000243e-01,-1.382000000000000069e-02,-1.692757395380928287e-02,0.000000000000000000e+00
9.988399999999999501e-01,-1.426999999999999970e-02,-1.929174437848307430e-02,0.000000000000000000e+00
9.988399999999999501e-01,-1.426999999999999970e-02,-1.929174437848307430e-02,0.000000000000000000e+00
1.014790000000000081e+00,-1.490000000000000005e-02,-1.730069187810249348e-02,0.000000000000000000e+00
1.034720000000000084e+00,-1.585999999999999910e-02,-1.314648588211166438e-02,0.000000000000000000e+00
1.034720000000000084e+00,-1.585999999999999910e-02,-1.314648588211166438e-02,0.000000000000000000e+00
1.050589999999999913e+00,-1.674000000000000141e-02,-1.529104224347271890e-02,0.000000000000000000e+00
1.050589999999999913e+00,-1.674000000000000141e-02,-1.529104224347271890e-02,0.000000000000000000e+00
1.067010000000000014e+00,-1.706999999999999837e-02,-1.617267139697686068e-02,0.000000000000000000e+00
1.068359999999999976e+00,-1.710000000000000062e-02,-1.622785013760461720e-02,0.000000000000000000e+00
1.079280000000000017e+00,-1.716000000000000164e-02,-1.678400693765893376e-02,0.000000000000000000e+00
1.107299999999999951e+00,-1.895000000000000157e-02,-1.914136623039941129e-02,0.000000000000000000e+00
1.107299999999999951e+00,-1.895000000000000157e-02,-1.914136623039941129e-02,0.000000000000000000e+00
1.124670000000000059e+00,-1.951999999999999916e-02,-1.991166521263464453e-02,0.000000000000000000e+00
1.124670000000000059e+00,-1.951999999999999916e-02,-1.991166521263464453e-02,0.000000000000000000e+00
1.140589999999999993e+00,-1.951999999999999916e-02,-2.234160899701685687e-02,0.000000000000000000e+00
1.141960000000000086e+00,-1.951999999999999916e-02,-2.256023662009709260e-02,0.000000000000000000e+00
1.153059999999999974e+00,-1.951999999999999916e-02,-2.061611967293474484e-02,0.000000000000000000e+00
1.173689999999999900e+00,-2.034000000000000044e-02,-2.059501079550835057e-02,0.000000000000000000e+00
1.173689999999999900e+00,-2.034000000000000044e-02,-2.059501079550835057e-02,0.000000000000000000e+00
1.197710000000000052e+00,-1.999000000000000082e-02,-1.880062384236428144e-02,0.000000000000000000e+00
1.197710000000000052e+00,-1.999000000000000082e-02,-1.880062384236428144e-02,0.000000000000000000e+00
1.215209999999999901e+00,-2.043000000000000024e-02,-1.955445021478135342e-02,0.000000000000000000e+00
1.215209999999999901e+00,-2.043000000000000024e-02,-1.955445021478135342e-02,0.000000000000000000e+00
1.236490000000000089e+00,-2.137999999999999970e-02,-2.217774109044763978e-02,0.000000000000000000e+00
1.249200000000000088e+00,-2.177000000000000116e-02,-2.043897535255416800e-02,0.000000000000000000e+00
1.249200000000000088e+00,-2.177000000000000116e-02,-2.043897535255416800e-02,0.000000000000000000e+00
1.266140000000000043e+00,-2.268999999999999836e-02,-2.275778167156419438e-02,0.000000000000000000e+00
1.266140000000000043e+00,-2.268999999999999836e-02,-2.275778167156419438e-02,0.000000000000000000e+00
1.278599999999999959e+00,-2.310999999999999860e-02,-2.303722102652275630e-02,0.000000000000000000e+00
1.279519999999999991e+00,-2.314000000000000085e-02,-2.304349315612832724e-02,0.000000000000000000e+00
1.295379999999999976e+00,-2.364000000000000129e-02,-2.127226515568864801e-02,0.000000000000000000e+00
1.312729999999999952e+00,-2.401999999999999968e-02,-2.367792438211726788e-02,0.000000000000000000e+00
1.312729999999999952e+00,-2.401999999999999968e-02,-2.367792438211726788e-02,0.000000000000000000e+00
1.330430000000000001e+00,-2.483000000000000138e-02,-2.185026405366431029e-02,0.000000000000000000e+00
1.330430000000000001e+00,-2.483000000000000138e-02,-2.185026405366431029e-02,0.000000000000000000e+00
1.348100000000000076e+00,-2.549999999999999836e-02,-2.505949125050547024e-02,0.000000000000000000e+00
1.348100000000000076e+00,-2.549999999999999836e-02,-2.505949125050547024e-02,0.000000000000000000e+00
1.365990000000000038e+00,-2.597000000000000003e-02,-2.270601913844047179e-02,0.000000000000000000e+00
1.367450000000000054e+00,-2.600999999999999840e-02,-2.247451961365553100e-02,0.000000000000000000e+00
1.378230000000000066e+00,-2.576000000000000165e-02,-2.531603011438549392e-02,0.000000000000000000e+00
1.400740000000000096e+00,-2.702999999999999847e-02,-2.834666277471513743e-02,0.000000000000000000e+00
1.400740000000000096e+00,-2.702999999999999847e-02,-2.834666277471513743e-02,0.000000000000000000e+00
1.419880000000000031e+00,-2.785999999999999935e-02,-2.638220179988737604e-02,0.000000000000000000e+00
1.419880000000000031e+00,-2.785999999999999935e-02,-2.638220179988737604e-02,0.000000000000000000e+00
1.438069999999999959e+00,-2.829999999999999877e-02,-2.641775971296902309e-02,0.000000000000000000e+00
1.456590000000000051e+00,-2.885000000000000064e-02,-2.414072493403546585e-02,0.000000000000000000e+00
1.456590000000000051e+00,-2.885000000000000064e-02,-2.414072493403546585e-02,0.000000000000000000e+00
1.470089999999999897e+00,-2.956999999999999906e-02,-2.155931397788603265e-02,0.000000000000000000e+00
1.470089999999999897e+00,-2.956999999999999906e-02,-2.155931397788603265e-02,0.000000000000000000e+00
1.488380000000000036e+00,-3.081000000000000058e-02,-2.207125437516829075e-02,0.000000000000000000e+00
1.490040000000000031e+00,-3.091999999999999957e-02,-2.214478353984023970e-02,0.000000000000000000e+00
1.501279999999999948e+00,-3.124000000000000041e-02,-2.456018560784830468e-02,0.000000000000000000e+00
1.525069999999999926e+00,-3.205999999999999822e-02,-2.519213755069938179e-02,0.000000000000000000e+00
1.525069999999999926e+00,-3.205999999999999822e-02,-2.519213755069938179e-02,0.000000000000000000e+00
1.539570000000000105e+00,-3.081000000000000058e-02,-2.411005392588634610e-02,0.000000000000000000e+00
1.539570000000000105e+00,-3.081000000000000058e-02,-2.411005392588634610e-02,0.000000000000000000e+00
1.557909999999999906e+00,-3.135000000000000286e-02,-2.371598094518098318e-02,0.000000000000000000e+00
1.559600000000000097e+00,-3.141000000000000042e-02,-2.368736750973440136e-02,0.000000000000000000e+00
1.571379999999999999e+00,-3.169000000000000289e-02,-2.405630945369479148e-02,0.000000000000000000e+00
1.590319999999999956e+00,-3.221000000000000252e-02,-2.434607313656779112e-02,0.000000000000000000e+00
1.590319999999999956e+00,-3.221000000000000252e-02,-2.434607313656779112e-02,0.000000000000000000e+00
1.615180000000000060e+00,-3.273999999999999827e-02,-2.703196540074967458e-02,0.000000000000000000e+00
1.629329999999999945e+00,-3.303999999999999992e-02,-2.778086972300246316e-02,0.000000000000000000e+00
1.629329999999999945e+00,-3.303999999999999992e-02,-2.778086972300246316e-02,0.000000000000000000e+00
1.635680000000000023e+00,-3.255000000000000254e-02,-3.055462651354426060e-02,0.000000000000000000e+00
1.635680000000000023e+00,-3.255000000000000254e-02,-3.055462651354426060e-02,0.000000000000000000e+00
1.661019999999999941e+00,-3.388000000000000039e-02,-2.844328303706492034e-02,0.000000000000000000e+00
1.663480000000000070e+00,-3.400999999999999857e-02,-2.820899483775939076e-02,0.000000000000000000e+00
1.675030000000000019e+00,-3.418999999999999817e-02,-2.868029273292298578e-02,0.000000000000000000e+00
1.689070000000000071e+00,-3.438000000000000084e-02,-2.600752776721027351e-02,0.000000000000000000e+00
1.689070000000000071e+00,-3.438000000000000084e-02,-2.600752776721027351e-02,0.000000000000000000e+00
1.708949999999999969e+00,-3.524000000000000049e-02,-2.342714712783708006e-02,0.000000000000000000e+00
1.708949999999999969e+00,-3.524000000000000049e-02,-2.342714712783708006e-02,0.000000000000000000e+00
1.729260000000000019e+00,-3.674999999999999795e-02,-2.636254724598469795e-02,0.000000000000000000e+00
1.731009999999999938e+00,-3.688999999999999918e-02,-2.666151667360663197e-02,0.000000000000000000e+00
1.736709999999999976e+00,-3.692000000000000143e-02,-2.727106028733838547e-02,0.000000000000000000e+00
1.737200000000000077e+00,-3.692000000000000143e-02,-2.732249870397014668e-02,0.000000000000000000e+00
1.737200000000000077e+00,-3.692000000000000143e-02,-2.732249870397014668e-02,0.000000000000000000e+00
1.770969999999999933e+00,-3.821999999999999703e-02,-2.820170835794200484e-02,0.000000000000000000e+00
1.771530000000000049e+00,-3.819000000000000172e-02,-2.825450571136587166e-02,0.000000000000000000e+00
1.790829999999999922e+00,-3.885999999999999871e-02,-2.822196559836473093e-02,0.000000000000000000e+00
1.790829999999999922e+00,-3.885999999999999871e-02,-2.822196559836473093e-02,0.000000000000000000e+00
1.790829999999999922e+00,-3.885999999999999871e-02,-2.822196559836473093e-02,0.000000000000000000e+00
1.825720000000000010e+00,-4.062000000000000333e-02,-2.919178522019033606e-02,0.000000000000000000e+00
1.827239999999999975e+00,-4.070000000000000007e-02,-2.918939404939662266e-02,0.000000000000000000e+00
1.839590000000000058e+00,-4.034000000000000086e-02,-3.203910977661104248e-02,0.000000000000000000e+00
1.853529999999999900e+00,-4.046000000000000291e-02,-3.027708730381468982e-02,0.000000000000000000e+00
1.853529999999999900e+00,-4.046000000000000291e-02,-3.027708730381468982e-02,0.000000000000000000e+00
1.853529999999999900e+00,-4.046000000000000291e-02,-3.027708730381468982e-02,0.000000000000000000e+00
1.873690000000000078e+00,-4.116999999999999826e-02,-3.285016168561687155e-02,0.000000000000000000e+00
1.887799999999999923e+00,-4.189999999999999974e-02,-3.644026224345152387e-02,0.000000000000000000e+00
1.889310000000000045e+00,-4.198999999999999955e-02,-3.684939397546917877e-02,0.000000000000000000e+00
1.903250000000000108e+00,-4.283000000000000002e-02,-3.123158422842975748e-02,0.000000000000000000e+00
1.924709999999999921e+00,-4.374000000000000110e-02,-3.093911239703492702e-02,0.000000000000000000e+00
1.924709999999999921e+00,-4.374000000000000110e-02,-3.093911239703492702e-02,0.000000000000000000e+00
1.939519999999999911e+00,-4.429999999999999910e-02,-2.863675806668944043e-02,0.000000000000000000e+00
1.939519999999999911e+00,-4.429999999999999910e-02,-2.863675806668944043e-02,0.000000000000000000e+00
1.961370000000000058e+00,-4.689999999999999725e-02,-3.161932575845331078e-02,0.000000000000000000e+00
1.961370000000000058e+00,-4.689999999999999725e-02,-3.161932575845331078e-02,0.000000000000000000e+00
1.983870000000000022e+00,-4.791999999999999732e-02,-3.263554252079577112e-02,0.000000000000000000e+00
1.985899999999999999e+00,-4.800000000000000100e-02,-3.270683842345781245e-02,0.000000000000000000e+00
1.999060000000000059e+00,-4.846000000000000307e-02,-3.329003233575358184e-02,0.000000000000000000e+00
2.004410000000000025e+00,-4.784999999999999670e-02,-3.309468034055085273e-02,0.000000000000000000e+00
2.004739999999999966e+00,-4.780999999999999833e-02,-3.307746920665544793e-02,0.000000000000000000e+00
2.017160000000000064e+00,-4.839000000000000246e-02,-3.018973646064608204e-02,0.000000000000000000e+00
2.021599999999999842e+00,-4.793000000000000038e-02,-3.055501606742399082e-02,0.000000000000000000e+00
2.021860000000000213e+00,-4.789000000000000201e-02,-3.059515640884965734e-02,0.000000000000000000e+00
2.024929999999999897e+00,-4.818000000000000060e-02,-3.106487384971921492e-02,0.000000000000000000e+00
2.044420000000000126e+00,-4.911000000000000087e-02,-3.079664900216009041e-02,0.000000000000000000e+00
2.044420000000000126e+00,-4.911000000000000087e-02,-3.079664900216009041e-02,0.000000000000000000e+00
2.048220000000000152e+00,-4.913000000000000006e-02,-3.109235055640614809e-02,0.000000000000000000e+00
2.058180000000000121e+00,-4.930999999999999966e-02,-3.419203706791103942e-02,0.000000000000000000e+00
2.061160000000000103e+00,-4.934999999999999803e-02,-3.141851218082131886e-02,0.000000000000000000e+00
2.061160000000000103e+00,-4.934999999999999803e-02,-3.141851218082131886e-02,0.000000000000000000e+00
2.060890000000000111e+00,-4.954999999999999682e-02,-3.429969754676283344e-02,0.000000000000000000e+00
2.070600000000000218e+00,-5.009999999999999870e-02,-3.436791920530922473e-02,0.000000000000000000e+00
2.070600000000000218e+00,-5.009999999999999870e-02,-3.436791920530922473e-02,0.000000000000000000e+00
2.063950000000000173e+00,-4.941000000000000253e-02,-3.471393902157934169e-02,0.000000000000000000e+00
2.064150000000000151e+00,-4.925999999999999823e-02,-3.470280093633949098e-02,0.000000000000000000e+00
2.064150000000000151e+00,-4.925999999999999823e-02,-3.470280093633949098e-02,0.000000000000000000e+00
2.073179999999999801e+00,-4.975000000000000255e-02,-3.463525332799802237e-02,0.000000000000000000e+00
2.073869999999999880e+00,-4.979000000000000092e-02,-3.463019376329651983e-02,0.000000000000000000e+00
2.082549999999999901e+00,-5.032999999999999974e-02,-3.457929506944328740e-02,0.000000000000000000e+00
2.074800000000000200e+00,-4.979000000000000092e-02,-3.423604362539824086e-02,0.000000000000000000e+00
2.065449999999999786e+00,-4.938000000000000028e-02,-3.476810320251379899e-02,0.000000000000000000e+00
2.065449999999999786e+00,-4.938000000000000028e-02,-3.476810320251379899e-02,0.000000000000000000e+00
2.072700000000000209e+00,-4.982000000000000317e-02,-3.466671343780166475e-02,0.000000000000000000e+00
2.073179999999999801e+00,-5.015000000000000013e-02,-3.472460832449852236e-02,0.000000000000000000e+00
2.073179999999999801e+00,-5.015000000000000013e-02,-3.472460832449852236e-02,0.000000000000000000e+00
2.072649999999999881e+00,-5.022000000000000075e-02,-3.771746413066342368e-02,0.000000000000000000e+00
2.073329999999999895e+00,-5.016999999999999932e-02,-3.455891108281433644e-02,0.000000000000000000e+00
2.073329999999999895e+00,-5.016999999999999932e-02,-3.455891108281433644e-02,0.000000000000000000e+00
2.073539999999999939e+00,-5.016000000000000320e-02,-3.469121745191117850e-02,0.000000000000000000e+00
2.073819999999999997e+00,-5.013000000000000095e-02,-3.433975377112359617e-02,0.000000000000000000e+00
2.073819999999999997e+00,-5.013000000000000095e-02,-3.433975377112359617e-02,0.000000000000000000e+00
2.074129999999999807e+00,-4.979999999999999705e-02,-3.169461793589057469e-02,0.000000000000000000e+00
2.074129999999999807e+00,-4.979999999999999705e-02,-3.169461793589057469e-02,0.000000000000000000e+00
2.074160000000000004e+00,-4.977000000000000174e-02,-3.142692945128671561e-02,0.000000000000000000e+00
2.065739999999999910e+00,-4.968999999999999806e-02,-3.481188550895218670e-02,0.000000000000000000e+00
2.065739999999999910e+00,-4.968999999999999806e-02,-3.481188550895218670e-02,0.000000000000000000e+00
2.064709999999999823e+00,-4.938000000000000028e-02,-3.445293266681294375e-02,0.000000000000000000e+00
2.064709999999999823e+00,-4.938000000000000028e-02,-3.445293266681294375e-02,0.000000000000000000e+00
2.064709999999999823e+00,-4.938000000000000028e-02,-3.445293266681294375e-02,0.000000000000000000e+00
2.072709999999999830e+00,-4.979999999999999705e-02,-3.462848474959821787e-02,0.000000000000000000e+00
2.073560000000000070e+00,-4.952999999999999764e-02,-3.421957776445592320e-02,0.000000000000000000e+00
1.049999999999999935e-03,-2.100000000000000087e-04,0.000000000000000000e+00,0.000000000000000000e+00
1.049999999999999935e-03,-2.100000000000000087e-04,0.000000000000000000e+00,0.000000000000000000e+00
1.000000000000000048e-04,1.000000000000000082e-05,-1.484466179975179006e-04,0.000000000000000000e+00
3.099999999999999999e-04,-3.000000000000000076e-05,-8.462269175697961028e-05,0.000000000000000000e+00
3.099999999999999999e-04,-3.000000000000000076e-05,-8.462269175697961028e-05,0.000000000000000000e+00
3.299999999999999982e-04,1.200000000000000030e-04,-7.122743256758051083e-06,0.000000000000000000e+00
3.299999999999999982e-04,1.299999999999999886e-04,-2.234284502277401429e-06,0.000000000000000000e+00
1.800000000000000113e-04,4.000000000000000327e-05,1.344223537490001150e-03,0.000000000000000000e+00
1.700000000000000122e-04,4.000000000000000327e-05,1.447131149958914365e-03,0.000000000000000000e+00
1.700000000000000122e-04,4.000000000000000327e-05,1.447131149958914365e-03,0.000000000000000000e+00
1.900000000000000105e-04,-5.000000000000000240e-05,1.577873993475777646e-05,0.000000000000000000e+00
-1.503999999999999955e-02,3.089999999999999865e-03,4.609618663285973417e-02,0.000000000000000000e+00
1.219999999999999947e-03,2.400000000000000061e-04,5.440228568534216658e-02,0.000000000000000000e+00
4.400000000000000157e-04,9.499999999999999981e-04,-1.640079882897639129e-03,0.000000000000000000e+00
1.286999999999999950e-02,-2.000000000000000096e-04,7.843790251535826463e-04,0.000000000000000000e+00
1.286999999999999950e-02,-2.000000000000000096e-04,7.843790251535826463e-04,0.000000000000000000e+00
1.953999999999999834e-02,3.200000000000000262e-04,-2.139712235772847637e-03,0.000000000000000000e+00
2.018000000000000002e-02,3.699999999999999947e-04,-2.473652862590155783e-03,0.000000000000000000e+00
3.055000000000000077e-02,-2.200000000000000078e-04,-5.506706270198660801e-05,0.000000000000000000e+00
3.627999999999999975e-02,6.400000000000000524e-04,-5.308904957369275576e-03,0.000000000000000000e+00
3.627999999999999975e-02,6.400000000000000524e-04,-5.308904957369275576e-03,0.000000000000000000e+00
4.977000000000000174e-02,4.499999999999999877e-04,-4.378489409966523568e-03,0.000000000000000000e+00
4.977000000000000174e-02,4.499999999999999877e-04,-4.378489409966523568e-03,0.000000000000000000e+00
6.004999999999999921e-02,4.400000000000000157e-04,-4.420112964302854060e-03,0.000000000000000000e+00
6.004999999999999921e-02,4.400000000000000157e-04,-4.420112964302854060e-03,0.000000000000000000e+00
7.710000000000000187e-02,-7.100000000000000191e-04,-5.175438986215357730e-04,0.000000000000000000e+00
7.860999999999999932e-02,-8.000000000000000383e-04,-1.707840182466834034e-04,0.000000000000000000e+00
6.662999999999999479e-02,2.629999999999999959e-03,4.927415815853385117e-02,0.000000000000000000e+00
6.662999999999999479e-02,2.629999999999999959e-03,4.927415815853385117e-02,0.000000000000000000e+00
1.040699999999999958e-01,1.789999999999999925e-03,1.882950482968343692e-03,0.000000000000000000e+00
1.267399999999999916e-01,3.299999999999999982e-04,1.858978604229191700e-03,0.000000000000000000e+00
1.267399999999999916e-01,3.299999999999999982e-04,1.858978604229191700e-03,0.000000000000000000e+00
1.416600000000000081e-01,-4.299999999999999894e-04,3.021938456940904873e-03,0.000000000000000000e+00
1.416600000000000081e-01,-4.299999999999999894e-04,3.021938456940904873e-03,0.000000000000000000e+00
1.554500000000000048e-01,-6.800000000000000488e-04,1.086673035051445059e-03,0.000000000000000000e+00
1.554500000000000048e-01,-6.800000000000000488e-04,1.086673035051445059e-03,0.000000000000000000e+00
1.692099999999999993e-01,-5.199999999999999544e-04,1.595734205051921751e-03,0.000000000000000000e+00
1.872099999999999875e-01,-1.090000000000000040e-03,-1.426243483421630199e-03,0.000000000000000000e+00
1.872099999999999875e-01,-1.090000000000000040e-03,-1.426243483421630199e-03,0.000000000000000000e+00
1.872099999999999875e-01,-1.090000000000000040e-03,-1.426243483421630199e-03,0.000000000000000000e+00
2.003800000000000026e-01,-5.699999999999999772e-04,-3.920275944498241420e-04,0.000000000000000000e+00
2.176800000000000124e-01,-1.000000000000000021e-03,-9.678308495707302079e-04,0.000000000000000000e+00
2.189500000000000057e-01,-1.039999999999999909e-03,-1.022322575031511327e-03,0.000000000000000000e+00
2.346199999999999952e-01,-1.879999999999999944e-03,-1.207239171342492853e-03,0.000000000000000000e+00
2.360200000000000076e-01,-1.959999999999999937e-03,-1.226056390341802825e-03,0.000000000000000000e+00
2.476200000000000068e-01,-1.319999999999999993e-03,2.794880722965954051e-04,0.000000000000000000e+00
2.621399999999999841e-01,-8.599999999999999789e-04,4.152811381277000165e-04,0.000000000000000000e+00
2.621399999999999841e-01,-8.599999999999999789e-04,4.152811381277000165e-04,0.000000000000000000e+00
2.808700000000000085e-01,-7.299999999999999632e-04,-8.769952257878025053e-04,0.000000000000000000e+00
2.808700000000000085e-01,-7.299999999999999632e-04,-8.769952257878025053e-04,0.000000000000000000e+00
2.971599999999999797e-01,-8.700000000000000051e-04,-3.113042456999781660e-03,0.000000000000000000e+00
3.192800000000000082e-01,-2.340000000000000066e-03,-1.723025311841952859e-03,0.000000000000000000e+00
3.192800000000000082e-01,-2.340000000000000066e-03,-1.723025311841952859e-03,0.000000000000000000e+00
3.337399999999999811e-01,-2.249999999999999830e-03,-3.450587510146092222e-03,0.000000000000000000e+00
3.337399999999999811e-01,-2.249999999999999830e-03,-3.450587510146092222e-03,0.000000000000000000e+00
3.519999999999999796e-01,-2.980000000000000010e-03,-1.892667743118749482e-03,0.000000000000000000e+00
3.519999999999999796e-01,-2.980000000000000010e-03,-1.892667743118749482e-03,0.000000000000000000e+00
3.676800000000000068e-01,-3.680000000000000111e-03,-1.101713751203204934e-03,0.000000000000000000e+00
3.915100000000000247e-01,-2.650000000000000012e-03,-2.268038173400868749e-03,0.000000000000000000e+00
3.915100000000000247e-01,-2.650000000000000012e-03,-2.268038173400868749e-03,0.000000000000000000e+00
3.934199999999999919e-01,-2.560000000000000209e-03,-2.370571697335172815e-03,0.000000000000000000e+00
4.091099999999999737e-01,-2.959999999999999958e-03,8.117006116273122168e-04,0.000000000000000000e+00
4.254200000000000204e-01,-2.890000000000000208e-03,-2.737885045428193557e-03,0.000000000000000000e+00
4.254200000000000204e-01,-2.890000000000000208e-03,-2.737885045428193557e-03,0.000000000000000000e+00
4.428599999999999759e-01,-3.059999999999999786e-03,-1.403632503562808132e-03,0.000000000000000000e+00
4.586999999999999966e-01,-3.480000000000000020e-03,-1.445845541591672407e-03,0.000000000000000000e+00
4.586999999999999966e-01,-3.480000000000000020e-03,-1.445845541591672407e-03,0.000000000000000000e+00
4.722000000000000086e-01,-3.239999999999999825e-03,-5.424733089283200783e-03,0.000000000000000000e+00
4.722000000000000086e-01,-3.239999999999999825e-03,-5.424733089283200783e-03,0.000000000000000000e+00
4.899200000000000221e-01,-3.449999999999999942e-03,-8.077071759619643132e-03,0.000000000000000000e+00
5.055800000000000294e-01,-3.480000000000000020e-03,-8.397694672517412237e-03,0.000000000000000000e+00
5.055800000000000294e-01,-3.480000000000000020e-03,-8.397694672517412237e-03,0.000000000000000000e+00
5.218800000000000106e-01,-3.609999999999999928e-03,-8.774540826214493466e-03,0.000000000000000000e+00
5.218800000000000106e-01,-3.609999999999999928e-03,-8.774540826214493466e-03,0.000000000000000000e+00
5.380500000000000282e-01,-3.619999999999999954e-03,-1.243804444923679760e-02,0.000000000000000000e+00
5.516400000000000192e-01,-3.769999999999999914e-03,-8.183676618077014020e-03,0.000000000000000000e+00
5.516400000000000192e-01,-3.769999999999999914e-03,-8.183676618077014020e-03,0.000000000000000000e+00
5.530500000000000416e-01,-3.779999999999999940e-03,-7.672041176778345538e-03,0.000000000000000000e+00
5.675400000000000444e-01,-3.850000000000000124e-03,-7.471298763331440940e-03,0.000000000000000000e+00
5.863599999999999923e-01,-4.720000000000000237e-03,-5.882143698989752631e-03,0.000000000000000000e+00
5.863599999999999923e-01,-4.720000000000000237e-03,-5.882143698989752631e-03,0.000000000000000000e+00
5.863599999999999923e-01,-4.720000000000000237e-03,-5.882143698989752631e-03,0.000000000000000000e+00
6.020199999999999996e-01,-5.369999999999999774e-03,-4.878120471385403480e-03,0.000000000000000000e+00
6.169099999999999584e-01,-5.559999999999999838e-03,-4.885516005154450989e-03,0.000000000000000000e+00
6.334899999999999975e-01,-5.939999999999999968e-03,-3.056009218238976526e-03,0.000000000000000000e+00
6.334899999999999975e-01,-5.939999999999999968e-03,-3.056009218238976526e-03,0.000000000000000000e+00
6.479899999999999549e-01,-6.000000000000000125e-03,-7.320406342648529130e-03,0.000000000000000000e+00
6.479899999999999549e-01,-6.000000000000000125e-03,-7.320406342648529130e-03,0.000000000000000000e+00
6.672200000000000353e-01,-6.409999999999999899e-03,-5.862959886551112089e-03,0.000000000000000000e+00
6.690099999999999936e-01,-6.440000000000000412e-03,-5.677795262015194501e-03,0.000000000000000000e+00
6.818499999999999561e-01,-6.649999999999999661e-03,-7.708699315308343084e-03,0.000000000000000000e+00
6.985099999999999643e-01,-6.790000000000000029e-03,-1.009186327456133500e-02,0.000000000000000000e+00
6.985099999999999643e-01,-6.790000000000000029e-03,-1.009186327456133500e-02,0.000000000000000000e+00
7.211899999999999977e-01,-8.040000000000000271e-03,-1.229461456461731876e-02,0.000000000000000000e+00
7.230900000000000105e-01,-8.160000000000000586e-03,-1.246902166430199736e-02,0.000000000000000000e+00
7.392999999999999572e-01,-8.210000000000000284e-03,-1.042294449735938454e-02,0.000000000000000000e+00
7.569900000000000517e-01,-8.500000000000000611e-03,-8.868238337664063886e-03,0.000000000000000000e+00
7.569900000000000517e-01,-8.500000000000000611e-03,-8.868238337664063886e-03,0.000000000000000000e+00
7.720700000000000340e-01,-8.640000000000000110e-03,-8.973167206405306684e-03,0.000000000000000000e+00
7.720700000000000340e-01,-8.640000000000000110e-03,-8.973167206405306684e-03,0.000000000000000000e+00
7.865999999999999659e-01,-8.980000000000000135e-03,-9.309577971287988710e-03,0.000000000000000000e+00
7.878800000000000248e-01,-9.020000000000000240e-03,-9.339938690394601617e-03,0.000000000000000000e+00
8.015400000000000302e-01,-9.639999999999999264e-03,-8.219388708937397717e-03,0.000000000000000000e+00
8.195200000000000262e-01,-1.043999999999999963e-02,-6.484665929448957603e-03,0.000000000000000000e+00
8.195200000000000262e-01,-1.043999999999999963e-02,-6.484665929448957603e-03,0.000000000000000000e+00
8.344700000000000450e-01,-1.064999999999999974e-02,-1.072414484808149361e-02,0.000000000000000000e+00
8.357900000000000329e-01,-1.067000000000000066e-02,-1.115439613992738263e-02,0.000000000000000000e+00
8.528299999999999770e-01,-1.118000000000000070e-02,-1.159881174311492777e-02,0.000000000000000000e+00
8.712199999999999944e-01,-1.165000000000000063e-02,-1.434828502460878952e-02,0.000000000000000000e+00
8.712199999999999944e-01,-1.165000000000000063e-02,-1.434828502460878952e-02,0.000000000000000000e+00
8.835399999999999920e-01,-1.165000000000000063e-02,-1.296900618116431786e-02,0.000000000000000000e+00
8.835399999999999920e-01,-1.165000000000000063e-02,-1.296900618116431786e-02,0.000000000000000000e+00
9.088699999999999557e-01,-1.120999999999999948e-02,-1.394030526025425397e-02,0.000000000000000000e+00
9.248300000000000409e-01,-1.149000000000000021e-02,-1.608477881499129417e-02,0.000000000000000000e+00
9.248300000000000409e-01,-1.149000000000000021e-02,-1.608477881499129417e-02,0.000000000000000000e+00
9.434399999999999453e-01,-1.158999999999999961e-02,-1.647152617527692514e-02,0.000000000000000000e+00
9.434399999999999453e-01,-1.158999999999999961e-02,-1.647152617527692514e-02,0.000000000000000000e+00
9.557499999999999885e-01,-1.162000000000000012e-02,-1.694535045067585913e-02,0.000000000000000000e+00
9.567299999999999693e-01,-1.161000000000000053e-02,-1.698758833582516420e-02,0.000000000000000000e+00
9.707400000000000473e-01,-1.187999999999999994e-02,-1.753416058663884169e-02,0.000000000000000000e+00
9.938200000000000367e-01,-1.273999999999999959e-02,-1.752717597729425494e-02,0.000000000000000000e+00
9.938200000000000367e-01,-1.273999999999999959e-02,-1.752717597729425494e-02,0.000000000000000000e+00
1.002899999999999903e+00,-1.285000000000000031e-02,-1.618216059523268704e-02,0.000000000000000000e+00
1.002899999999999903e+00,-1.285000000000000031e-02,-1.618216059523268704e-02,0.000000000000000000e+00
1.025539999999999896e+00,-1.367999999999999945e-02,-1.349719162881680111e-02,0.000000000000000000e+00
1.027709999999999901e+00,-1.375000000000000007e-02,-1.324998475953531249e-02,0.000000000000000000e+00
1.042229999999999990e+00,-1.464000000000000024e-02,-1.416054051268415305e-02,0.000000000000000000e+00
1.053989999999999982e+00,-1.503999999999999955e-02,-1.475308073787742064e-02,0.000000000000000000e+00
1.053989999999999982e+00,-1.503999999999999955e-02,-1.475308073787742064e-02,0.000000000000000000e+00
1.055109999999999992e+00,-1.507999999999999965e-02,-1.480785777141521362e-02,0.000000000000000000e+00
1.069749999999999979e+00,-1.544000000000000060e-02,-1.472658348407326553e-02,0.000000000000000000e+00
1.089539999999999953e+00,-1.577999999999999889e-02,-1.757499284018535987e-02,0.000000000000000000e+00
1.091339999999999977e+00,-1.582000000000000073e-02,-1.785321028666434287e-02,0.000000000000000000e+00
1.106279999999999930e+00,-1.641000000000000097e-02,-1.815915407675727442e-02,0.000000000000000000e+00
1.107609999999999983e+00,-1.645999999999999894e-02,-1.818595139395025317e-02,0.000000000000000000e+00
1.118500000000000050e+00,-1.659000000000000058e-02,-1.863266365192645449e-02,0.000000000000000000e+00
1.138649999999999940e+00,-1.737999999999999962e-02,-1.916504898062491857e-02,0.000000000000000000e+00
1.138649999999999940e+00,-1.737999999999999962e-02,-1.916504898062491857e-02,0.000000000000000000e+00
1.155149999999999899e+00,-1.779999999999999985e-02,-2.160528675783464359e-02,0.000000000000000000e+00
1.156549999999999967e+00,-1.782999999999999863e-02,-2.183081132977243016e-02,0.000000000000000000e+00
1.175629999999999953e+00,-1.842999999999999847e-02,-2.228260697497555509e-02,0.000000000000000000e+00
1.188700000000000090e+00,-1.854000000000000092e-02,-2.234192933644831014e-02,0.000000000000000000e+00
1.188700000000000090e+00,-1.854000000000000092e-02,-2.234192933644831014e-02,0.000000000000000000e+00
1.205049999999999955e+00,-1.889000000000000054e-02,-2.331011584454405899e-02,0.000000000000000000e+00
1.226159999999999917e+00,-1.985999999999999918e-02,-2.291991169992541391e-02,0.000000000000000000e+00
1.226159999999999917e+00,-1.985999999999999918e-02,-2.291991169992541391e-02,0.000000000000000000e+00
1.239419999999999966e+00,-2.003999999999999879e-02,-2.085213882118619119e-02,0.000000000000000000e+00
1.239419999999999966e+00,-2.003999999999999879e-02,-2.085213882118619119e-02,0.000000000000000000e+00
1.256040000000000045e+00,-2.053999999999999923e-02,-2.094237214115822476e-02,0.000000000000000000e+00
1.257500000000000062e+00,-2.059000000000000066e-02,-2.096750759823707427e-02,0.000000000000000000e+00
1.268559999999999910e+00,-2.129999999999999949e-02,-2.188316870634494926e-02,0.000000000000000000e+00
1.294899999999999940e+00,-2.351999999999999924e-02,-2.223657299128159459e-02,0.000000000000000000e+00
1.294899999999999940e+00,-2.351999999999999924e-02,-2.223657299128159459e-02,0.000000000000000000e+00
1.307909999999999906e+00,-2.382000000000000089e-02,-2.541498180372359778e-02,0.000000000000000000e+00
1.307909999999999906e+00,-2.382000000000000089e-02,-2.541498180372359778e-02,0.000000000000000000e+00
1.330160000000000009e+00,-2.463999999999999871e-02,-2.337585640628525932e-02,0.000000000000000000e+00
1.343210000000000015e+00,-2.511999999999999997e-02,-2.358834460498917401e-02,0.000000000000000000e+00
1.343210000000000015e+00,-2.511999999999999997e-02,-2.358834460498917401e-02,0.000000000000000000e+00
1.365930000000000089e+00,-2.611000000000000126e-02,-2.384183546398635500e-02,0.000000000000000000e+00
1.365930000000000089e+00,-2.611000000000000126e-02,-2.384183546398635500e-02,0.000000000000000000e+00
1.379050000000000109e+00,-2.591999999999999860e-02,-2.441030580943468961e-02,0.000000000000000000e+00
1.380130000000000079e+00,-2.588999999999999982e-02,-2.446264295441562611e-02,0.000000000000000000e+00
1.396519999999999984e+00,-2.616999999999999882e-02,-2.691360932090515468e-02,0.000000000000000000e+00
1.397980000000000000e+00,-2.620000000000000107e-02,-2.713109430963444799e-02,0.000000000000000000e+00
1.414509999999999934e+00,-2.683999999999999928e-02,-2.745287282530853301e-02,0.000000000000000000e+00
1.438970000000000082e+00,-2.644000000000000170e-02,-2.841731240053975427e-02,0.000000000000000000e+00
1.438970000000000082e+00,-2.644000000000000170e-02,-2.841731240053975427e-02,0.000000000000000000e+00
1.453079999999999927e+00,-2.656000000000000028e-02,-2.289736951960866934e-02,0.000000000000000000e+00
1.454220000000000068e+00,-2.656999999999999987e-02,-2.238313236738431050e-02,0.000000000000000000e+00
1.471139999999999892e+00,-2.735999999999999890e-02,-2.262071759130880599e-02,0.000000000000000000e+00
1.483999999999999986e+00,-2.787999999999999853e-02,-2.093722393983043703e-02,0.000000000000000000e+00
1.483999999999999986e+00,-2.787999999999999853e-02,-2.093722393983043703e-02,0.000000000000000000e+00
1.502869999999999928e+00,-2.937000000000000027e-02,-1.867565088109111177e-02,0.000000000000000000e+00
1.502869999999999928e+00,-2.937000000000000027e-02,-1.867565088109111177e-02,0.000000000000000000e+00
1.504559999999999897e+00,-2.949999999999999845e-02,-1.847744135253217429e-02,0.000000000000000000e+00
1.515849999999999920e+00,-2.949999999999999845e-02,-1.876497114259124965e-02,0.000000000000000000e+00
1.533360000000000056e+00,-3.002000000000000154e-02,-2.116641711444948795e-02,0.000000000000000000e+00
1.533360000000000056e+00,-3.002000000000000154e-02,-2.116641711444948795e-02,0.000000000000000000e+00
1.553309999999999969e+00,-3.054000000000000117e-02,-2.238753148644646862e-02,0.000000000000000000e+00
1.566049999999999942e+00,-3.083999999999999936e-02,-2.515369261580822566e-02,0.000000000000000000e+00
1.566049999999999942e+00,-3.083999999999999936e-02,-2.515369261580822566e-02,0.000000000000000000e+00
1.585360000000000102e+00,-3.157000000000000084e-02,-2.315155147775120950e-02,0.000000000000000000e+00
1.585360000000000102e+00,-3.157000000000000084e-02,-2.315155147775120950e-02,0.000000000000000000e+00
1.598449999999999926e+00,-3.187999999999999862e-02,-2.599869045404060511e-02,0.000000000000000000e+00
1.599529999999999896e+00,-3.191000000000000086e-02,-2.628623000973362780e-02,0.000000000000000000e+00
1.616980000000000084e+00,-3.194000000000000311e-02,-2.906821048110213440e-02,0.000000000000000000e+00
1.636810000000000098e+00,-3.246000000000000274e-02,-2.698201952211197463e-02,0.000000000000000000e+00
1.636810000000000098e+00,-3.246000000000000274e-02,-2.698201952211197463e-02,0.000000000000000000e+00
1.650139999999999940e+00,-3.273000000000000215e-02,-2.956135592143430135e-02,0.000000000000000000e+00
1.651149999999999896e+00,-3.275999999999999746e-02,-2.980092139718810290e-02,0.000000000000000000e+00
1.657049999999999912e+00,-3.277999999999999664e-02,-3.038081678627170892e-02,0.000000000000000000e+00
1.689130000000000020e+00,-3.475999999999999923e-02,-2.456740079206604088e-02,0.000000000000000000e+00
1.689130000000000020e+00,-3.475999999999999923e-02,-2.456740079206604088e-02,0.000000000000000000e+00
1.711470000000000047e+00,-3.581999999999999768e-02,-1.888352053820461715e-02,0.000000000000000000e+00
1.711470000000000047e+00,-3.581999999999999768e-02,-1.888352053820461715e-02,0.000000000000000000e+00
1.718110000000000026e+00,-3.647000000000000242e-02,-2.499618248736012668e-02,0.000000000000000000e+00
1.718590000000000062e+00,-3.652999999999999997e-02,-2.559604130284777110e-02,0.000000000000000000e+00
1.737360000000000015e+00,-3.740999999999999881e-02,-2.595950002564336584e-02,0.000000000000000000e+00
1.757549999999999946e+00,-3.833999999999999908e-02,-2.601647019628684429e-02,0.000000000000000000e+00
1.757549999999999946e+00,-3.833999999999999908e-02,-2.601647019628684429e-02,0.000000000000000000e+00
1.778310000000000057e+00,-3.796999999999999681e-02,-2.691208601251041110e-02,0.000000000000000000e+00
1.778310000000000057e+00,-3.796999999999999681e-02,-2.691208601251041110e-02,0.000000000000000000e+00
1.798950000000000049e+00,-3.891000000000000014e-02,-2.808083932285171738e-02,0.000000000000000000e+00
1.800499999999999989e+00,-3.899999999999999994e-02,-2.816865519869481832e-02,0.000000000000000000e+00
1.805879999999999930e+00,-3.907999999999999668e-02,-3.081921520066224773e-02,0.000000000000000000e+00
1.825979999999999936e+00,-4.005000000000000226e-02,-3.113276810379012396e-02,0.000000000000000000e+00
1.825979999999999936e+00,-4.005000000000000226e-02,-3.113276810379012396e-02,0.000000000000000000e+00
1.846929999999999961e+00,-4.028999999999999942e-02,-3.448304208928174713e-02,0.000000000000000000e+00
1.846929999999999961e+00,-4.028999999999999942e-02,-3.448304208928174713e-02,0.000000000000000000e+00
1.861080000000000068e+00,-4.066999999999999782e-02,-3.532149602460810112e-02,0.000000000000000000e+00
1.862330000000000041e+00,-4.070000000000000007e-02,-3.537486050655548608e-02,0.000000000000000000e+00
1.874870000000000037e+00,-4.143000000000000155e-02,-3.521783946744194010e-02,0.000000000000000000e+00
1.888810000000000100e+00,-4.182999999999999913e-02,-3.605945888912388819e-02,0.000000000000000000e+00
1.888810000000000100e+00,-4.182999999999999913e-02,-3.605945888912388819e-02,0.000000000000000000e+00
1.911129999999999995e+00,-4.288000000000000145e-02,-3.302272123041283258e-02,0.000000000000000000e+00
1.911129999999999995e+00,-4.288000000000000145e-02,-3.302272123041283258e-02,0.000000000000000000e+00
1.925750000000000073e+00,-4.367000000000000048e-02,-3.017334506038183567e-02,0.000000000000000000e+00
1.925750000000000073e+00,-4.367000000000000048e-02,-3.017334506038183567e-02,0.000000000000000000e+00
1.940120000000000067e+00,-4.483999999999999792e-02,-3.085439633820554611e-02,0.000000000000000000e+00
1.940120000000000067e+00,-4.483999999999999792e-02,-3.085439633820554611e-02,0.000000000000000000e+00
1.954339999999999966e+00,-4.562999999999999695e-02,-3.118393022216424046e-02,0.000000000000000000e+00
1.955389999999999961e+00,-4.567999999999999838e-02,-3.120377717519225505e-02,0.000000000000000000e+00
1.975810000000000066e+00,-4.723999999999999727e-02,-3.167155796426731479e-02,0.000000000000000000e+00
1.997600000000000042e+00,-4.805999999999999855e-02,-3.136134205098749239e-02,0.000000000000000000e+00
1.997600000000000042e+00,-4.805999999999999855e-02,-3.136134205098749239e-02,0.000000000000000000e+00
2.003200000000000092e+00,-4.798999999999999794e-02,-3.168586647987012284e-02,0.000000000000000000e+00
2.003530000000000033e+00,-4.798000000000000181e-02,-3.171391519450993124e-02,0.000000000000000000e+00
2.022810000000000219e+00,-4.913000000000000006e-02,-3.553779074102254854e-02,0.000000000000000000e+00
2.027660000000000018e+00,-4.948000000000000315e-02,-3.318964416566335535e-02,0.000000000000000000e+00
2.027660000000000018e+00,-4.948000000000000315e-02,-3.318964416566335535e-02,0.000000000000000000e+00
2.030699999999999950e+00,-4.945000000000000090e-02,-3.286345888666883375e-02,0.000000000000000000e+00
2.030889999999999862e+00,-4.943999999999999784e-02,-3.285877025498357834e-02,0.000000000000000000e+00
2.041230000000000100e+00,-4.995999999999999747e-02,-3.277333322173939939e-02,0.000000000000000000e+00
2.042260000000000186e+00,-5.002000000000000196e-02,-3.276478726781873602e-02,0.000000000000000000e+00
2.053650000000000198e+00,-4.995999999999999747e-02,-3.572753002276148060e-02,0.000000000000000000e+00
2.054640000000000022e+00,-4.995999999999999747e-02,-3.598549654445261370e-02,0.000000000000000000e+00
2.047940000000000094e+00,-4.966999999999999887e-02,-3.648903513400630211e-02,0.000000000000000000e+00
2.056290000000000173e+00,-5.032999999999999974e-02,-3.687334623747535317e-02,0.000000000000000000e+00
2.056290000000000173e+00,-5.032999999999999974e-02,-3.687334623747535317e-02,0.000000000000000000e+00
2.066329999999999778e+00,-5.090000000000000080e-02,-3.686214253865892354e-02,0.000000000000000000e+00
2.067019999999999857e+00,-5.093000000000000305e-02,-3.685853190580105909e-02,0.000000000000000000e+00
2.059000000000000163e+00,-5.004999999999999727e-02,-3.680148448078080642e-02,0.000000000000000000e+00
2.058520000000000127e+00,-4.993000000000000216e-02,-3.678514379783866250e-02,0.000000000000000000e+00
2.058520000000000127e+00,-4.993000000000000216e-02,-3.678514379783866250e-02,0.000000000000000000e+00
2.058520000000000127e+00,-4.993000000000000216e-02,-3.678514379783866250e-02,0.000000000000000000e+00
2.058530000000000193e+00,-5.025000000000000300e-02,-3.685489829323124883e-02,0.000000000000000000e+00
2.066619999999999902e+00,-5.066999999999999976e-02,-3.671391277574249934e-02,0.000000000000000000e+00
2.058969999999999967e+00,-5.006000000000000033e-02,-3.967089253405844951e-02,0.000000000000000000e+00
2.058969999999999967e+00,-5.006000000000000033e-02,-3.967089253405844951e-02,0.000000000000000000e+00
2.058320000000000149e+00,-4.995000000000000134e-02,-3.703622684251476477e-02,0.000000000000000000e+00
2.058320000000000149e+00,-4.995000000000000134e-02,-3.703622684251476477e-02,0.000000000000000000e+00
2.058040000000000092e+00,-4.998999999999999971e-02,-3.973034366094520958e-02,0.000000000000000000e+00
2.058040000000000092e+00,-4.998999999999999971e-02,-3.973034366094520958e-02,0.000000000000000000e+00
2.058660000000000156e+00,-5.023999999999999994e-02,-3.740687825427731206e-02,0.000000000000000000e+00
2.058050000000000157e+00,-5.000999999999999890e-02,-3.980896192674404643e-02,0.000000000000000000e+00
2.058310000000000084e+00,-4.995000000000000134e-02,-3.701393360699915119e-02,0.000000000000000000e+00
2.058310000000000084e+00,-4.995000000000000134e-02,-3.701393360699915119e-02,0.000000000000000000e+00
2.058310000000000084e+00,-4.995000000000000134e-02,-3.701393360699915119e-02,0.000000000000000000e+00
2.059239999999999959e+00,-5.027999999999999831e-02,-3.704666166205507899e-02,0.000000000000000000e+00
2.059239999999999959e+00,-5.027999999999999831e-02,-3.704666166205507899e-02,0.000000000000000000e+00
2.058739999999999792e+00,-5.023999999999999994e-02,-3.684905069367867131e-02,0.000000000000000000e+00
2.058609999999999829e+00,-5.025999999999999912e-02,-3.685650066575036493e-02,0.000000000000000000e+00
2.058600000000000207e+00,-5.025999999999999912e-02,-3.685700448777198129e-02,0.000000000000000000e+00
2.058040000000000092e+00,-5.013999999999999707e-02,-3.990695674638530810e-02,0.000000000000000000e+00
2.058419999999999916e+00,-5.025999999999999912e-02,-3.743596752837026476e-02,0.000000000000000000e+00
2.058030000000000026e+00,-5.029000000000000137e-02,-3.987278108552513162e-02,0.000000000000000000e+00
2.058030000000000026e+00,-5.029000000000000137e-02,-3.987278108552513162e-02,0.000000000000000000e+00
2.058409999999999851e+00,-4.997000000000000053e-02,-3.662874282806222181e-02,0.000000000000000000e+00
2.058539999999999814e+00,-5.025000000000000300e-02,-3.682941769568430501e-02,0.000000000000000000e+00
2.058539999999999814e+00,-5.025000000000000300e-02,-3.682941769568430501e-02,0.000000000000000000e+00
3.499999999999999964e-04,-5.000000000000000240e-05,0.000000000000000000e+00,0.000000000000000000e+00
3.499999999999999964e-04,-5.000000000000000240e-05,0.000000000000000000e+00,0.000000000000000000e+00
-6.499999999999999702e-04,1.499999999999999869e-04,-1.276452000925073842e-04,0.000000000000000000e+00
-6.499999999999999702e-04,1.499999999999999869e-04,-1.276452000925073842e-04,0.000000000000000000e+00
-2.065000000000000169e-02,3.180000000000000101e-03,3.953810952991044375e-02,0.000000000000000000e+00
-2.065000000000000169e-02,3.180000000000000101e-03,3.953810952991044375e-02,0.000000000000000000e+00
-4.420000000000000318e-03,7.100000000000000191e-04,1.212072360602629102e-04,0.000000000000000000e+00
3.499999999999999964e-04,-5.000000000000000240e-05,0.000000000000000000e+00,0.000000000000000000e+00
3.299999999999999982e-04,-1.200000000000000030e-04,1.038355231155897295e-04,0.000000000000000000e+00
3.299999999999999982e-04,-1.200000000000000030e-04,1.130898594287654054e-04,0.000000000000000000e+00
3.499999999999999964e-04,-5.000000000000000240e-05,7.838961621559516343e-06,0.000000000000000000e+00
3.499999999999999964e-04,-5.000000000000000240e-05,0.000000000000000000e+00,0.000000000000000000e+00
3.499999999999999964e-04,-5.000000000000000240e-05,0.000000000000000000e+00,0.000000000000000000e+00
1.100000000000000066e-03,-4.000000000000000327e-05,-1.721544984927388762e-03,0.000000000000000000e+00
1.199999999999999895e-03,-4.000000000000000327e-05,-1.935860202554898603e-03,0.000000000000000000e+00
4.619999999999999975e-03,-1.900000000000000105e-04,-1.279830912543678456e-03,0.000000000000000000e+00
4.619999999999999975e-03,-1.900000000000000105e-04,-1.279830912543678456e-03,0.000000000000000000e+00
9.050000000000000752e-03,-1.399999999999999877e-04,-2.311457090439768356e-03,0.000000000000000000e+00
9.409999999999999962e-03,-1.299999999999999886e-04,-2.434158518850240618e-03,0.000000000000000000e+00
2.027999999999999942e-02,-5.299999999999999807e-04,-1.448529607530592289e-03,0.000000000000000000e+00
2.707999999999999990e-02,-4.499999999999999877e-04,-3.805530491558407804e-03,0.000000000000000000e+00
2.707999999999999990e-02,-4.499999999999999877e-04,-3.805530491558407804e-03,0.000000000000000000e+00
4.306000000000000105e-02,6.599999999999999964e-04,-3.154565195488635929e-03,0.000000000000000000e+00
4.306000000000000105e-02,6.599999999999999964e-04,-3.154565195488635929e-03,0.000000000000000000e+00
5.405999999999999694e-02,8.300000000000000086e-04,-3.498688947895329734e-03,0.000000000000000000e+00
5.405999999999999694e-02,8.300000000000000086e-04,-3.498688947895329734e-03,0.000000000000000000e+00
6.837000000000000022e-02,7.399999999999999894e-04,-1.551079416905013896e-03,0.000000000000000000e+00
6.837000000000000022e-02,7.399999999999999894e-04,-1.551079416905013896e-03,0.000000000000000000e+00
8.037999999999999312e-02,8.999999999999999754e-04,1.649195168033310574e-03,0.000000000000000000e+00
8.136999999999999789e-02,9.200000000000000278e-04,1.922390518163777460e-03,0.000000000000000000e+00
9.178000000000000047e-02,1.299999999999999940e-03,1.177383411297733880e-03,0.000000000000000000e+00
1.065500000000000058e-01,9.200000000000000278e-04,5.673193009413702442e-03,0.000000000000000000e+00
1.065500000000000058e-01,9.200000000000000278e-04,5.673193009413702442e-03,0.000000000000000000e+00
1.197600000000000053e-01,7.600000000000000418e-04,3.756467914058483730e-03,0.000000000000000000e+00
1.197600000000000053e-01,7.600000000000000418e-04,3.756467914058483730e-03,0.000000000000000000e+00
1.343999999999999917e-01,2.300000000000000070e-04,1.677688787074071595e-03,0.000000000000000000e+00
1.343999999999999917e-01,2.300000000000000070e-04,1.677688787074071595e-03,0.000000000000000000e+00
1.564399999999999957e-01,-1.319999999999999993e-03,7.691592901980194227e-04,0.000000000000000000e+00
1.583799999999999930e-01,-1.449999999999999900e-03,7.055955861801634869e-04,0.000000000000000000e+00
1.724199999999999899e-01,-1.440000000000000091e-03,1.615715726383236156e-04,0.000000000000000000e+00
1.850799999999999945e-01,-8.700000000000000051e-04,-1.088524161044392017e-03,0.000000000000000000e+00
1.850799999999999945e-01,-8.700000000000000051e-04,-1.088524161044392017e-03,0.000000000000000000e+00
1.850799999999999945e-01,-8.700000000000000051e-04,-1.088524161044392017e-03,0.000000000000000000e+00
2.022200000000000109e-01,-1.430000000000000064e-03,-2.564789348929939240e-03,0.000000000000000000e+00
2.181500000000000106e-01,-1.459999999999999926e-03,-1.915619334802505513e-03,0.000000000000000000e+00
2.325699999999999990e-01,-1.190000000000000085e-03,-5.122602165903401231e-04,0.000000000000000000e+00
2.325699999999999990e-01,-1.190000000000000085e-03,-5.122602165903401231e-04,0.000000000000000000e+00
2.505600000000000049e-01,-1.250000000000000026e-03,-2.613373870150427838e-03,0.000000000000000000e+00
2.505600000000000049e-01,-1.250000000000000026e-03,-2.613373870150427838e-03,0.000000000000000000e+00
2.740099999999999758e-01,3.400000000000000244e-04,-3.691819199215212299e-03,0.000000000000000000e+00
2.898999999999999910e-01,5.699999999999999772e-04,-3.850939877477576115e-03,0.000000000000000000e+00
2.898999999999999910e-01,5.699999999999999772e-04,-3.850939877477576115e-03,0.000000000000000000e+00
3.064200000000000257e-01,2.500000000000000052e-04,-6.182628844693048922e-03,0.000000000000000000e+00
3.064200000000000257e-01,2.500000000000000052e-04,-6.182628844693048922e-03,0.000000000000000000e+00
3.232599999999999918e-01,5.000000000000000240e-05,-4.892671097577861936e-03,0.000000000000000000e+00
3.232599999999999918e-01,5.000000000000000240e-05,-4.892671097577861936e-03,0.000000000000000000e+00
3.383900000000000241e-01,-1.200000000000000030e-04,-4.786994710616786913e-03,0.000000000000000000e+00
3.554599999999999982e-01,-8.400000000000000348e-04,-7.565460023302794136e-03,0.000000000000000000e+00
3.554599999999999982e-01,-8.400000000000000348e-04,-7.565460023302794136e-03,0.000000000000000000e+00
3.705800000000000205e-01,-1.039999999999999909e-03,-6.787505335837397055e-03,0.000000000000000000e+00
3.705800000000000205e-01,-1.039999999999999909e-03,-6.787505335837397055e-03,0.000000000000000000e+00
3.899799999999999933e-01,-1.529999999999999893e-03,-5.290273596759258179e-03,0.000000000000000000e+00
3.915199999999999791e-01,-1.569999999999999998e-03,-5.171958579968284272e-03,0.000000000000000000e+00
4.038999999999999813e-01,-1.670000000000000043e-03,-6.016570874640663445e-03,0.000000000000000000e+00
4.212199999999999833e-01,-1.680000000000000070e-03,-7.488786305418049238e-03,0.000000000000000000e+00
4.212199999999999833e-01,-1.680000000000000070e-03,-7.488786305418049238e-03,0.000000000000000000e+00
4.371999999999999775e-01,-1.709999999999999932e-03,-6.387581582381660940e-03,0.000000000000000000e+00
4.371999999999999775e-01,-1.709999999999999932e-03,-6.387581582381660940e-03,0.000000000000000000e+00
4.526999999999999913e-01,-1.990000000000000015e-03,-6.862865192488166143e-03,0.000000000000000000e+00
4.526999999999999913e-01,-1.990000000000000015e-03,-6.862865192488166143e-03,0.000000000000000000e+00
4.682200000000000251e-01,-1.719999999999999958e-03,-8.812655641450596600e-03,0.000000000000000000e+00
4.698100000000000054e-01,-1.690000000000000096e-03,-9.023605115471186947e-03,0.000000000000000000e+00
4.863399999999999945e-01,-1.719999999999999958e-03,-1.138783693493433842e-02,0.000000000000000000e+00
5.027199999999999447e-01,-2.089999999999999844e-03,-1.189351927163090177e-02,0.000000000000000000e+00
5.027199999999999447e-01,-2.089999999999999844e-03,-1.189351927163090177e-02,0.000000000000000000e+00
5.187899999999999734e-01,-1.820000000000000003e-03,-1.238155909207387835e-02,0.000000000000000000e+00
5.200900000000000523e-01,-1.789999999999999925e-03,-1.242279341018624229e-02,0.000000000000000000e+00
5.325400000000000134e-01,-1.930000000000000075e-03,-1.329701492753213032e-02,0.000000000000000000e+00
5.337600000000000122e-01,-1.940000000000000101e-03,-1.338346428741374328e-02,0.000000000000000000e+00
5.510800000000000143e-01,-2.429999999999999868e-03,-1.186701502904327979e-02,0.000000000000000000e+00
5.679100000000000259e-01,-3.059999999999999786e-03,-1.196143743177241134e-02,0.000000000000000000e+00
5.692800000000000082e-01,-3.109999999999999917e-03,-1.198164985262509252e-02,0.000000000000000000e+00
5.890800000000000480e-01,-4.959999999999999999e-03,-1.059847565532219885e-02,0.000000000000000000e+00
6.037500000000000089e-01,-5.170000000000000116e-03,-9.597180389740495379e-03,0.000000000000000000e+00
6.037500000000000089e-01,-5.170000000000000116e-03,-9.597180389740495379e-03,0.000000000000000000e+00
6.250599999999999490e-01,-5.870000000000000218e-03,-9.335585778393653764e-03,0.000000000000000000e+00
6.250599999999999490e-01,-5.870000000000000218e-03,-9.335585778393653764e-03,0.000000000000000000e+00
6.250599999999999490e-01,-5.870000000000000218e-03,-9.335585778393653764e-03,0.000000000000000000e+00
6.567399999999999904e-01,-6.150000000000000085e-03,-9.176686884904609529e-03,0.000000000000000000e+00
6.567399999999999904e-01,-6.150000000000000085e-03,-9.176686884904609529e-03,0.000000000000000000e+00
6.685400000000000231e-01,-5.989999999999999665e-03,-1.286940974940927775e-02,0.000000000000000000e+00
6.685400000000000231e-01,-5.989999999999999665e-03,-1.286940974940927775e-02,0.000000000000000000e+00
6.879199999999999759e-01,-6.119999999999999572e-03,-1.548093574142792375e-02,0.000000000000000000e+00
7.025000000000000133e-01,-6.150000000000000085e-03,-1.765721899010725196e-02,0.000000000000000000e+00
7.025000000000000133e-01,-6.150000000000000085e-03,-1.765721899010725196e-02,0.000000000000000000e+00
7.199200000000000044e-01,-6.250000000000000347e-03,-1.597561668793535256e-02,0.000000000000000000e+00
7.199200000000000044e-01,-6.250000000000000347e-03,-1.597561668793535256e-02,0.000000000000000000e+00
7.214199999999999502e-01,-6.259999999999999939e-03,-1.580209355785743355e-02,0.000000000000000000e+00
7.375300000000000189e-01,-6.329999999999999689e-03,-1.629004779151479315e-02,0.000000000000000000e+00
7.375300000000000189e-01,-6.329999999999999689e-03,-1.629004779151479315e-02,0.000000000000000000e+00
7.375300000000000189e-01,-6.329999999999999689e-03,-1.629004779151479315e-02,0.000000000000000000e+00
7.375300000000000189e-01,-6.329999999999999689e-03,-1.629004779151479315e-02,0.000000000000000000e+00
7.375300000000000189e-01,-6.329999999999999689e-03,-1.629004779151479315e-02,0.000000000000000000e+00
7.375300000000000189e-01,-6.329999999999999689e-03,-1.629004779151479315e-02,0.000000000000000000e+00
8.031199999999999450e-01,-8.680000000000000215e-03,-1.412493775369965364e-02,0.000000000000000000e+00
8.180600000000000094e-01,-8.980000000000000135e-03,-1.925358199151674249e-02,0.000000000000000000e+00
8.180600000000000094e-01,-8.980000000000000135e-03,-1.925358199151674249e-02,0.000000000000000000e+00
8.361100000000000199e-01,-9.419999999999999554e-03,-1.780695339788124915e-02,0.000000000000000000e+00
8.361100000000000199e-01,-9.419999999999999554e-03,-1.780695339788124915e-02,0.000000000000000000e+00
8.588700000000000223e-01,-8.710000000000000728e-03,-1.923310238931076610e-02,0.000000000000000000e+00
8.608500000000000041e-01,-8.649999999999999703e-03,-1.938454452519914467e-02,0.000000000000000000e+00
8.778399999999999537e-01,-9.369999999999999857e-03,-1.961324159047664328e-02,0.000000000000000000e+00
8.930000000000000160e-01,-9.480000000000000579e-03,-2.239954678040407057e-02,0.000000000000000000e+00
8.930000000000000160e-01,-9.480000000000000579e-03,-2.239954678040407057e-02,0.000000000000000000e+00
9.081000000000000183e-01,-9.669999999999999776e-03,-2.081587153472605825e-02,0.000000000000000000e+00
9.081000000000000183e-01,-9.669999999999999776e-03,-2.081587153472605825e-02,0.000000000000000000e+00
9.235999999999999766e-01,-9.749999999999999986e-03,-2.339749581275554074e-02,0.000000000000000000e+00
9.248100000000000209e-01,-9.759999999999999579e-03,-2.364083965527166362e-02,0.000000000000000000e+00
9.422700000000000520e-01,-1.009000000000000001e-02,-2.375734589325241564e-02,0.000000000000000000e+00
9.580699999999999772e-01,-1.026000000000000002e-02,-2.224924118054672981e-02,0.000000000000000000e+00
9.580699999999999772e-01,-1.026000000000000002e-02,-2.224924118054672981e-02,0.000000000000000000e+00
9.737099999999999644e-01,-1.059000000000000045e-02,-2.499702537498667623e-02,0.000000000000000000e+00
9.737099999999999644e-01,-1.059000000000000045e-02,-2.499702537498667623e-02,0.000000000000000000e+00
9.896399999999999642e-01,-1.114000000000000060e-02,-2.113761300558993084e-02,0.000000000000000000e+00
9.896399999999999642e-01,-1.114000000000000060e-02,-2.113761300558993084e-02,0.000000000000000000e+00
1.005249999999999977e+00,-1.161000000000000053e-02,-2.140389863333630460e-02,0.000000000000000000e+00
1.024920000000000053e+00,-1.303999999999999951e-02,-2.168461985929479377e-02,0.000000000000000000e+00
1.024920000000000053e+00,-1.303999999999999951e-02,-2.168461985929479377e-02,0.000000000000000000e+00
1.040780000000000038e+00,-1.361000000000000057e-02,-2.204917214638129133e-02,0.000000000000000000e+00
1.040780000000000038e+00,-1.361000000000000057e-02,-2.204917214638129133e-02,0.000000000000000000e+00
1.042550000000000088e+00,-1.366000000000000027e-02,-2.209321137063454538e-02,0.000000000000000000e+00
1.072859999999999925e+00,-1.435999999999999950e-02,-2.362962594428808655e-02,0.000000000000000000e+00
1.072859999999999925e+00,-1.435999999999999950e-02,-2.362962594428808655e-02,0.000000000000000000e+00
1.074659999999999949e+00,-1.442000000000000053e-02,-2.346517640259258158e-02,0.000000000000000000e+00
1.093560000000000088e+00,-1.512999999999999935e-02,-2.365285313185856025e-02,0.000000000000000000e+00
1.106009999999999938e+00,-1.528000000000000018e-02,-2.640460420915373418e-02,0.000000000000000000e+00
1.106959999999999944e+00,-1.528999999999999977e-02,-2.664267082287093830e-02,0.000000000000000000e+00
1.121799999999999908e+00,-1.569999999999999868e-02,-2.740476854190903103e-02,0.000000000000000000e+00
1.138069999999999915e+00,-1.604999999999999830e-02,-3.006698607608519411e-02,0.000000000000000000e+00
1.138069999999999915e+00,-1.604999999999999830e-02,-3.006698607608519411e-02,0.000000000000000000e+00
1.154099999999999904e+00,-1.643000000000000016e-02,-3.093947647284690447e-02,0.000000000000000000e+00
1.155540000000000012e+00,-1.645999999999999894e-02,-3.100261901784060956e-02,0.000000000000000000e+00
1.170840000000000103e+00,-1.677000000000000018e-02,-3.133548948385314614e-02,0.000000000000000000e+00
1.172239999999999949e+00,-1.679999999999999896e-02,-3.136592532598759392e-02,0.000000000000000000e+00
1.187969999999999970e+00,-1.744000000000000064e-02,-2.939574378234718552e-02,0.000000000000000000e+00
1.213799999999999990e+00,-1.934999999999999915e-02,-2.930585297284305293e-02,0.000000000000000000e+00
1.213799999999999990e+00,-1.934999999999999915e-02,-2.930585297284305293e-02,0.000000000000000000e+00
1.231649999999999912e+00,-2.011999999999999900e-02,-3.002193374294662848e-02,0.000000000000000000e+00
1.233139999999999903e+00,-2.018000000000000002e-02,-3.008923185610725207e-02,0.000000000000000000e+00
1.248850000000000016e+00,-2.135000000000000092e-02,-2.821940212683056448e-02,0.000000000000000000e+00
1.266150000000000109e+00,-2.188999999999999974e-02,-3.123439920202372710e-02,0.000000000000000000e+00
1.266150000000000109e+00,-2.188999999999999974e-02,-3.123439920202372710e-02,0.000000000000000000e+00
1.283770000000000078e+00,-2.256000000000000019e-02,-2.905440175919338577e-02,0.000000000000000000e+00
1.283770000000000078e+00,-2.256000000000000019e-02,-2.905440175919338577e-02,0.000000000000000000e+00
1.302210000000000090e+00,-2.183999999999999830e-02,-3.234996668841973178e-02,0.000000000000000000e+00
1.302210000000000090e+00,-2.183999999999999830e-02,-3.234996668841973178e-02,0.000000000000000000e+00
1.325390000000000068e+00,-2.241999999999999896e-02,-3.087580236675496748e-02,0.000000000000000000e+00
1.325390000000000068e+00,-2.241999999999999896e-02,-3.087580236675496748e-02,0.000000000000000000e+00
1.343450000000000033e+00,-2.341000000000000025e-02,-3.087140225957191869e-02,0.000000000000000000e+00
1.343450000000000033e+00,-2.341000000000000025e-02,-3.087140225957191869e-02,0.000000000000000000e+00
1.351020000000000110e+00,-2.340000000000000066e-02,-3.380058862291307475e-02,0.000000000000000000e+00
1.351660000000000084e+00,-2.339000000000000107e-02,-3.411379952807928884e-02,0.000000000000000000e+00
1.372889999999999944e+00,-2.399000000000000091e-02,-3.440592055492795731e-02,0.000000000000000000e+00
1.386360000000000037e+00,-2.416000000000000092e-02,-3.513125962350578668e-02,0.000000000000000000e+00
1.386360000000000037e+00,-2.416000000000000092e-02,-3.513125962350578668e-02,0.000000000000000000e+00
1.414250000000000007e+00,-2.602000000000000146e-02,-3.318103772497952436e-02,0.000000000000000000e+00
1.414250000000000007e+00,-2.602000000000000146e-02,-3.318103772497952436e-02,0.000000000000000000e+00
1.434059999999999890e+00,-2.671000000000000110e-02,-3.056168896692202513e-02,0.000000000000000000e+00
1.435829999999999940e+00,-2.675999999999999907e-02,-3.031145733439950113e-02,0.000000000000000000e+00
1.447319999999999940e+00,-2.716999999999999971e-02,-3.109208631833414171e-02,0.000000000000000000e+00
1.465570000000000039e+00,-2.825000000000000080e-02,-3.101482774028839137e-02,0.000000000000000000e+00
1.465570000000000039e+00,-2.825000000000000080e-02,-3.101482774028839137e-02,0.000000000000000000e+00
1.484550000000000036e+00,-2.926000000000000129e-02,-2.916931294280658907e-02,0.000000000000000000e+00
1.484550000000000036e+00,-2.926000000000000129e-02,-2.916931294280658907e-02,0.000000000000000000e+00
1.497530000000000028e+00,-2.971999999999999989e-02,-3.175771487079861316e-02,0.000000000000000000e+00
1.498499999999999943e+00,-2.974999999999999867e-02,-3.199526748017917505e-02,0.000000000000000000e+00
1.521470000000000100e+00,-3.104000000000000162e-02,-3.275559368184569747e-02,0.000000000000000000e+00
1.541150000000000020e+00,-3.028000000000000136e-02,-3.354162386183140443e-02,0.000000000000000000e+00
1.541150000000000020e+00,-3.028000000000000136e-02,-3.354162386183140443e-02,0.000000000000000000e+00
1.554589999999999916e+00,-3.056999999999999995e-02,-3.415221756894268323e-02,0.000000000000000000e+00
1.555719999999999992e+00,-3.060999999999999832e-02,-3.420412384927406374e-02,0.000000000000000000e+00
1.573350000000000026e+00,-3.124000000000000041e-02,-3.428418572175960521e-02,0.000000000000000000e+00
1.586719999999999908e+00,-3.155000000000000165e-02,-3.503874925950968555e-02,0.000000000000000000e+00
1.586719999999999908e+00,-3.155000000000000165e-02,-3.503874925950968555e-02,0.000000000000000000e+00
1.604619999999999935e+00,-3.187999999999999862e-02,-3.806234021238474180e-02,0.000000000000000000e+00
1.604619999999999935e+00,-3.187999999999999862e-02,-3.806234021238474180e-02,0.000000000000000000e+00
1.619169999999999998e+00,-3.200999999999999679e-02,-3.576629481132247851e-02,0.000000000000000000e+00
1.620260000000000034e+00,-3.200999999999999679e-02,-3.553324993461941250e-02,0.000000000000000000e+00
1.638179999999999970e+00,-3.259000000000000091e-02,-3.603341208927141742e-02,0.000000000000000000e+00
1.658449999999999980e+00,-3.330000000000000321e-02,-3.354648583310562010e-02,0.000000000000000000e+00
1.658449999999999980e+00,-3.330000000000000321e-02,-3.354648583310562010e-02,0.000000000000000000e+00
1.672039999999999971e+00,-3.368000000000000160e-02,-3.608036644943596327e-02,0.000000000000000000e+00
1.673010000000000108e+00,-3.370999999999999691e-02,-3.631099066259471653e-02,0.000000000000000000e+00
1.685540000000000038e+00,-3.448999999999999982e-02,-3.454414718765512482e-02,0.000000000000000000e+00
1.686690000000000023e+00,-3.456000000000000044e-02,-3.438324343273169853e-02,0.000000000000000000e+00
1.698800000000000088e+00,-3.513000000000000150e-02,-3.488096718091157622e-02,0.000000000000000000e+00
1.718900000000000095e+00,-3.644000000000000017e-02,-3.833691593427007022e-02,0.000000000000000000e+00
1.718900000000000095e+00,-3.644000000000000017e-02,-3.833691593427007022e-02,0.000000000000000000e+00
1.739209999999999923e+00,-3.740000000000000269e-02,-3.626431367203906964e-02,0.000000000000000000e+00
1.739209999999999923e+00,-3.740000000000000269e-02,-3.626431367203906964e-02,0.000000000000000000e+00
1.753090000000000037e+00,-3.787000000000000088e-02,-3.943312953502271095e-02,0.000000000000000000e+00
1.754099999999999993e+00,-3.790999999999999925e-02,-3.971651628986030969e-02,0.000000000000000000e+00
1.773859999999999992e+00,-3.912000000000000199e-02,-3.742370957844549234e-02,0.000000000000000000e+00
1.780419999999999892e+00,-3.914999999999999730e-02,-4.065963454919503672e-02,0.000000000000000000e+00
1.780419999999999892e+00,-3.914999999999999730e-02,-4.065963454919503672e-02,0.000000000000000000e+00
1.800620000000000109e+00,-4.012999999999999901e-02,-4.104396244323509080e-02,0.000000000000000000e+00
1.802019999999999955e+00,-4.019999999999999962e-02,-4.105079449439591466e-02,0.000000000000000000e+00
1.813709999999999933e+00,-4.075000000000000150e-02,-4.470231849652791384e-02,0.000000000000000000e+00
1.834929999999999950e+00,-4.109000000000000152e-02,-4.237934197477982029e-02,0.000000000000000000e+00
1.834929999999999950e+00,-4.109000000000000152e-02,-4.237934197477982029e-02,0.000000000000000000e+00
1.856219999999999981e+00,-4.299000000000000044e-02,-4.575515287917800850e-02,0.000000000000000000e+00
1.856219999999999981e+00,-4.299000000000000044e-02,-4.575515287917800850e-02,0.000000000000000000e+00
1.878160000000000052e+00,-4.408000000000000113e-02,-4.661070045671903556e-02,0.000000000000000000e+00
1.892570000000000086e+00,-4.449000000000000177e-02,-4.611433633505747365e-02,0.000000000000000000e+00
1.892570000000000086e+00,-4.449000000000000177e-02,-4.611433633505747365e-02,0.000000000000000000e+00
1.907499999999999973e+00,-4.578999999999999737e-02,-4.144564085127754732e-02,0.000000000000000000e+00
1.907499999999999973e+00,-4.578999999999999737e-02,-4.144564085127754732e-02,0.000000000000000000e+00
1.922150000000000025e+00,-4.662999999999999784e-02,-4.091995316513587222e-02,0.000000000000000000e+00
1.943659999999999943e+00,-4.818000000000000060e-02,-4.224160997887774216e-02,0.000000000000000000e+00
1.943659999999999943e+00,-4.818000000000000060e-02,-4.224160997887774216e-02,0.000000000000000000e+00
1.959070000000000089e+00,-4.877999999999999697e-02,-3.932218698511798227e-02,0.000000000000000000e+00
1.959070000000000089e+00,-4.877999999999999697e-02,-3.932218698511798227e-02,0.000000000000000000e+00
1.972990000000000022e+00,-4.918000000000000149e-02,-4.288829922806440542e-02,0.000000000000000000e+00
1.986990000000000034e+00,-4.954999999999999682e-02,-4.341728464167430440e-02,0.000000000000000000e+00
1.986990000000000034e+00,-4.954999999999999682e-02,-4.341728464167430440e-02,0.000000000000000000e+00
2.016980000000000217e+00,-5.111999999999999877e-02,-4.392274795044516511e-02,0.000000000000000000e+00
2.016980000000000217e+00,-5.111999999999999877e-02,-4.392274795044516511e-02,0.000000000000000000e+00
2.023680000000000145e+00,-5.147999999999999798e-02,-4.429341309361990719e-02,0.000000000000000000e+00
2.019509999999999916e+00,-5.118999999999999939e-02,-4.725183374786044721e-02,0.000000000000000000e+00
2.019509999999999916e+00,-5.118999999999999939e-02,-4.725183374786044721e-02,0.000000000000000000e+00
2.019509999999999916e+00,-5.118999999999999939e-02,-4.725183374786044721e-02,0.000000000000000000e+00
2.046320000000000139e+00,-5.263000000000000317e-02,-4.806652829986957781e-02,0.000000000000000000e+00
2.051610000000000156e+00,-5.290000000000000258e-02,-4.844613516430777006e-02,0.000000000000000000e+00
2.054570000000000007e+00,-5.254000000000000337e-02,-4.869407140900065128e-02,0.000000000000000000e+00
2.054570000000000007e+00,-5.254000000000000337e-02,-4.869407140900065128e-02,0.000000000000000000e+00
2.065350000000000019e+00,-5.299000000000000238e-02,-4.869755907412699064e-02,0.000000000000000000e+00
2.065350000000000019e+00,-5.299000000000000238e-02,-4.869755907412699064e-02,0.000000000000000000e+00
2.059930000000000039e+00,-5.235000000000000070e-02,-4.904510805453923816e-02,0.000000000000000000e+00
2.059480000000000199e+00,-5.229000000000000314e-02,-4.907085103396259529e-02,0.000000000000000000e+00
2.069269999999999943e+00,-5.272999999999999909e-02,-4.896180812702569107e-02,0.000000000000000000e+00
2.071720000000000006e+00,-5.287000000000000033e-02,-4.930698503612357397e-02,0.000000000000000000e+00
2.071720000000000006e+00,-5.287000000000000033e-02,-4.930698503612357397e-02,0.000000000000000000e+00
2.081189999999999873e+00,-5.342999999999999833e-02,-4.925797654100243228e-02,0.000000000000000000e+00
2.081900000000000084e+00,-5.346999999999999670e-02,-4.925229990595476198e-02,0.000000000000000000e+00
2.090090000000000003e+00,-5.360000000000000181e-02,-5.212470665467087982e-02,0.000000000000000000e+00
2.092140000000000111e+00,-5.380999999999999672e-02,-4.942626588166786766e-02,0.000000000000000000e+00
2.092140000000000111e+00,-5.380999999999999672e-02,-4.942626588166786766e-02,0.000000000000000000e+00
2.101179999999999826e+00,-5.419999999999999818e-02,-4.910965499196614376e-02,0.000000000000000000e+00
2.101820000000000022e+00,-5.421999999999999736e-02,-4.910251469832724314e-02,0.000000000000000000e+00
2.085100000000000176e+00,-5.330000000000000016e-02,-4.916240750171758239e-02,0.000000000000000000e+00
2.082419999999999938e+00,-5.317999999999999811e-02,-5.225418083254811108e-02,0.000000000000000000e+00
2.082419999999999938e+00,-5.317999999999999811e-02,-5.225418083254811108e-02,0.000000000000000000e+00
2.082329999999999792e+00,-5.317999999999999811e-02,-5.247720246890621998e-02,0.000000000000000000e+00
2.082329999999999792e+00,-5.317999999999999811e-02,-5.247720246890621998e-02,0.000000000000000000e+00
2.074829999999999952e+00,-5.319000000000000117e-02,-4.962294004178329637e-02,0.000000000000000000e+00
2.082310000000000105e+00,-5.313999999999999974e-02,-4.927019877928166119e-02,0.000000000000000000e+00
2.082310000000000105e+00,-5.313999999999999974e-02,-4.927019877928166119e-02,0.000000000000000000e+00
2.082120000000000193e+00,-5.317999999999999811e-02,-5.258471644729638406e-02,0.000000000000000000e+00
2.082059999999999800e+00,-5.317999999999999811e-02,-5.286724986366849593e-02,0.000000000000000000e+00
2.074580000000000091e+00,-5.290000000000000258e-02,-4.955163307548805796e-02,0.000000000000000000e+00
2.082240000000000091e+00,-5.340000000000000302e-02,-4.932695000688921971e-02,0.000000000000000000e+00
2.082240000000000091e+00,-5.340000000000000302e-02,-4.932695000688921971e-02,0.000000000000000000e+00
2.082289999999999974e+00,-5.317999999999999811e-02,-5.262320739312447565e-02,0.000000000000000000e+00
2.082250000000000156e+00,-5.315999999999999892e-02,-5.285786542032484825e-02,0.000000000000000000e+00
2.082980000000000054e+00,-5.328999999999999709e-02,-4.950711506721094946e-02,0.000000000000000000e+00
2.082219999999999960e+00,-5.317999999999999811e-02,-5.212022543740851138e-02,0.000000000000000000e+00
2.082219999999999960e+00,-5.317999999999999811e-02,-5.212022543740851138e-02,0.000000000000000000e+00
2.082320000000000171e+00,-5.344000000000000139e-02,-5.253338288486336660e-02,0.000000000000000000e+00
2.082320000000000171e+00,-5.344000000000000139e-02,-5.253338288486336660e-02,0.000000000000000000e+00
2.082339999999999858e+00,-5.319000000000000117e-02,-5.247728563601932600e-02,0.000000000000000000e+00
-3.600000000000000227e-04,8.000000000000000654e-05,0.000000000000000000e+00,0.000000000000000000e+00
3.000000000000000076e-05,6.000000000000000152e-05,-1.424955799875973501e-03,0.000000000000000000e+00
-3.299999999999999982e-04,8.000000000000000654e-05,-9.818819328769035331e-05,0.000000000000000000e+00
-3.299999999999999982e-04,8.000000000000000654e-05,-9.818819328769035331e-05,0.000000000000000000e+00
-2.000000000000000096e-04,1.700000000000000122e-04,-1.342103303421059201e-03,0.000000000000000000e+00
-2.000000000000000096e-04,1.700000000000000122e-04,-1.342103303421059201e-03,0.000000000000000000e+00
1.100000000000000066e-03,-2.200000000000000078e-04,-1.635951444635045434e-03,0.000000000000000000e+00
-7.600000000000000418e-04,9.000000000000000567e-05,-1.795062414765723549e-03,0.000000000000000000e+00
-7.600000000000000418e-04,9.000000000000000567e-05,-1.795062414765723549e-03,0.000000000000000000e+00
-8.099999999999999561e-04,1.100000000000000039e-04,-2.135759566506484179e-03,0.000000000000000000e+00
-8.099999999999999561e-04,1.100000000000000039e-04,-2.135759566506484179e-03,0.000000000000000000e+00
8.099999999999999561e-04,-3.299999999999999982e-04,-1.830806605639041015e-03,0.000000000000000000e+00
9.300000000000000541e-04,-3.600000000000000227e-04,-1.807823176749470597e-03,0.000000000000000000e+00
4.000000000000000327e-05,-4.600000000000000139e-04,-1.756195227851567583e-03,0.000000000000000000e+00
-3.000000000000000076e-05,-4.699999999999999859e-04,-1.752122300193632810e-03,0.000000000000000000e+00
4.429999999999999910e-03,-6.199999999999999999e-04,-1.604310119008584522e-03,0.000000000000000000e+00
8.800000000000000530e-03,-4.699999999999999859e-04,-3.806635250106002585e-04,0.000000000000000000e+00
8.800000000000000530e-03,-4.699999999999999859e-04,-3.806635250106002585e-04,0.000000000000000000e+00
1.476000000000000055e-02,-6.300000000000000261e-04,-3.725159901141635727e-03,0.000000000000000000e+00
1.476000000000000055e-02,-6.300000000000000261e-04,-3.725159901141635727e-03,0.000000000000000000e+00
2.477999999999999994e-02,-1.289999999999999914e-03,1.959202371195330281e-04,0.000000000000000000e+00
3.941999999999999671e-02,-3.899999999999999929e-04,-2.100585993815504149e-03,0.000000000000000000e+00
3.941999999999999671e-02,-3.899999999999999929e-04,-2.100585993815504149e-03,0.000000000000000000e+00
5.002999999999999808e-02,-3.800000000000000209e-04,-7.330719798273024803e-05,0.000000000000000000e+00
5.002999999999999808e-02,-3.800000000000000209e-04,-7.330719798273024803e-05,0.000000000000000000e+00
6.223999999999999672e-02,-1.020000000000000073e-03,4.933080699711604039e-04,0.000000000000000000e+00
6.343999999999999639e-02,-1.080000000000000014e-03,5.267644396383269235e-04,0.000000000000000000e+00
7.492999999999999661e-02,-1.270000000000000078e-03,-1.229380359396188560e-03,0.000000000000000000e+00
8.606999999999999373e-02,-1.030000000000000100e-03,-7.566486771253971583e-04,0.000000000000000000e+00
8.606999999999999373e-02,-1.030000000000000100e-03,-7.566486771253971583e-04,0.000000000000000000e+00
9.959999999999999409e-02,-9.700000000000000505e-04,-7.146775210345819498e-04,0.000000000000000000e+00
9.959999999999999409e-02,-9.700000000000000505e-04,-7.146775210345819498e-04,0.000000000000000000e+00
1.143900000000000056e-01,-1.020000000000000073e-03,-1.811092894331224569e-03,0.000000000000000000e+00
1.300300000000000067e-01,-8.700000000000000051e-04,-2.900637069750706259e-03,0.000000000000000000e+00
1.300300000000000067e-01,-8.700000000000000051e-04,-2.900637069750706259e-03,0.000000000000000000e+00
1.448500000000000065e-01,-1.330000000000000019e-03,-5.055823704628933414e-03,0.000000000000000000e+00
1.448500000000000065e-01,-1.330000000000000019e-03,-5.055823704628933414e-03,0.000000000000000000e+00
1.577600000000000113e-01,-1.490000000000000005e-03,-7.143717343532882645e-03,0.000000000000000000e+00
1.585199999999999942e-01,-1.500000000000000031e-03,-7.268795997132285365e-03,0.000000000000000000e+00
1.727100000000000024e-01,-1.129999999999999928e-03,-7.660999375754604448e-03,0.000000000000000000e+00
1.884200000000000041e-01,-9.899999999999999946e-04,-1.072173523121505018e-02,0.000000000000000000e+00
1.884200000000000041e-01,-9.899999999999999946e-04,-1.072173523121505018e-02,0.000000000000000000e+00
2.068200000000000038e-01,-1.059999999999999961e-03,-7.238366283015060590e-03,0.000000000000000000e+00
2.082600000000000007e-01,-1.059999999999999961e-03,-6.933166112136579691e-03,0.000000000000000000e+00
2.198700000000000099e-01,-6.400000000000000524e-04,-4.637033606644942220e-03,0.000000000000000000e+00
2.198700000000000099e-01,-6.400000000000000524e-04,-4.637033606644942220e-03,0.000000000000000000e+00
2.359700000000000131e-01,-7.100000000000000191e-04,-2.704748510648289153e-03,0.000000000000000000e+00
2.521700000000000053e-01,-8.199999999999999824e-04,-1.165279528425647608e-03,0.000000000000000000e+00
2.521700000000000053e-01,-8.199999999999999824e-04,-1.165279528425647608e-03,0.000000000000000000e+00
2.686999999999999944e-01,-7.799999999999999859e-04,-3.273252616158483976e-04,0.000000000000000000e+00
2.686999999999999944e-01,-7.799999999999999859e-04,-3.273252616158483976e-04,0.000000000000000000e+00
2.852199999999999736e-01,-1.379999999999999933e-03,6.643125779103675830e-04,0.000000000000000000e+00
3.020100000000000007e-01,-1.869999999999999917e-03,-6.010881697226082461e-03,0.000000000000000000e+00
3.020100000000000007e-01,-1.869999999999999917e-03,-6.010881697226082461e-03,0.000000000000000000e+00
3.184699999999999753e-01,-2.449999999999999921e-03,-6.628751934485046203e-03,0.000000000000000000e+00
3.197999999999999732e-01,-2.490000000000000026e-03,-6.637220131575883968e-03,0.000000000000000000e+00
3.335899999999999976e-01,-2.370000000000000145e-03,-7.060735547756555666e-03,0.000000000000000000e+00
3.493200000000000194e-01,-2.200000000000000133e-03,-1.258014227924415113e-02,0.000000000000000000e+00
3.493200000000000194e-01,-2.200000000000000133e-03,-1.258014227924415113e-02,0.000000000000000000e+00
3.680200000000000138e-01,-2.939999999999999905e-03,-9.793806880773203022e-03,0.000000000000000000e+00
3.693100000000000271e-01,-2.980000000000000010e-03,-9.564010990129994880e-03,0.000000000000000000e+00
3.812699999999999978e-01,-3.089999999999999865e-03,-1.009776064893410166e-02,0.000000000000000000e+00
3.983200000000000074e-01,-3.449999999999999942e-03,-1.382276056872762740e-02,0.000000000000000000e+00
3.983200000000000074e-01,-3.449999999999999942e-03,-1.382276056872762740e-02,0.000000000000000000e+00
4.144200000000000106e-01,-3.210000000000000180e-03,-1.237826855339924960e-02,0.000000000000000000e+00
4.144200000000000106e-01,-3.210000000000000180e-03,-1.237826855339924960e-02,0.000000000000000000e+00
4.318500000000000116e-01,-3.220000000000000206e-03,-1.218278687033202967e-02,0.000000000000000000e+00
4.332500000000000240e-01,-3.220000000000000206e-03,-1.217727008927774537e-02,0.000000000000000000e+00
4.475100000000000189e-01,-3.210000000000000180e-03,-1.069959083564635607e-02,0.000000000000000000e+00
4.630099999999999771e-01,-3.419999999999999863e-03,-8.838135699239820994e-03,0.000000000000000000e+00
4.630099999999999771e-01,-3.419999999999999863e-03,-8.838135699239820994e-03,0.000000000000000000e+00
4.791199999999999903e-01,-3.299999999999999982e-03,-1.229813626186873274e-02,0.000000000000000000e+00
4.949700000000000211e-01,-3.500000000000000073e-03,-1.167072907549631181e-02,0.000000000000000000e+00
4.949700000000000211e-01,-3.500000000000000073e-03,-1.167072907549631181e-02,0.000000000000000000e+00
5.108000000000000318e-01,-4.300000000000000003e-03,-1.373994423580086367e-02,0.000000000000000000e+00
5.108000000000000318e-01,-4.300000000000000003e-03,-1.373994423580086367e-02,0.000000000000000000e+00
5.286800000000000388e-01,-5.449999999999999983e-03,-1.631236687929967996e-02,0.000000000000000000e+00
5.300899999999999501e-01,-5.539999999999999786e-03,-1.651627943624933009e-02,0.000000000000000000e+00
5.427699999999999747e-01,-5.689999999999999745e-03,-1.679504556271459170e-02,0.000000000000000000e+00
5.588199999999999834e-01,-5.989999999999999665e-03,-1.911162289382509205e-02,0.000000000000000000e+00
5.588199999999999834e-01,-5.989999999999999665e-03,-1.911162289382509205e-02,0.000000000000000000e+00
5.751300000000000301e-01,-6.069999999999999875e-03,-1.906011615306088536e-02,0.000000000000000000e+00
5.751300000000000301e-01,-6.069999999999999875e-03,-1.906011615306088536e-02,0.000000000000000000e+00
5.959600000000000453e-01,-7.779999999999999589e-03,-1.808491580602454574e-02,0.000000000000000000e+00
6.128799999999999804e-01,-8.059999999999999457e-03,-1.964682209672658289e-02,0.000000000000000000e+00
6.128799999999999804e-01,-8.059999999999999457e-03,-1.964682209672658289e-02,0.000000000000000000e+00
6.298200000000000465e-01,-8.019999999999999352e-03,-2.174322054693010597e-02,0.000000000000000000e+00
6.310299999999999798e-01,-8.019999999999999352e-03,-2.189272501288997211e-02,0.000000000000000000e+00
6.488699999999999468e-01,-8.179999999999999771e-03,-1.965269920138600426e-02,0.000000000000000000e+00
6.637499999999999512e-01,-8.229999999999999469e-03,-2.019222709038979643e-02,0.000000000000000000e+00
6.637499999999999512e-01,-8.229999999999999469e-03,-2.019222709038979643e-02,0.000000000000000000e+00
6.807299999999999462e-01,-8.630000000000000518e-03,-1.834491485631072061e-02,0.000000000000000000e+00
6.807299999999999462e-01,-8.630000000000000518e-03,-1.834491485631072061e-02,0.000000000000000000e+00
6.980300000000000393e-01,-8.999999999999999320e-03,-1.829290341278299106e-02,0.000000000000000000e+00
6.992800000000000127e-01,-9.029999999999999832e-03,-1.830067188689173813e-02,0.000000000000000000e+00
7.126000000000000112e-01,-9.339999999999999344e-03,-1.620439732107133504e-02,0.000000000000000000e+00
7.268499999999999961e-01,-1.016000000000000063e-02,-1.939326291258686163e-02,0.000000000000000000e+00
7.268499999999999961e-01,-1.016000000000000063e-02,-1.939326291258686163e-02,0.000000000000000000e+00
7.417599999999999749e-01,-1.081999999999999976e-02,-1.991833727520508565e-02,0.000000000000000000e+00
7.417599999999999749e-01,-1.081999999999999976e-02,-1.991833727520508565e-02,0.000000000000000000e+00
7.586500000000000465e-01,-1.119999999999999989e-02,-2.237657081435724671e-02,0.000000000000000000e+00
7.798100000000000032e-01,-1.208000000000000046e-02,-2.258373956176876196e-02,0.000000000000000000e+00
7.798100000000000032e-01,-1.208000000000000046e-02,-2.258373956176876196e-02,0.000000000000000000e+00
7.917100000000000248e-01,-1.192999999999999963e-02,-2.340752141677365436e-02,0.000000000000000000e+00
7.917100000000000248e-01,-1.192999999999999963e-02,-2.340752141677365436e-02,0.000000000000000000e+00
8.167699999999999960e-01,-1.193999999999999923e-02,-2.433194524330148031e-02,0.000000000000000000e+00
8.191800000000000193e-01,-1.195000000000000055e-02,-2.441642225976654867e-02,0.000000000000000000e+00
8.358700000000000019e-01,-1.244999999999999926e-02,-2.661381325106572035e-02,0.000000000000000000e+00
8.509400000000000297e-01,-1.288000000000000082e-02,-2.941640431692582255e-02,0.000000000000000000e+00
8.509400000000000297e-01,-1.288000000000000082e-02,-2.941640431692582255e-02,0.000000000000000000e+00
8.655599999999999961e-01,-1.277999999999999969e-02,-3.243109414089616338e-02,0.000000000000000000e+00
8.839500000000000135e-01,-1.290000000000000001e-02,-3.057180539120907606e-02,0.000000000000000000e+00
8.839500000000000135e-01,-1.290000000000000001e-02,-3.057180539120907606e-02,0.000000000000000000e+00
8.995199999999999863e-01,-1.328000000000000014e-02,-2.880572397913287730e-02,0.000000000000000000e+00
8.995199999999999863e-01,-1.328000000000000014e-02,-2.880572397913287730e-02,0.000000000000000000e+00
9.149199999999999555e-01,-1.396999999999999978e-02,-2.653055373967844535e-02,0.000000000000000000e+00
9.163099999999999579e-01,-1.404000000000000040e-02,-2.632213324795496315e-02,0.000000000000000000e+00
9.336900000000000199e-01,-1.473999999999999963e-02,-2.678405379731308572e-02,0.000000000000000000e+00
9.496200000000000196e-01,-1.525999999999999926e-02,-2.734873190004936602e-02,0.000000000000000000e+00
9.496200000000000196e-01,-1.525999999999999926e-02,-2.734873190004936602e-02,0.000000000000000000e+00
9.612899999999999778e-01,-1.603999999999999870e-02,-2.788472651288069828e-02,0.000000000000000000e+00
9.624300000000000077e-01,-1.611999999999999891e-02,-2.793871168427112042e-02,0.000000000000000000e+00
9.838400000000000478e-01,-1.762999999999999984e-02,-3.052406629430542626e-02,0.000000000000000000e+00
9.965100000000000069e-01,-1.808999999999999844e-02,-3.083936692751534231e-02,0.000000000000000000e+00
9.965100000000000069e-01,-1.808999999999999844e-02,-3.083936692751534231e-02,0.000000000000000000e+00
1.014140000000000041e+00,-1.857999999999999929e-02,-3.156015549819365940e-02,0.000000000000000000e+00
1.014140000000000041e+00,-1.857999999999999929e-02,-3.156015549819365940e-02,0.000000000000000000e+00
1.030860000000000110e+00,-1.902999999999999831e-02,-3.153704838713788233e-02,0.000000000000000000e+00
1.030860000000000110e+00,-1.902999999999999831e-02,-3.153704838713788233e-02,0.000000000000000000e+00
1.047160000000000091e+00,-1.993999999999999939e-02,-3.442747892662303966e-02,0.000000000000000000e+00
1.067020000000000080e+00,-2.076000000000000068e-02,-3.510357839365668003e-02,0.000000000000000000e+00
1.067020000000000080e+00,-2.076000000000000068e-02,-3.510357839365668003e-02,0.000000000000000000e+00
1.079579999999999984e+00,-2.070999999999999924e-02,-3.767369546711474282e-02,0.000000000000000000e+00
1.079579999999999984e+00,-2.070999999999999924e-02,-3.767369546711474282e-02,0.000000000000000000e+00
1.099120000000000097e+00,-2.136000000000000051e-02,-3.839589029690981120e-02,0.000000000000000000e+00
1.099120000000000097e+00,-2.136000000000000051e-02,-3.839589029690981120e-02,0.000000000000000000e+00
1.115769999999999929e+00,-2.149999999999999828e-02,-3.860412669877631014e-02,0.000000000000000000e+00
1.117220000000000102e+00,-2.151000000000000134e-02,-3.861988664071709654e-02,0.000000000000000000e+00
1.128440000000000110e+00,-2.189999999999999933e-02,-3.702365732517819835e-02,0.000000000000000000e+00
1.156760000000000010e+00,-2.424000000000000113e-02,-3.450405735869890855e-02,0.000000000000000000e+00
1.156760000000000010e+00,-2.424000000000000113e-02,-3.450405735869890855e-02,0.000000000000000000e+00
1.170909999999999895e+00,-2.539999999999999897e-02,-3.474660098398903163e-02,0.000000000000000000e+00
1.170909999999999895e+00,-2.539999999999999897e-02,-3.474660098398903163e-02,0.000000000000000000e+00
1.187270000000000048e+00,-2.672000000000000069e-02,-3.793896798158618439e-02,0.000000000000000000e+00
1.188679999999999959e+00,-2.683999999999999928e-02,-3.823021703108506197e-02,0.000000000000000000e+00
1.210029999999999939e+00,-2.680000000000000090e-02,-4.135582418341120226e-02,0.000000000000000000e+00
1.232930000000000081e+00,-2.768999999999999934e-02,-3.953787816331292421e-02,0.000000000000000000e+00
1.232930000000000081e+00,-2.768999999999999934e-02,-3.953787816331292421e-02,0.000000000000000000e+00
1.245929999999999982e+00,-2.790000000000000119e-02,-4.001288836099481383e-02,0.000000000000000000e+00
1.245929999999999982e+00,-2.790000000000000119e-02,-4.001288836099481383e-02,0.000000000000000000e+00
1.262129999999999974e+00,-2.886999999999999983e-02,-4.279812251430695214e-02,0.000000000000000000e+00
1.262129999999999974e+00,-2.886999999999999983e-02,-4.279812251430695214e-02,0.000000000000000000e+00
1.279179999999999984e+00,-2.959000000000000172e-02,-4.556440070701284206e-02,0.000000000000000000e+00
1.296389999999999931e+00,-3.033999999999999891e-02,-4.641004914869726466e-02,0.000000000000000000e+00
1.296389999999999931e+00,-3.033999999999999891e-02,-4.641004914869726466e-02,0.000000000000000000e+00
1.309530000000000083e+00,-3.042999999999999872e-02,-4.435470813710559734e-02,0.000000000000000000e+00
1.309530000000000083e+00,-3.042999999999999872e-02,-4.435470813710559734e-02,0.000000000000000000e+00
1.326049999999999951e+00,-3.117999999999999938e-02,-4.691217466083024562e-02,0.000000000000000000e+00
1.327490000000000059e+00,-3.126000000000000306e-02,-4.716669856214870948e-02,0.000000000000000000e+00
1.348330000000000028e+00,-3.216000000000000109e-02,-4.716711902020800928e-02,0.000000000000000000e+00
1.348330000000000028e+00,-3.216000000000000109e-02,-4.716711902020800928e-02,0.000000000000000000e+00
1.362549999999999928e+00,-3.264000000000000234e-02,-4.257465532783166751e-02,0.000000000000000000e+00
1.379999999999999893e+00,-3.343000000000000138e-02,-4.249395321628465783e-02,0.000000000000000000e+00
1.381510000000000016e+00,-3.350000000000000200e-02,-4.252403116397442118e-02,0.000000000000000000e+00
1.393180000000000085e+00,-3.395999999999999713e-02,-4.357403560010138233e-02,0.000000000000000000e+00
1.411030000000000006e+00,-3.506000000000000089e-02,-4.378642174988851138e-02,0.000000000000000000e+00
1.411030000000000006e+00,-3.506000000000000089e-02,-4.378642174988851138e-02,0.000000000000000000e+00
1.429009999999999891e+00,-3.647000000000000242e-02,-4.428317014322609435e-02,0.000000000000000000e+00
1.429009999999999891e+00,-3.647000000000000242e-02,-4.428317014322609435e-02,0.000000000000000000e+00
1.447310000000000096e+00,-3.753999999999999698e-02,-4.432017341996181276e-02,0.000000000000000000e+00
1.465940000000000021e+00,-3.837000000000000133e-02,-4.503526406706900159e-02,0.000000000000000000e+00
1.465940000000000021e+00,-3.837000000000000133e-02,-4.503526406706900159e-02,0.000000000000000000e+00
1.478660000000000085e+00,-3.876000000000000278e-02,-4.778853127392008321e-02,0.000000000000000000e+00
1.478660000000000085e+00,-3.876000000000000278e-02,-4.778853127392008321e-02,0.000000000000000000e+00
1.491559999999999997e+00,-3.944000000000000283e-02,-4.622397278200570531e-02,0.000000000000000000e+00
1.492650000000000032e+00,-3.950000000000000039e-02,-4.606075912229282837e-02,0.000000000000000000e+00
1.515230000000000077e+00,-4.068999999999999700e-02,-4.628665480770428886e-02,0.000000000000000000e+00
1.528750000000000053e+00,-4.116000000000000214e-02,-4.903036257299390327e-02,0.000000000000000000e+00
1.528750000000000053e+00,-4.116000000000000214e-02,-4.903036257299390327e-02,0.000000000000000000e+00
1.541029999999999900e+00,-4.129000000000000031e-02,-5.254143336763998640e-02,0.000000000000000000e+00
1.541029999999999900e+00,-4.129000000000000031e-02,-5.254143336763998640e-02,0.000000000000000000e+00
1.559390000000000054e+00,-4.195000000000000118e-02,-5.316468577368183707e-02,0.000000000000000000e+00
1.579039999999999999e+00,-4.281999999999999695e-02,-5.088869201492698252e-02,0.000000000000000000e+00
1.579039999999999999e+00,-4.281999999999999695e-02,-5.088869201492698252e-02,0.000000000000000000e+00
1.592859999999999943e+00,-4.318999999999999923e-02,-4.798443203747121411e-02,0.000000000000000000e+00
1.592859999999999943e+00,-4.318999999999999923e-02,-4.798443203747121411e-02,0.000000000000000000e+00
1.617799999999999905e+00,-4.555000000000000021e-02,-4.853092524900494420e-02,0.000000000000000000e+00
1.620039999999999925e+00,-4.576999999999999819e-02,-4.860744932368114141e-02,0.000000000000000000e+00
1.631850000000000023e+00,-4.682000000000000051e-02,-4.914798513516358686e-02,0.000000000000000000e+00
1.632970000000000033e+00,-4.692000000000000337e-02,-4.919920634754669508e-02,0.000000000000000000e+00
1.651510000000000034e+00,-4.870000000000000023e-02,-4.717145036365379129e-02,0.000000000000000000e+00
1.665229999999999988e+00,-4.902000000000000107e-02,-4.968670907825274013e-02,0.000000000000000000e+00
1.665229999999999988e+00,-4.902000000000000107e-02,-4.968670907825274013e-02,0.000000000000000000e+00
1.684369999999999923e+00,-4.995000000000000134e-02,-5.309508235308173923e-02,0.000000000000000000e+00
1.684369999999999923e+00,-4.995000000000000134e-02,-5.309508235308173923e-02,0.000000000000000000e+00
1.704909999999999926e+00,-5.090999999999999692e-02,-5.105037426453828964e-02,0.000000000000000000e+00
1.724320000000000075e+00,-5.136999999999999900e-02,-5.441862638500859911e-02,0.000000000000000000e+00
1.724320000000000075e+00,-5.136999999999999900e-02,-5.441862638500859911e-02,0.000000000000000000e+00
1.737999999999999989e+00,-5.190000000000000169e-02,-5.769652098651052025e-02,0.000000000000000000e+00
1.737999999999999989e+00,-5.190000000000000169e-02,-5.769652098651052025e-02,0.000000000000000000e+00
1.758089999999999931e+00,-5.296000000000000013e-02,-5.607510392020399054e-02,0.000000000000000000e+00
1.758089999999999931e+00,-5.296000000000000013e-02,-5.607510392020399054e-02,0.000000000000000000e+00
1.778690000000000104e+00,-5.394000000000000183e-02,-5.928501628802692464e-02,0.000000000000000000e+00
1.793220000000000036e+00,-5.460000000000000270e-02,-5.675892823937557508e-02,0.000000000000000000e+00
1.793220000000000036e+00,-5.460000000000000270e-02,-5.675892823937557508e-02,0.000000000000000000e+00
1.806920000000000082e+00,-5.523000000000000131e-02,-5.690790722142070879e-02,0.000000000000000000e+00
1.806920000000000082e+00,-5.523000000000000131e-02,-5.690790722142070879e-02,0.000000000000000000e+00
1.820650000000000102e+00,-5.602000000000000035e-02,-5.692993231308592084e-02,0.000000000000000000e+00
1.820650000000000102e+00,-5.602000000000000035e-02,-5.692993231308592084e-02,0.000000000000000000e+00
1.848919999999999897e+00,-5.791000000000000314e-02,-5.491051193734559910e-02,0.000000000000000000e+00
1.856600000000000028e+00,-5.861999999999999850e-02,-5.807584653645457562e-02,0.000000000000000000e+00
1.856600000000000028e+00,-5.861999999999999850e-02,-5.807584653645457562e-02,0.000000000000000000e+00
1.877660000000000107e+00,-6.042999999999999761e-02,-5.628060461738420422e-02,0.000000000000000000e+00
1.877660000000000107e+00,-6.042999999999999761e-02,-5.628060461738420422e-02,0.000000000000000000e+00
1.891969999999999930e+00,-6.169000000000000178e-02,-5.919125677914520434e-02,0.000000000000000000e+00
1.893229999999999968e+00,-6.180999999999999689e-02,-5.951257570848408202e-02,0.000000000000000000e+00
1.906279999999999974e+00,-6.277000000000000635e-02,-6.036530216842126567e-02,0.000000000000000000e+00
1.920250000000000012e+00,-6.351999999999999313e-02,-6.017644774562747739e-02,0.000000000000000000e+00
1.920250000000000012e+00,-6.351999999999999313e-02,-6.017644774562747739e-02,0.000000000000000000e+00
1.920250000000000012e+00,-6.351999999999999313e-02,-6.017644774562747739e-02,0.000000000000000000e+00
1.933699999999999974e+00,-6.429999999999999605e-02,-6.374021080387930194e-02,0.000000000000000000e+00
1.956350000000000033e+00,-6.622999999999999721e-02,-6.160696302472930264e-02,0.000000000000000000e+00
1.956350000000000033e+00,-6.622999999999999721e-02,-6.160696302472930264e-02,0.000000000000000000e+00
1.970490000000000075e+00,-6.723999999999999422e-02,-6.517957294782265876e-02,0.000000000000000000e+00
1.991460000000000008e+00,-6.837000000000000022e-02,-6.891778242843696334e-02,0.000000000000000000e+00
1.991460000000000008e+00,-6.837000000000000022e-02,-6.891778242843696334e-02,0.000000000000000000e+00
2.013339999999999907e+00,-7.015000000000000402e-02,-6.959349958859968599e-02,0.000000000000000000e+00
2.013339999999999907e+00,-7.015000000000000402e-02,-6.959349958859968599e-02,0.000000000000000000e+00
2.028160000000000185e+00,-7.116999999999999715e-02,-6.666992404494637148e-02,0.000000000000000000e+00
2.028160000000000185e+00,-7.116999999999999715e-02,-6.666992404494637148e-02,0.000000000000000000e+00
2.028160000000000185e+00,-7.116999999999999715e-02,-6.666992404494637148e-02,0.000000000000000000e+00
2.045420000000000016e+00,-7.173999999999999821e-02,-6.655320993670246765e-02,0.000000000000000000e+00
2.045420000000000016e+00,-7.173999999999999821e-02,-6.655320993670246765e-02,0.000000000000000000e+00
2.045420000000000016e+00,-7.173999999999999821e-02,-6.655320993670246765e-02,0.000000000000000000e+00
2.045720000000000205e+00,-7.173000000000000209e-02,-6.660524371833728696e-02,0.000000000000000000e+00
2.045720000000000205e+00,-7.173000000000000209e-02,-6.660524371833728696e-02,0.000000000000000000e+00
2.070809999999999818e+00,-7.351000000000000589e-02,-6.463201596253935477e-02,0.000000000000000000e+00
2.072839999999999794e+00,-7.358000000000000651e-02,-6.440391317123456139e-02,0.000000000000000000e+00
2.075089999999999879e+00,-7.388000000000000123e-02,-6.786966943189623458e-02,0.000000000000000000e+00
2.075089999999999879e+00,-7.388000000000000123e-02,-6.786966943189623458e-02,0.000000000000000000e+00
2.078050000000000175e+00,-7.438000000000000167e-02,-6.531234046844983099e-02,0.000000000000000000e+00
2.078240000000000087e+00,-7.441000000000000392e-02,-6.508602521472850455e-02,0.000000000000000000e+00
2.087079999999999824e+00,-7.527999999999999969e-02,-6.810643663594390107e-02,0.000000000000000000e+00
2.087079999999999824e+00,-7.527999999999999969e-02,-6.810643663594390107e-02,0.000000000000000000e+00
2.087870000000000115e+00,-7.535000000000000031e-02,-6.837851885863574508e-02,0.000000000000000000e+00
2.097020000000000106e+00,-7.625999999999999446e-02,-6.838028654444176790e-02,0.000000000000000000e+00
2.098529999999999784e+00,-7.635999999999999732e-02,-6.837246242771825855e-02,0.000000000000000000e+00
2.090339999999999865e+00,-7.587000000000000688e-02,-6.876601466867732215e-02,0.000000000000000000e+00
2.096729999999999983e+00,-7.623000000000000609e-02,-7.144564331828286152e-02,0.000000000000000000e+00
2.096729999999999983e+00,-7.623000000000000609e-02,-7.144564331828286152e-02,0.000000000000000000e+00
2.089820000000000011e+00,-7.566000000000000503e-02,-6.877250890799532779e-02,0.000000000000000000e+00
2.089820000000000011e+00,-7.566000000000000503e-02,-6.877250890799532779e-02,0.000000000000000000e+00
2.079810000000000159e+00,-7.484000000000000374e-02,-7.135180041201209800e-02,0.000000000000000000e+00
2.079810000000000159e+00,-7.484000000000000374e-02,-7.135180041201209800e-02,0.000000000000000000e+00
2.079889999999999795e+00,-7.502999999999999947e-02,-6.910253521044040781e-02,0.000000000000000000e+00
2.079919999999999991e+00,-7.503999999999999559e-02,-6.851364443263147086e-02,0.000000000000000000e+00
2.079919999999999991e+00,-7.503999999999999559e-02,-6.851364443263147086e-02,0.000000000000000000e+00
2.087940000000000129e+00,-7.553999999999999604e-02,-6.873979171123778542e-02,0.000000000000000000e+00
2.087940000000000129e+00,-7.553999999999999604e-02,-6.873979171123778542e-02,0.000000000000000000e+00
2.080709999999999837e+00,-7.524000000000000132e-02,-6.844748821053435461e-02,0.000000000000000000e+00
2.079909999999999926e+00,-7.520000000000000295e-02,-6.841580784036753460e-02,0.000000000000000000e+00
2.079909999999999926e+00,-7.520000000000000295e-02,-6.841580784036753460e-02,0.000000000000000000e+00
2.071779999999999955e+00,-7.444000000000000616e-02,-6.843285686217313868e-02,0.000000000000000000e+00
2.071779999999999955e+00,-7.444000000000000616e-02,-6.843285686217313868e-02,0.000000000000000000e+00
2.079050000000000065e+00,-7.499000000000000110e-02,-6.879655511301470405e-02,0.000000000000000000e+00
2.079050000000000065e+00,-7.499000000000000110e-02,-6.879655511301470405e-02,0.000000000000000000e+00
2.088020000000000209e+00,-7.584000000000000463e-02,-6.883742165740375230e-02,0.000000000000000000e+00
2.088020000000000209e+00,-7.584000000000000463e-02,-6.883742165740375230e-02,0.000000000000000000e+00
2.088779999999999859e+00,-7.591000000000000525e-02,-6.883726482251562029e-02,0.000000000000000000e+00
2.088779999999999859e+00,-7.591000000000000525e-02,-6.883726482251562029e-02,0.000000000000000000e+00
1.600000000000000131e-04,-4.000000000000000327e-05,0.000000000000000000e+00,0.000000000000000000e+00
1.600000000000000131e-04,-4.000000000000000327e-05,0.000000000000000000e+00,0.000000000000000000e+00
2.999999999999999737e-04,-5.000000000000000240e-05,-4.475827723837163099e-04,0.000000000000000000e+00
3.200000000000000262e-04,-5.000000000000000240e-05,-4.775301258794524681e-04,0.000000000000000000e+00
3.200000000000000262e-04,-5.000000000000000240e-05,-4.775301258794524681e-04,0.000000000000000000e+00
-9.000000000000000567e-05,-1.000000000000000082e-05,-5.507206167515459787e-04,0.000000000000000000e+00
-9.000000000000000567e-05,-1.000000000000000082e-05,-5.507206167515459787e-04,0.000000000000000000e+00
-1.299999999999999886e-04,-0.000000000000000000e+00,-5.563657223960134139e-04,0.000000000000000000e+00
2.799999999999999755e-04,-1.900000000000000105e-04,-5.536201833023739324e-04,0.000000000000000000e+00
3.200000000000000262e-04,-6.000000000000000152e-05,-4.842589896223611608e-04,0.000000000000000000e+00
3.200000000000000262e-04,-6.000000000000000152e-05,-4.842589896223611608e-04,0.000000000000000000e+00
1.280000000000000105e-03,-1.800000000000000113e-04,-1.449867121665219323e-04,0.000000000000000000e+00
1.360000000000000098e-03,-1.900000000000000105e-04,-1.186288744927333438e-04,0.000000000000000000e+00
2.439999999999999895e-03,-3.499999999999999964e-04,-1.433758542252106753e-03,0.000000000000000000e+00
5.919999999999999915e-03,-4.400000000000000157e-04,-2.244813748953754066e-03,0.000000000000000000e+00
5.919999999999999915e-03,-4.400000000000000157e-04,-2.244813748953754066e-03,0.000000000000000000e+00
1.064999999999999974e-02,-5.299999999999999807e-04,-1.322763027790896558e-03,0.000000000000000000e+00
1.064999999999999974e-02,-5.299999999999999807e-04,-1.322763027790896558e-03,0.000000000000000000e+00
1.105000000000000079e-02,-5.400000000000000069e-04,-1.231549818004881898e-03,0.000000000000000000e+00
1.105000000000000079e-02,-5.400000000000000069e-04,-1.231549818004881898e-03,0.000000000000000000e+00
1.105000000000000079e-02,-5.400000000000000069e-04,-1.231549818004881898e-03,0.000000000000000000e+00
3.651999999999999691e-02,-8.400000000000000348e-04,-2.552828355794551415e-03,0.000000000000000000e+00
3.719000000000000083e-02,-8.199999999999999824e-04,-2.592071497808464634e-03,0.000000000000000000e+00
4.642999999999999905e-02,-8.499999999999999526e-04,-3.459526428489787583e-03,0.000000000000000000e+00
4.642999999999999905e-02,-8.499999999999999526e-04,-3.459526428489787583e-03,0.000000000000000000e+00
5.773999999999999966e-02,-1.219999999999999947e-03,-5.248129117663678095e-03,0.000000000000000000e+00
6.930000000000000049e-02,-9.600000000000000243e-04,-3.781857697419109023e-03,0.000000000000000000e+00
6.930000000000000049e-02,-9.600000000000000243e-04,-3.781857697419109023e-03,0.000000000000000000e+00
8.247999999999999776e-02,-1.020000000000000073e-03,-3.144406834173825698e-03,0.000000000000000000e+00
8.247999999999999776e-02,-1.020000000000000073e-03,-3.144406834173825698e-03,0.000000000000000000e+00
9.884999999999999343e-02,-2.139999999999999975e-03,-6.703341008951767092e-03,0.000000000000000000e+00
1.131800000000000028e-01,-2.249999999999999830e-03,-1.005418548770672243e-02,0.000000000000000000e+00
1.131800000000000028e-01,-2.249999999999999830e-03,-1.005418548770672243e-02,0.000000000000000000e+00
1.288100000000000078e-01,-2.340000000000000066e-03,-9.957555216066149226e-03,0.000000000000000000e+00
1.288100000000000078e-01,-2.340000000000000066e-03,-9.957555216066149226e-03,0.000000000000000000e+00
1.442799999999999916e-01,-2.170000000000000054e-03,-1.135293576615472623e-02,0.000000000000000000e+00
1.595300000000000051e-01,-2.309999999999999987e-03,-1.083953437880641642e-02,0.000000000000000000e+00
1.595300000000000051e-01,-2.309999999999999987e-03,-1.083953437880641642e-02,0.000000000000000000e+00
1.731300000000000061e-01,-2.299999999999999961e-03,-9.464914124474744367e-03,0.000000000000000000e+00
1.731300000000000061e-01,-2.299999999999999961e-03,-9.464914124474744367e-03,0.000000000000000000e+00
1.861700000000000021e-01,-1.990000000000000015e-03,-6.477178635754417962e-03,0.000000000000000000e+00
1.861700000000000021e-01,-1.990000000000000015e-03,-6.477178635754417962e-03,0.000000000000000000e+00
2.135299999999999976e-01,-1.420000000000000038e-03,-5.398661038100781989e-03,0.000000000000000000e+00
2.135299999999999976e-01,-1.420000000000000038e-03,-5.398661038100781989e-03,0.000000000000000000e+00
2.335599999999999898e-01,-2.139999999999999975e-03,-5.680351287654532288e-03,0.000000000000000000e+00
2.449099999999999888e-01,-2.380000000000000171e-03,-3.377901996943388947e-03,0.000000000000000000e+00
2.449099999999999888e-01,-2.380000000000000171e-03,-3.377901996943388947e-03,0.000000000000000000e+00
2.592499999999999805e-01,-2.599999999999999881e-03,-7.049180761034655809e-03,0.000000000000000000e+00
2.592499999999999805e-01,-2.599999999999999881e-03,-7.049180761034655809e-03,0.000000000000000000e+00
2.790099999999999802e-01,-3.119999999999999944e-03,-8.563012957162996486e-03,0.000000000000000000e+00
2.943299999999999805e-01,-3.119999999999999944e-03,-8.648341116058073236e-03,0.000000000000000000e+00
2.943299999999999805e-01,-3.119999999999999944e-03,-8.648341116058073236e-03,0.000000000000000000e+00
3.091999999999999749e-01,-3.210000000000000180e-03,-9.295146099177203566e-03,0.000000000000000000e+00
3.091999999999999749e-01,-3.210000000000000180e-03,-9.295146099177203566e-03,0.000000000000000000e+00
3.275500000000000078e-01,-3.850000000000000124e-03,-1.454445863919077812e-02,0.000000000000000000e+00
3.291999999999999926e-01,-3.919999999999999873e-03,-1.503724979825678786e-02,0.000000000000000000e+00
3.291999999999999926e-01,-3.919999999999999873e-03,-1.503724979825678786e-02,0.000000000000000000e+00
3.579999999999999849e-01,-3.870000000000000176e-03,-2.153582329262843792e-02,0.000000000000000000e+00
3.579999999999999849e-01,-3.870000000000000176e-03,-2.153582329262843792e-02,0.000000000000000000e+00
3.773400000000000087e-01,-3.969999999999999571e-03,-1.881771922034083250e-02,0.000000000000000000e+00
3.773400000000000087e-01,-3.969999999999999571e-03,-1.881771922034083250e-02,0.000000000000000000e+00
3.932200000000000140e-01,-4.040000000000000188e-03,-1.692503431422557117e-02,0.000000000000000000e+00
3.945100000000000273e-01,-4.049999999999999781e-03,-1.677929294370063967e-02,0.000000000000000000e+00
4.067500000000000004e-01,-4.139999999999999583e-03,-1.339257206606782845e-02,0.000000000000000000e+00
4.223799999999999777e-01,-4.219999999999999793e-03,-1.498067126564114025e-02,0.000000000000000000e+00
4.223799999999999777e-01,-4.219999999999999793e-03,-1.498067126564114025e-02,0.000000000000000000e+00
4.236599999999999810e-01,-4.230000000000000253e-03,-1.515072712261254090e-02,0.000000000000000000e+00
4.397599999999999842e-01,-4.420000000000000318e-03,-1.180604719389313946e-02,0.000000000000000000e+00
4.397599999999999842e-01,-4.420000000000000318e-03,-1.180604719389313946e-02,0.000000000000000000e+00
4.412900000000000156e-01,-4.429999999999999910e-03,-1.148792045799971670e-02,0.000000000000000000e+00
4.714599999999999902e-01,-5.980000000000000072e-03,-1.219774850132293066e-02,0.000000000000000000e+00
4.714599999999999902e-01,-5.980000000000000072e-03,-1.219774850132293066e-02,0.000000000000000000e+00
4.725500000000000256e-01,-6.040000000000000230e-03,-1.234875948872991500e-02,0.000000000000000000e+00
5.033499999999999641e-01,-6.700000000000000226e-03,-1.800815285405595739e-02,0.000000000000000000e+00
5.045600000000000085e-01,-6.720000000000000279e-03,-1.810416670668675912e-02,0.000000000000000000e+00
5.189099999999999824e-01,-6.810000000000000081e-03,-2.229529186487232834e-02,0.000000000000000000e+00
5.189099999999999824e-01,-6.810000000000000081e-03,-2.229529186487232834e-02,0.000000000000000000e+00
5.370700000000000474e-01,-7.440000000000000432e-03,-2.256196793916603882e-02,0.000000000000000000e+00
5.508600000000000163e-01,-7.969999999999999654e-03,-2.451175234754912960e-02,0.000000000000000000e+00
5.508600000000000163e-01,-7.969999999999999654e-03,-2.451175234754912960e-02,0.000000000000000000e+00
5.522599999999999731e-01,-8.019999999999999352e-03,-2.473373701568603103e-02,0.000000000000000000e+00
5.708999999999999631e-01,-8.760000000000000425e-03,-2.795339682326695302e-02,0.000000000000000000e+00
5.861399999999999944e-01,-8.920000000000000845e-03,-2.813367715476619221e-02,0.000000000000000000e+00
6.000199999999999978e-01,-8.510000000000000203e-03,-2.452098565372578046e-02,0.000000000000000000e+00
6.000199999999999978e-01,-8.510000000000000203e-03,-2.452098565372578046e-02,0.000000000000000000e+00
6.243800000000000461e-01,-9.960000000000000103e-03,-2.190115305545776644e-02,0.000000000000000000e+00
6.243800000000000461e-01,-9.960000000000000103e-03,-2.190115305545776644e-02,0.000000000000000000e+00
6.243800000000000461e-01,-9.960000000000000103e-03,-2.190115305545776644e-02,0.000000000000000000e+00
6.243800000000000461e-01,-9.960000000000000103e-03,-2.190115305545776644e-02,0.000000000000000000e+00
6.243800000000000461e-01,-9.960000000000000103e-03,-2.190115305545776644e-02,0.000000000000000000e+00
6.243800000000000461e-01,-9.960000000000000103e-03,-2.190115305545776644e-02,0.000000000000000000e+00
6.243800000000000461e-01,-9.960000000000000103e-03,-2.190115305545776644e-02,0.000000000000000000e+00
6.243800000000000461e-01,-9.960000000000000103e-03,-2.190115305545776644e-02,0.000000000000000000e+00
6.243800000000000461e-01,-9.960000000000000103e-03,-2.190115305545776644e-02,0.000000000000000000e+00
6.243800000000000461e-01,-9.960000000000000103e-03,-2.190115305545776644e-02,0.000000000000000000e+00
6.243800000000000461e-01,-9.960000000000000103e-03,-2.190115305545776644e-02,0.000000000000000000e+00
7.232699999999999685e-01,-1.374000000000000048e-02,-2.447494295858205354e-02,0.000000000000000000e+00
7.392499999999999627e-01,-1.405999999999999958e-02,-2.690248752857773290e-02,0.000000000000000000e+00
7.540299999999999780e-01,-1.434999999999999991e-02,-2.568596701184927208e-02,0.000000000000000000e+00
7.540299999999999780e-01,-1.434999999999999991e-02,-2.568596701184927208e-02,0.000000000000000000e+00
7.744100000000000428e-01,-1.549999999999999989e-02,-2.803728833500895162e-02,0.000000000000000000e+00
7.762200000000000211e-01,-1.561000000000000061e-02,-2.827851292454191395e-02,0.000000000000000000e+00
7.866199999999999859e-01,-1.608000000000000054e-02,-3.063960194690911604e-02,0.000000000000000000e+00
7.866199999999999859e-01,-1.608000000000000054e-02,-3.063960194690911604e-02,0.000000000000000000e+00
8.038499999999999535e-01,-1.609000000000000014e-02,-3.351134146596654317e-02,0.000000000000000000e+00
8.192199999999999482e-01,-1.615000000000000116e-02,-3.432380365599049105e-02,0.000000000000000000e+00
8.192199999999999482e-01,-1.615000000000000116e-02,-3.432380365599049105e-02,0.000000000000000000e+00
8.447400000000000464e-01,-1.549999999999999989e-02,-3.300392045002449593e-02,0.000000000000000000e+00
8.471600000000000241e-01,-1.542999999999999927e-02,-3.286880318730193290e-02,0.000000000000000000e+00
8.608799999999999786e-01,-1.609999999999999973e-02,-3.152634421644719825e-02,0.000000000000000000e+00
8.788799999999999946e-01,-1.692000000000000101e-02,-3.361616412890462008e-02,0.000000000000000000e+00
8.788799999999999946e-01,-1.692000000000000101e-02,-3.361616412890462008e-02,0.000000000000000000e+00
8.945600000000000218e-01,-1.760000000000000106e-02,-3.262341233636901344e-02,0.000000000000000000e+00
8.945600000000000218e-01,-1.760000000000000106e-02,-3.262341233636901344e-02,0.000000000000000000e+00
9.065900000000000070e-01,-1.805999999999999966e-02,-3.317780557229253052e-02,0.000000000000000000e+00
9.076999999999999513e-01,-1.810000000000000150e-02,-3.324763490724799014e-02,0.000000000000000000e+00
9.248300000000000409e-01,-1.938000000000000139e-02,-3.166730984357030848e-02,0.000000000000000000e+00
9.439199999999999813e-01,-2.035000000000000003e-02,-3.399459220840720525e-02,0.000000000000000000e+00
9.439199999999999813e-01,-2.035000000000000003e-02,-3.399459220840720525e-02,0.000000000000000000e+00
9.560899999999999954e-01,-2.067000000000000087e-02,-3.492326934230816776e-02,0.000000000000000000e+00
9.560899999999999954e-01,-2.067000000000000087e-02,-3.492326934230816776e-02,0.000000000000000000e+00
9.749299999999999633e-01,-2.154999999999999971e-02,-3.514957289320791434e-02,0.000000000000000000e+00
9.765599999999999836e-01,-2.162999999999999992e-02,-3.516310639566791463e-02,0.000000000000000000e+00
9.903499999999999526e-01,-2.230000000000000038e-02,-3.795881360592338882e-02,0.000000000000000000e+00
1.009660000000000002e+00,-2.314000000000000085e-02,-3.881388240281458124e-02,0.000000000000000000e+00
1.009660000000000002e+00,-2.314000000000000085e-02,-3.881388240281458124e-02,0.000000000000000000e+00
1.025479999999999947e+00,-2.401000000000000009e-02,-4.156253401699355754e-02,0.000000000000000000e+00
1.026820000000000066e+00,-2.409000000000000030e-02,-4.181637156637305758e-02,0.000000000000000000e+00
1.041430000000000078e+00,-2.432000000000000134e-02,-4.206882676985968655e-02,0.000000000000000000e+00
1.042650000000000077e+00,-2.434000000000000052e-02,-4.208963390479453920e-02,0.000000000000000000e+00
1.057560000000000056e+00,-2.477999999999999994e-02,-4.210898244921235101e-02,0.000000000000000000e+00
1.073260000000000103e+00,-2.525000000000000161e-02,-4.271618661536488032e-02,0.000000000000000000e+00
1.073260000000000103e+00,-2.525000000000000161e-02,-4.271618661536488032e-02,0.000000000000000000e+00
1.089879999999999960e+00,-2.587000000000000063e-02,-4.078315698001121897e-02,0.000000000000000000e+00
1.091220000000000079e+00,-2.591999999999999860e-02,-4.060763277054935810e-02,0.000000000000000000e+00
1.106109999999999927e+00,-2.665999999999999967e-02,-4.130483517382611824e-02,0.000000000000000000e+00
1.122489999999999988e+00,-2.762999999999999831e-02,-3.984711536106649160e-02,0.000000000000000000e+00
1.122489999999999988e+00,-2.762999999999999831e-02,-3.984711536106649160e-02,0.000000000000000000e+00
1.146859999999999991e+00,-3.088000000000000120e-02,-4.500089488347990690e-02,0.000000000000000000e+00
1.146859999999999991e+00,-3.088000000000000120e-02,-4.500089488347990690e-02,0.000000000000000000e+00
1.168840000000000101e+00,-3.201999999999999985e-02,-4.370234537867603852e-02,0.000000000000000000e+00
1.181680000000000064e+00,-3.282000000000000195e-02,-4.415074588264473326e-02,0.000000000000000000e+00
1.181680000000000064e+00,-3.282000000000000195e-02,-4.415074588264473326e-02,0.000000000000000000e+00
1.197810000000000041e+00,-3.364999999999999936e-02,-4.680357905791920209e-02,0.000000000000000000e+00
1.197810000000000041e+00,-3.364999999999999936e-02,-4.680357905791920209e-02,0.000000000000000000e+00
1.214550000000000018e+00,-3.479000000000000148e-02,-4.721566401571702931e-02,0.000000000000000000e+00
1.214550000000000018e+00,-3.479000000000000148e-02,-4.721566401571702931e-02,0.000000000000000000e+00
1.214550000000000018e+00,-3.479000000000000148e-02,-4.721566401571702931e-02,0.000000000000000000e+00
1.232850000000000001e+00,-3.543999999999999928e-02,-5.057775645730757524e-02,0.000000000000000000e+00
1.250199999999999978e+00,-3.475999999999999923e-02,-5.405010252190828313e-02,0.000000000000000000e+00
1.271930000000000005e+00,-3.552000000000000296e-02,-5.464457665763378796e-02,0.000000000000000000e+00
1.271930000000000005e+00,-3.552000000000000296e-02,-5.464457665763378796e-02,0.000000000000000000e+00
1.290059999999999985e+00,-3.610000000000000014e-02,-5.251769157734549609e-02,0.000000000000000000e+00
1.290059999999999985e+00,-3.610000000000000014e-02,-5.251769157734549609e-02,0.000000000000000000e+00
1.307809999999999917e+00,-3.703000000000000042e-02,-5.069927372319383424e-02,0.000000000000000000e+00
1.320580000000000087e+00,-3.731999999999999901e-02,-4.826928008219669858e-02,0.000000000000000000e+00
1.320580000000000087e+00,-3.731999999999999901e-02,-4.826928008219669858e-02,0.000000000000000000e+00
1.337579999999999991e+00,-3.824000000000000316e-02,-4.874533327712407549e-02,0.000000000000000000e+00
1.337579999999999991e+00,-3.824000000000000316e-02,-4.874533327712407549e-02,0.000000000000000000e+00
1.355460000000000109e+00,-3.978000000000000286e-02,-4.938695889443481951e-02,0.000000000000000000e+00
1.355460000000000109e+00,-3.978000000000000286e-02,-4.938695889443481951e-02,0.000000000000000000e+00
1.373899999999999899e+00,-4.150999999999999829e-02,-4.749336937842237039e-02,0.000000000000000000e+00
1.373899999999999899e+00,-4.150999999999999829e-02,-4.749336937842237039e-02,0.000000000000000000e+00
1.391650000000000054e+00,-4.256000000000000061e-02,-5.062579826637213926e-02,0.000000000000000000e+00
1.393010000000000081e+00,-4.263999999999999735e-02,-5.090047762527292324e-02,0.000000000000000000e+00
1.404439999999999911e+00,-4.293999999999999900e-02,-5.098291607744884213e-02,0.000000000000000000e+00
1.422109999999999985e+00,-4.397999999999999826e-02,-4.867385750542171235e-02,0.000000000000000000e+00
1.422109999999999985e+00,-4.397999999999999826e-02,-4.867385750542171235e-02,0.000000000000000000e+00
1.445009999999999906e+00,-4.662999999999999784e-02,-5.163098489820977521e-02,0.000000000000000000e+00
1.445009999999999906e+00,-4.662999999999999784e-02,-5.163098489820977521e-02,0.000000000000000000e+00
1.469270000000000076e+00,-4.791000000000000120e-02,-5.477100022724653433e-02,0.000000000000000000e+00
1.477589999999999959e+00,-4.803999999999999937e-02,-5.591323009096765134e-02,0.000000000000000000e+00
1.477589999999999959e+00,-4.803999999999999937e-02,-5.591323009096765134e-02,0.000000000000000000e+00
1.495309999999999917e+00,-4.839000000000000246e-02,-5.597400433009869919e-02,0.000000000000000000e+00
1.495309999999999917e+00,-4.839000000000000246e-02,-5.597400433009869919e-02,0.000000000000000000e+00
1.513700000000000045e+00,-4.927999999999999742e-02,-5.671815391604662776e-02,0.000000000000000000e+00
1.515409999999999924e+00,-4.936999999999999722e-02,-5.679571233350541593e-02,0.000000000000000000e+00
1.532980000000000009e+00,-5.034000000000000280e-02,-5.432891652015944817e-02,0.000000000000000000e+00
1.546850000000000058e+00,-5.106999999999999734e-02,-5.198661660853366034e-02,0.000000000000000000e+00
1.546850000000000058e+00,-5.106999999999999734e-02,-5.198661660853366034e-02,0.000000000000000000e+00
1.558969999999999967e+00,-5.168999999999999984e-02,-5.456444655163084079e-02,0.000000000000000000e+00
1.560170000000000057e+00,-5.176000000000000045e-02,-5.486652866135616896e-02,0.000000000000000000e+00
1.572540000000000049e+00,-5.267999999999999766e-02,-5.317091779607332341e-02,0.000000000000000000e+00
1.597199999999999953e+00,-5.487000000000000210e-02,-5.317224066910862523e-02,0.000000000000000000e+00
1.597199999999999953e+00,-5.487000000000000210e-02,-5.317224066910862523e-02,0.000000000000000000e+00
1.611459999999999892e+00,-5.569999999999999951e-02,-5.644970560166678863e-02,0.000000000000000000e+00
1.630530000000000035e+00,-5.664000000000000284e-02,-5.720837624799039733e-02,0.000000000000000000e+00
1.630530000000000035e+00,-5.664000000000000284e-02,-5.720837624799039733e-02,0.000000000000000000e+00
1.637629999999999919e+00,-5.593999999999999667e-02,-5.762257400036986665e-02,0.000000000000000000e+00
1.650309999999999944e+00,-5.662999999999999978e-02,-5.817175504938057462e-02,0.000000000000000000e+00
1.650309999999999944e+00,-5.662999999999999978e-02,-5.817175504938057462e-02,0.000000000000000000e+00
1.663049999999999917e+00,-5.705999999999999961e-02,-6.110614757903125999e-02,0.000000000000000000e+00
1.690020000000000078e+00,-5.904000000000000220e-02,-5.638778138933119716e-02,0.000000000000000000e+00
1.691869999999999985e+00,-5.917000000000000037e-02,-5.604115793079229163e-02,0.000000000000000000e+00
1.703279999999999905e+00,-5.990999999999999798e-02,-6.213932803004185851e-02,0.000000000000000000e+00
1.716080000000000050e+00,-6.031000000000000250e-02,-6.307097036977253601e-02,0.000000000000000000e+00
1.716080000000000050e+00,-6.031000000000000250e-02,-6.307097036977253601e-02,0.000000000000000000e+00
1.734799999999999898e+00,-6.112999999999999684e-02,-6.656583412587908921e-02,0.000000000000000000e+00
1.734799999999999898e+00,-6.112999999999999684e-02,-6.656583412587908921e-02,0.000000000000000000e+00
1.743600000000000039e+00,-6.115000000000000296e-02,-6.166682305857987267e-02,0.000000000000000000e+00
1.768999999999999906e+00,-6.281000000000000472e-02,-6.440292805722903913e-02,0.000000000000000000e+00
1.768999999999999906e+00,-6.281000000000000472e-02,-6.440292805722903913e-02,0.000000000000000000e+00
1.777870000000000061e+00,-6.336999999999999578e-02,-6.232121731402037734e-02,0.000000000000000000e+00
1.777870000000000061e+00,-6.336999999999999578e-02,-6.232121731402037734e-02,0.000000000000000000e+00
1.791299999999999892e+00,-6.449000000000000565e-02,-5.999078370559649681e-02,0.000000000000000000e+00
1.792599999999999971e+00,-6.458999999999999464e-02,-5.977852002919281649e-02,0.000000000000000000e+00
1.811299999999999910e+00,-6.601999999999999535e-02,-6.309605340627197356e-02,0.000000000000000000e+00
1.833040000000000003e+00,-6.815000000000000224e-02,-6.105442220671565556e-02,0.000000000000000000e+00
1.833040000000000003e+00,-6.815000000000000224e-02,-6.105442220671565556e-02,0.000000000000000000e+00
1.847499999999999920e+00,-6.948999999999999622e-02,-6.143230208803228398e-02,0.000000000000000000e+00
1.847499999999999920e+00,-6.948999999999999622e-02,-6.143230208803228398e-02,0.000000000000000000e+00
1.867010000000000058e+00,-7.069000000000000283e-02,-6.753436436169707457e-02,0.000000000000000000e+00
1.882330000000000059e+00,-7.167999999999999372e-02,-6.572153355194160218e-02,0.000000000000000000e+00
1.882330000000000059e+00,-7.167999999999999372e-02,-6.572153355194160218e-02,0.000000000000000000e+00
1.895739999999999981e+00,-7.284000000000000197e-02,-6.896962160177044776e-02,0.000000000000000000e+00
1.895739999999999981e+00,-7.284000000000000197e-02,-6.896962160177044776e-02,0.000000000000000000e+00
1.910519999999999996e+00,-7.383000000000000673e-02,-6.674800934582710010e-02,0.000000000000000000e+00
1.930500000000000105e+00,-7.520999999999999908e-02,-7.269290524829477573e-02,0.000000000000000000e+00
1.930500000000000105e+00,-7.520999999999999908e-02,-7.269290524829477573e-02,0.000000000000000000e+00
1.945920000000000094e+00,-7.587000000000000688e-02,-7.075274798723224512e-02,0.000000000000000000e+00
1.945920000000000094e+00,-7.587000000000000688e-02,-7.075274798723224512e-02,0.000000000000000000e+00
1.967319999999999958e+00,-7.692999999999999838e-02,-7.139380672086145796e-02,0.000000000000000000e+00
1.969300000000000050e+00,-7.703000000000000125e-02,-7.148106667380149659e-02,0.000000000000000000e+00
1.974180000000000046e+00,-7.739999999999999658e-02,-7.189402122048506316e-02,0.000000000000000000e+00
1.987030000000000074e+00,-7.853000000000000258e-02,-7.225312443871742540e-02,0.000000000000000000e+00
1.987030000000000074e+00,-7.853000000000000258e-02,-7.225312443871742540e-02,0.000000000000000000e+00
1.992720000000000047e+00,-7.885000000000000342e-02,-6.932094312823319782e-02,0.000000000000000000e+00
1.992720000000000047e+00,-7.885000000000000342e-02,-6.932094312823319782e-02,0.000000000000000000e+00
2.011950000000000127e+00,-7.988000000000000655e-02,-6.923533687789361346e-02,0.000000000000000000e+00
2.024509999999999810e+00,-8.107999999999999929e-02,-7.002914587645794886e-02,0.000000000000000000e+00
2.024509999999999810e+00,-8.107999999999999929e-02,-7.002914587645794886e-02,0.000000000000000000e+00
2.027979999999999894e+00,-8.204999999999999793e-02,-7.381729543772268254e-02,0.000000000000000000e+00
2.027979999999999894e+00,-8.204999999999999793e-02,-7.381729543772268254e-02,0.000000000000000000e+00
2.030720000000000081e+00,-8.240000000000000102e-02,-7.384155065035299947e-02,0.000000000000000000e+00
2.041049999999999809e+00,-8.355999999999999539e-02,-7.452993701115445679e-02,0.000000000000000000e+00
2.041049999999999809e+00,-8.355999999999999539e-02,-7.452993701115445679e-02,0.000000000000000000e+00
2.042100000000000026e+00,-8.368000000000000438e-02,-7.460419151171326924e-02,0.000000000000000000e+00
2.052039999999999864e+00,-8.468000000000000527e-02,-7.470258270270366263e-02,0.000000000000000000e+00
2.063109999999999999e+00,-8.536000000000000532e-02,-7.175796467534915901e-02,0.000000000000000000e+00
2.064239999999999853e+00,-8.541999999999999593e-02,-7.143184761377775749e-02,0.000000000000000000e+00
2.065459999999999852e+00,-8.555999999999999717e-02,-7.143679249320829261e-02,0.000000000000000000e+00
2.065999999999999837e+00,-8.593000000000000638e-02,-7.448311100606797019e-02,0.000000000000000000e+00
2.065999999999999837e+00,-8.593000000000000638e-02,-7.448311100606797019e-02,0.000000000000000000e+00
2.066289999999999960e+00,-8.619000000000000272e-02,-7.484121677185261168e-02,0.000000000000000000e+00
2.066289999999999960e+00,-8.619000000000000272e-02,-7.484121677185261168e-02,0.000000000000000000e+00
2.066949999999999843e+00,-8.616999999999999660e-02,-7.482340422255671919e-02,0.000000000000000000e+00
2.067410000000000192e+00,-8.599999999999999312e-02,-7.179739384782934941e-02,0.000000000000000000e+00
2.067410000000000192e+00,-8.599999999999999312e-02,-7.179739384782934941e-02,0.000000000000000000e+00
2.066879999999999828e+00,-8.631999999999999396e-02,-7.446916325261566938e-02,0.000000000000000000e+00
2.066879999999999828e+00,-8.631999999999999396e-02,-7.446916325261566938e-02,0.000000000000000000e+00
2.067299999999999915e+00,-8.605999999999999761e-02,-7.180209728955862236e-02,0.000000000000000000e+00
2.067299999999999915e+00,-8.605999999999999761e-02,-7.180209728955862236e-02,0.000000000000000000e+00
2.066510000000000069e+00,-8.576000000000000290e-02,-7.435562299121065144e-02,0.000000000000000000e+00
2.066419999999999924e+00,-8.573000000000000065e-02,-7.463679682717883068e-02,0.000000000000000000e+00
2.066520000000000135e+00,-8.601999999999999924e-02,-7.504739634535549653e-02,0.000000000000000000e+00
2.066539999999999822e+00,-8.605000000000000149e-02,-7.508815606496924144e-02,0.000000000000000000e+00
2.067279999999999784e+00,-8.602999999999999536e-02,-7.180333518928420922e-02,0.000000000000000000e+00
2.067260000000000097e+00,-8.602999999999999536e-02,-7.185549705745018778e-02,0.000000000000000000e+00
2.067260000000000097e+00,-8.602999999999999536e-02,-7.185549705745018778e-02,0.000000000000000000e+00
2.075359999999999872e+00,-8.669000000000000317e-02,-7.158931866298598456e-02,0.000000000000000000e+00
2.075359999999999872e+00,-8.669000000000000317e-02,-7.158931866298598456e-02,0.000000000000000000e+00
2.059540000000000148e+00,-8.561000000000000554e-02,-7.447066487127633472e-02,0.000000000000000000e+00
2.066479999999999873e+00,-8.598000000000000087e-02,-7.179899906565680168e-02,0.000000000000000000e+00
2.066479999999999873e+00,-8.598000000000000087e-02,-7.179899906565680168e-02,0.000000000000000000e+00
2.066699999999999982e+00,-8.605000000000000149e-02,-7.440920473226472764e-02,0.000000000000000000e+00
2.066699999999999982e+00,-8.605000000000000149e-02,-7.440920473226472764e-02,0.000000000000000000e+00
2.067279999999999784e+00,-8.602999999999999536e-02,-7.179509926587138158e-02,0.000000000000000000e+00
2.067279999999999784e+00,-8.602999999999999536e-02,-7.179509926587138158e-02,0.000000000000000000e+00
2.058499999999999996e+00,-8.554000000000000492e-02,-7.448364478221873586e-02,0.000000000000000000e+00
2.065799999999999859e+00,-8.615000000000000435e-02,-7.483365237162241390e-02,0.000000000000000000e+00
3.499999999999999964e-04,-1.100000000000000039e-04,0.000000000000000000e+00,0.000000000000000000e+00
6.899999999999999667e-04,-6.999999999999999387e-05,-1.125770939758051004e-04,0.000000000000000000e+00
-4.299999999999999894e-04,6.999999999999999387e-05,-9.671455586184919424e-05,0.000000000000000000e+00
-4.299999999999999894e-04,6.999999999999999387e-05,-9.671455586184919424e-05,0.000000000000000000e+00
3.299999999999999982e-04,-0.000000000000000000e+00,-1.935957568482291817e-04,0.000000000000000000e+00
4.099999999999999912e-04,-1.000000000000000082e-05,-2.017459277182327205e-04,0.000000000000000000e+00
5.599999999999999509e-04,-2.300000000000000070e-04,-1.939650767697599729e-04,0.000000000000000000e+00
5.599999999999999509e-04,-2.300000000000000070e-04,-1.939650767697599729e-04,0.000000000000000000e+00
5.800000000000000034e-04,-2.500000000000000052e-04,-1.930202305706187689e-04,0.000000000000000000e+00
-2.900000000000000017e-04,6.000000000000000152e-05,-5.671395745873704462e-04,0.000000000000000000e+00
-2.900000000000000017e-04,6.000000000000000152e-05,-5.671395745873704462e-04,0.000000000000000000e+00
-3.899999999999999929e-04,6.999999999999999387e-05,-4.713915018019489925e-04,0.000000000000000000e+00
-3.899999999999999929e-04,6.999999999999999387e-05,-4.713915018019489925e-04,0.000000000000000000e+00
6.499999999999999702e-04,-1.299999999999999886e-04,-3.250052323784226121e-04,0.000000000000000000e+00
8.800000000000000313e-04,-6.000000000000000152e-05,-1.644992011205196995e-03,0.000000000000000000e+00
8.800000000000000313e-04,-6.000000000000000152e-05,-1.644992011205196995e-03,0.000000000000000000e+00
8.999999999999999754e-04,-5.000000000000000240e-05,-1.771082307817218107e-03,0.000000000000000000e+00
1.649999999999999991e-03,-2.799999999999999755e-04,-1.586932600972856214e-03,0.000000000000000000e+00
7.500000000000000156e-04,-5.100000000000000366e-04,-7.100097364743617996e-04,0.000000000000000000e+00
6.800000000000000488e-04,-5.299999999999999807e-04,-6.377099759432957714e-04,0.000000000000000000e+00
5.599999999999999943e-03,-8.400000000000000348e-04,2.951801591263142604e-03,0.000000000000000000e+00
1.051999999999999984e-02,-9.200000000000000278e-04,-3.729448115182285375e-04,0.000000000000000000e+00
1.051999999999999984e-02,-9.200000000000000278e-04,-3.729448115182285375e-04,0.000000000000000000e+00
1.089999999999999997e-02,-9.300000000000000541e-04,-6.818431646728485016e-04,0.000000000000000000e+00
1.854000000000000092e-02,-1.090000000000000040e-03,1.248189661874953525e-03,0.000000000000000000e+00
2.580000000000000002e-02,-1.199999999999999895e-03,-2.779828315218308516e-04,0.000000000000000000e+00
2.580000000000000002e-02,-1.199999999999999895e-03,-2.779828315218308516e-04,0.000000000000000000e+00
2.580000000000000002e-02,-1.199999999999999895e-03,-2.779828315218308516e-04,0.000000000000000000e+00
4.619999999999999801e-02,-1.529999999999999893e-03,-4.053127064448606293e-03,0.000000000000000000e+00
4.619999999999999801e-02,-1.529999999999999893e-03,-4.053127064448606293e-03,0.000000000000000000e+00
5.661999999999999672e-02,-1.289999999999999914e-03,-1.640907383430700861e-03,0.000000000000000000e+00
5.661999999999999672e-02,-1.289999999999999914e-03,-1.640907383430700861e-03,0.000000000000000000e+00
7.030000000000000138e-02,-1.709999999999999932e-03,-2.514570028442382824e-03,0.000000000000000000e+00
8.891000000000000292e-02,-6.800000000000000488e-04,-6.589622900238037602e-03,0.000000000000000000e+00
8.891000000000000292e-02,-6.800000000000000488e-04,-6.589622900238037602e-03,0.000000000000000000e+00
1.033000000000000029e-01,-7.900000000000000121e-04,-6.433168427845737530e-03,0.000000000000000000e+00
1.033000000000000029e-01,-7.900000000000000121e-04,-6.433168427845737530e-03,0.000000000000000000e+00
1.180199999999999999e-01,-6.800000000000000488e-04,-9.497190718112176466e-03,0.000000000000000000e+00
1.180199999999999999e-01,-6.800000000000000488e-04,-9.497190718112176466e-03,0.000000000000000000e+00
1.343100000000000127e-01,-7.100000000000000191e-04,-9.175817008989518506e-03,0.000000000000000000e+00
1.481399999999999939e-01,-2.999999999999999737e-04,-7.734263324251140596e-03,0.000000000000000000e+00
1.481399999999999939e-01,-2.999999999999999737e-04,-7.734263324251140596e-03,0.000000000000000000e+00
1.481399999999999939e-01,-2.999999999999999737e-04,-7.734263324251140596e-03,0.000000000000000000e+00
1.630199999999999982e-01,-3.400000000000000244e-04,-8.188021024364765602e-03,0.000000000000000000e+00
1.784499999999999975e-01,-4.200000000000000174e-04,-6.919948239184872847e-03,0.000000000000000000e+00
1.897300000000000098e-01,-8.000000000000000654e-05,-4.663114216436462824e-03,0.000000000000000000e+00
1.897300000000000098e-01,-8.000000000000000654e-05,-4.663114216436462824e-03,0.000000000000000000e+00
2.098099999999999965e-01,-7.799999999999999859e-04,-4.310397986860309283e-03,0.000000000000000000e+00
2.098099999999999965e-01,-7.799999999999999859e-04,-4.310397986860309283e-03,0.000000000000000000e+00
2.116399999999999948e-01,-8.499999999999999526e-04,-4.296110958173684179e-03,0.000000000000000000e+00
2.259200000000000097e-01,-1.510000000000000057e-03,-3.260246197844063245e-03,0.000000000000000000e+00
2.384199999999999930e-01,-1.549999999999999946e-03,-2.057495606582918340e-03,0.000000000000000000e+00
2.395299999999999929e-01,-1.549999999999999946e-03,-1.946574021333964937e-03,0.000000000000000000e+00
2.561499999999999888e-01,-2.230000000000000211e-03,-5.467193907833054790e-03,0.000000000000000000e+00
2.728400000000000269e-01,-2.239999999999999804e-03,-7.341661094606599658e-03,0.000000000000000000e+00
2.728400000000000269e-01,-2.239999999999999804e-03,-7.341661094606599658e-03,0.000000000000000000e+00
2.896299999999999986e-01,-2.320000000000000014e-03,-5.703367769508435256e-03,0.000000000000000000e+00
3.063600000000000212e-01,-2.769999999999999893e-03,-1.141773059546751304e-02,0.000000000000000000e+00
3.063600000000000212e-01,-2.769999999999999893e-03,-1.141773059546751304e-02,0.000000000000000000e+00
3.230899999999999883e-01,-3.310000000000000008e-03,-1.363912011300326931e-02,0.000000000000000000e+00
3.230899999999999883e-01,-3.310000000000000008e-03,-1.363912011300326931e-02,0.000000000000000000e+00
3.364300000000000068e-01,-3.530000000000000152e-03,-1.676944637738858948e-02,0.000000000000000000e+00
3.532399999999999984e-01,-3.220000000000000206e-03,-2.017310709899191104e-02,0.000000000000000000e+00
3.532399999999999984e-01,-3.220000000000000206e-03,-2.017310709899191104e-02,0.000000000000000000e+00
3.688500000000000112e-01,-2.700000000000000143e-03,-1.781254911557686102e-02,0.000000000000000000e+00
3.688500000000000112e-01,-2.700000000000000143e-03,-1.781254911557686102e-02,0.000000000000000000e+00
3.860299999999999843e-01,-2.969999999999999984e-03,-1.379046210632162497e-02,0.000000000000000000e+00
3.874099999999999766e-01,-2.990000000000000036e-03,-1.346612935773488368e-02,0.000000000000000000e+00
4.039400000000000213e-01,-3.589999999999999875e-03,-1.371373779481897641e-02,0.000000000000000000e+00
4.173100000000000143e-01,-3.589999999999999875e-03,-1.259164369945338195e-02,0.000000000000000000e+00
4.173100000000000143e-01,-3.589999999999999875e-03,-1.259164369945338195e-02,0.000000000000000000e+00
4.328799999999999870e-01,-3.919999999999999873e-03,-1.257182237210595875e-02,0.000000000000000000e+00
4.341700000000000004e-01,-3.950000000000000386e-03,-1.257894269363108233e-02,0.000000000000000000e+00
4.507499999999999840e-01,-4.819999999999999632e-03,-1.192618307279644761e-02,0.000000000000000000e+00
4.662600000000000078e-01,-5.349999999999999721e-03,-1.151064983935984852e-02,0.000000000000000000e+00
4.662600000000000078e-01,-5.349999999999999721e-03,-1.151064983935984852e-02,0.000000000000000000e+00
4.820400000000000240e-01,-6.020000000000000177e-03,-1.797121459445268077e-02,0.000000000000000000e+00
4.833100000000000174e-01,-6.080000000000000335e-03,-1.853452506759073817e-02,0.000000000000000000e+00
4.955700000000000105e-01,-6.119999999999999572e-03,-1.700733478770167714e-02,0.000000000000000000e+00
5.113999999999999657e-01,-6.360000000000000202e-03,-2.142304480362070343e-02,0.000000000000000000e+00
5.113999999999999657e-01,-6.360000000000000202e-03,-2.142304480362070343e-02,0.000000000000000000e+00
5.273099999999999454e-01,-6.680000000000000174e-03,-2.210437875604040828e-02,0.000000000000000000e+00
5.286899999999999933e-01,-6.709999999999999819e-03,-2.212913188291880384e-02,0.000000000000000000e+00
5.459100000000000064e-01,-7.280000000000000013e-03,-2.418160287383643720e-02,0.000000000000000000e+00
5.623399999999999510e-01,-7.830000000000000154e-03,-2.498704144425814219e-02,0.000000000000000000e+00
5.623399999999999510e-01,-7.830000000000000154e-03,-2.498704144425814219e-02,0.000000000000000000e+00
5.789100000000000357e-01,-7.870000000000000259e-03,-2.734404083356180293e-02,0.000000000000000000e+00
5.789100000000000357e-01,-7.870000000000000259e-03,-2.734404083356180293e-02,0.000000000000000000e+00
5.955599999999999783e-01,-7.960000000000000062e-03,-2.401376309152017732e-02,0.000000000000000000e+00
5.968400000000000372e-01,-7.960000000000000062e-03,-2.371893083516948136e-02,0.000000000000000000e+00
5.968400000000000372e-01,-7.960000000000000062e-03,-2.371893083516948136e-02,0.000000000000000000e+00
6.278099999999999792e-01,-8.229999999999999469e-03,-2.162024306048891328e-02,0.000000000000000000e+00
6.278099999999999792e-01,-8.229999999999999469e-03,-2.162024306048891328e-02,0.000000000000000000e+00
6.458899999999999642e-01,-8.999999999999999320e-03,-2.019065887731576192e-02,0.000000000000000000e+00
6.602599999999999580e-01,-9.320000000000000159e-03,-1.857238366473210750e-02,0.000000000000000000e+00
6.602599999999999580e-01,-9.320000000000000159e-03,-1.857238366473210750e-02,0.000000000000000000e+00
6.743099999999999650e-01,-9.759999999999999579e-03,-1.925551504651789106e-02,0.000000000000000000e+00
6.753900000000000459e-01,-9.790000000000000091e-03,-1.932284565930382850e-02,0.000000000000000000e+00
6.911000000000000476e-01,-1.072000000000000036e-02,-2.122826690141791164e-02,0.000000000000000000e+00
6.925700000000000189e-01,-1.081000000000000016e-02,-2.140492621583753655e-02,0.000000000000000000e+00
7.085000000000000187e-01,-1.146999999999999929e-02,-2.199610014247752043e-02,0.000000000000000000e+00
7.258499999999999952e-01,-1.186000000000000075e-02,-2.210241750237999792e-02,0.000000000000000000e+00
7.258499999999999952e-01,-1.186000000000000075e-02,-2.210241750237999792e-02,0.000000000000000000e+00
7.493900000000000006e-01,-1.378000000000000058e-02,-2.719254752542946477e-02,0.000000000000000000e+00
7.510900000000000354e-01,-1.393999999999999927e-02,-2.758232303565887403e-02,0.000000000000000000e+00
7.671099999999999586e-01,-1.472000000000000045e-02,-3.224274218737276793e-02,0.000000000000000000e+00
7.828399999999999803e-01,-1.499999999999999944e-02,-2.875673340831711236e-02,0.000000000000000000e+00
7.828399999999999803e-01,-1.499999999999999944e-02,-2.875673340831711236e-02,0.000000000000000000e+00
8.003700000000000259e-01,-1.497000000000000067e-02,-3.296277079278121108e-02,0.000000000000000000e+00
8.003700000000000259e-01,-1.497000000000000067e-02,-3.296277079278121108e-02,0.000000000000000000e+00
8.125799999999999690e-01,-1.481000000000000025e-02,-2.955635208023481286e-02,0.000000000000000000e+00
8.134900000000000464e-01,-1.478999999999999933e-02,-2.924345155625802939e-02,0.000000000000000000e+00
8.298900000000000166e-01,-1.544000000000000060e-02,-2.940426842713982428e-02,0.000000000000000000e+00
8.317400000000000349e-01,-1.550999999999999948e-02,-2.942214008051394561e-02,0.000000000000000000e+00
8.317400000000000349e-01,-1.550999999999999948e-02,-2.942214008051394561e-02,0.000000000000000000e+00
8.317400000000000349e-01,-1.550999999999999948e-02,-2.942214008051394561e-02,0.000000000000000000e+00
8.793499999999999650e-01,-1.709000000000000102e-02,-3.109139193719456795e-02,0.000000000000000000e+00
8.793499999999999650e-01,-1.709000000000000102e-02,-3.109139193719456795e-02,0.000000000000000000e+00
9.018399999999999750e-01,-1.712999999999999939e-02,-3.074553189159287547e-02,0.000000000000000000e+00
9.018399999999999750e-01,-1.712999999999999939e-02,-3.074553189159287547e-02,0.000000000000000000e+00
9.212599999999999678e-01,-1.830999999999999989e-02,-3.129798316445434742e-02,0.000000000000000000e+00
9.212599999999999678e-01,-1.830999999999999989e-02,-3.129798316445434742e-02,0.000000000000000000e+00
9.333099999999999730e-01,-1.882999999999999952e-02,-3.181724062141123160e-02,0.000000000000000000e+00
9.333099999999999730e-01,-1.882999999999999952e-02,-3.181724062141123160e-02,0.000000000000000000e+00
9.343000000000000194e-01,-1.887000000000000136e-02,-3.186125699029124930e-02,0.000000000000000000e+00
9.716200000000000392e-01,-2.059000000000000066e-02,-3.267058840694764266e-02,0.000000000000000000e+00
9.716200000000000392e-01,-2.059000000000000066e-02,-3.267058840694764266e-02,0.000000000000000000e+00
9.875800000000000134e-01,-2.142000000000000154e-02,-3.571741733314365980e-02,0.000000000000000000e+00
9.875800000000000134e-01,-2.142000000000000154e-02,-3.571741733314365980e-02,0.000000000000000000e+00
1.002680000000000016e+00,-2.233999999999999875e-02,-3.882667108355513513e-02,0.000000000000000000e+00
1.014310000000000045e+00,-2.227000000000000160e-02,-4.146536317382595871e-02,0.000000000000000000e+00
1.014310000000000045e+00,-2.227000000000000160e-02,-4.146536317382595871e-02,0.000000000000000000e+00
1.038040000000000074e+00,-2.289000000000000062e-02,-3.940594955384689457e-02,0.000000000000000000e+00
1.038040000000000074e+00,-2.289000000000000062e-02,-3.940594955384689457e-02,0.000000000000000000e+00
1.039749999999999952e+00,-2.292999999999999899e-02,-3.923321417189246790e-02,0.000000000000000000e+00
1.039749999999999952e+00,-2.292999999999999899e-02,-3.923321417189246790e-02,0.000000000000000000e+00
1.039749999999999952e+00,-2.292999999999999899e-02,-3.923321417189246790e-02,0.000000000000000000e+00
1.039749999999999952e+00,-2.292999999999999899e-02,-3.923321417189246790e-02,0.000000000000000000e+00
1.086610000000000076e+00,-2.436999999999999930e-02,-4.077207518376127493e-02,0.000000000000000000e+00
1.103280000000000038e+00,-2.518000000000000099e-02,-3.912948166963416824e-02,0.000000000000000000e+00
1.103280000000000038e+00,-2.518000000000000099e-02,-3.912948166963416824e-02,0.000000000000000000e+00
1.119690000000000074e+00,-2.602000000000000146e-02,-3.733253221980962350e-02,0.000000000000000000e+00
1.121180000000000065e+00,-2.608999999999999861e-02,-3.716892923734701343e-02,0.000000000000000000e+00
1.140530000000000044e+00,-2.717999999999999930e-02,-3.750726344306260646e-02,0.000000000000000000e+00
1.140530000000000044e+00,-2.717999999999999930e-02,-3.750726344306260646e-02,0.000000000000000000e+00
1.153189999999999937e+00,-2.845999999999999919e-02,-4.058110957000633096e-02,0.000000000000000000e+00
1.173300000000000010e+00,-3.097000000000000100e-02,-4.148055424166953442e-02,0.000000000000000000e+00
1.173300000000000010e+00,-3.097000000000000100e-02,-4.148055424166953442e-02,0.000000000000000000e+00
1.190229999999999899e+00,-3.178000000000000269e-02,-4.415085856783755591e-02,0.000000000000000000e+00
1.191899999999999959e+00,-3.185000000000000331e-02,-4.444119086072238073e-02,0.000000000000000000e+00
1.211430000000000007e+00,-3.277999999999999664e-02,-4.477097312883952795e-02,0.000000000000000000e+00
1.228590000000000071e+00,-3.361999999999999711e-02,-5.024522581746757727e-02,0.000000000000000000e+00
1.228590000000000071e+00,-3.361999999999999711e-02,-5.024522581746757727e-02,0.000000000000000000e+00
1.245589999999999975e+00,-3.436000000000000165e-02,-4.911822481163399118e-02,0.000000000000000000e+00
1.245589999999999975e+00,-3.436000000000000165e-02,-4.911822481163399118e-02,0.000000000000000000e+00
1.264569999999999972e+00,-3.350000000000000200e-02,-5.193610004999763691e-02,0.000000000000000000e+00
1.264569999999999972e+00,-3.350000000000000200e-02,-5.193610004999763691e-02,0.000000000000000000e+00
1.282450000000000090e+00,-3.398000000000000326e-02,-5.025470450498646657e-02,0.000000000000000000e+00
1.283889999999999976e+00,-3.402999999999999775e-02,-5.007844730473798994e-02,0.000000000000000000e+00
1.295469999999999899e+00,-3.420999999999999736e-02,-4.776786152436956340e-02,0.000000000000000000e+00
1.317409999999999970e+00,-3.536999999999999866e-02,-4.577878287807425617e-02,0.000000000000000000e+00
1.317409999999999970e+00,-3.536999999999999866e-02,-4.577878287807425617e-02,0.000000000000000000e+00
1.335620000000000029e+00,-3.658000000000000140e-02,-4.609450770118083546e-02,0.000000000000000000e+00
1.335620000000000029e+00,-3.658000000000000140e-02,-4.609450770118083546e-02,0.000000000000000000e+00
1.353299999999999947e+00,-3.796999999999999681e-02,-4.657332821197444211e-02,0.000000000000000000e+00
1.353299999999999947e+00,-3.796999999999999681e-02,-4.657332821197444211e-02,0.000000000000000000e+00
1.366449999999999942e+00,-3.891000000000000014e-02,-4.486774805135749361e-02,0.000000000000000000e+00
1.367809999999999970e+00,-3.901000000000000301e-02,-4.465987767946050929e-02,0.000000000000000000e+00
1.383750000000000036e+00,-4.000000000000000083e-02,-4.783847913607144897e-02,0.000000000000000000e+00
1.396959999999999980e+00,-4.057999999999999802e-02,-4.586500535936723771e-02,0.000000000000000000e+00
1.396959999999999980e+00,-4.057999999999999802e-02,-4.586500535936723771e-02,0.000000000000000000e+00
1.419359999999999955e+00,-4.279000000000000165e-02,-4.869593984764233885e-02,0.000000000000000000e+00
1.419359999999999955e+00,-4.279000000000000165e-02,-4.869593984764233885e-02,0.000000000000000000e+00
1.437519999999999909e+00,-4.399999999999999745e-02,-5.454970180426198939e-02,0.000000000000000000e+00
1.438979999999999926e+00,-4.408999999999999725e-02,-5.505752219390906005e-02,0.000000000000000000e+00
1.461759999999999948e+00,-4.567000000000000226e-02,-5.298712961457805598e-02,0.000000000000000000e+00
1.463920000000000110e+00,-4.580999999999999656e-02,-5.279188824368209049e-02,0.000000000000000000e+00
1.480979999999999963e+00,-4.633999999999999925e-02,-5.314412073638152822e-02,0.000000000000000000e+00
1.494720000000000049e+00,-4.619000000000000189e-02,-5.093746714077201920e-02,0.000000000000000000e+00
1.494720000000000049e+00,-4.619000000000000189e-02,-5.093746714077201920e-02,0.000000000000000000e+00
1.512450000000000072e+00,-4.569000000000000145e-02,-5.375027330336203113e-02,0.000000000000000000e+00
1.514270000000000005e+00,-4.562999999999999695e-02,-5.408191864681852895e-02,0.000000000000000000e+00
1.532100000000000017e+00,-4.680000000000000132e-02,-4.945743350515170722e-02,0.000000000000000000e+00
1.551490000000000036e+00,-4.800000000000000100e-02,-4.976017735269055997e-02,0.000000000000000000e+00
1.551490000000000036e+00,-4.800000000000000100e-02,-4.976017735269055997e-02,0.000000000000000000e+00
1.571139999999999981e+00,-4.886000000000000065e-02,-5.001764524618777102e-02,0.000000000000000000e+00
1.571139999999999981e+00,-4.886000000000000065e-02,-5.001764524618777102e-02,0.000000000000000000e+00
1.578419999999999934e+00,-4.936000000000000110e-02,-5.058982658248306619e-02,0.000000000000000000e+00
1.578969999999999985e+00,-4.941000000000000253e-02,-5.064165624421543971e-02,0.000000000000000000e+00
1.596689999999999943e+00,-5.081000000000000100e-02,-5.119835520466231582e-02,0.000000000000000000e+00
1.616419999999999968e+00,-5.238999999999999907e-02,-5.182607967359745271e-02,0.000000000000000000e+00
1.616419999999999968e+00,-5.238999999999999907e-02,-5.182607967359745271e-02,0.000000000000000000e+00
1.630190000000000028e+00,-5.281000000000000277e-02,-5.206019387050154351e-02,0.000000000000000000e+00
1.630190000000000028e+00,-5.281000000000000277e-02,-5.206019387050154351e-02,0.000000000000000000e+00
1.649029999999999996e+00,-5.381999999999999978e-02,-5.519607043663778134e-02,0.000000000000000000e+00
1.662300000000000111e+00,-5.462999999999999801e-02,-5.597669956963912535e-02,0.000000000000000000e+00
1.662300000000000111e+00,-5.462999999999999801e-02,-5.597669956963912535e-02,0.000000000000000000e+00
1.675280000000000102e+00,-5.580999999999999850e-02,-5.673231877235927756e-02,0.000000000000000000e+00
1.675280000000000102e+00,-5.580999999999999850e-02,-5.673231877235927756e-02,0.000000000000000000e+00
1.694490000000000052e+00,-5.666000000000000203e-02,-6.018234263399552947e-02,0.000000000000000000e+00
1.694490000000000052e+00,-5.666000000000000203e-02,-6.018234263399552947e-02,0.000000000000000000e+00
1.708560000000000079e+00,-5.652000000000000079e-02,-6.061071968681365496e-02,0.000000000000000000e+00
1.728339999999999987e+00,-5.723999999999999921e-02,-6.074257565264774145e-02,0.000000000000000000e+00
1.728339999999999987e+00,-5.723999999999999921e-02,-6.074257565264774145e-02,0.000000000000000000e+00
1.743079999999999963e+00,-5.827000000000000235e-02,-5.599644146327122790e-02,0.000000000000000000e+00
1.743079999999999963e+00,-5.827000000000000235e-02,-5.599644146327122790e-02,0.000000000000000000e+00
1.762760000000000105e+00,-5.942999999999999672e-02,-5.869981521572419786e-02,0.000000000000000000e+00
1.762760000000000105e+00,-5.942999999999999672e-02,-5.869981521572419786e-02,0.000000000000000000e+00
1.776890000000000081e+00,-6.045999999999999985e-02,-5.969208757544755550e-02,0.000000000000000000e+00
1.797840000000000105e+00,-6.171999999999999709e-02,-5.749737821657453091e-02,0.000000000000000000e+00
1.797840000000000105e+00,-6.171999999999999709e-02,-5.749737821657453091e-02,0.000000000000000000e+00
1.812489999999999934e+00,-6.279999999999999472e-02,-5.792711070746791452e-02,0.000000000000000000e+00
1.813609999999999944e+00,-6.289000000000000146e-02,-5.798778025893109450e-02,0.000000000000000000e+00
1.826340000000000074e+00,-6.426999999999999380e-02,-5.833753061911595844e-02,0.000000000000000000e+00
1.840039999999999898e+00,-6.551999999999999491e-02,-5.931912061942746367e-02,0.000000000000000000e+00
1.840039999999999898e+00,-6.551999999999999491e-02,-5.931912061942746367e-02,0.000000000000000000e+00
1.867650000000000032e+00,-6.890000000000000291e-02,-6.255697296656091699e-02,0.000000000000000000e+00
1.867650000000000032e+00,-6.890000000000000291e-02,-6.255697296656091699e-02,0.000000000000000000e+00
1.889280000000000070e+00,-7.011000000000000565e-02,-6.612203653370896106e-02,0.000000000000000000e+00
1.891240000000000032e+00,-7.020999999999999464e-02,-6.645648409290358383e-02,0.000000000000000000e+00
1.904840000000000089e+00,-7.106999999999999429e-02,-6.422290192572784051e-02,0.000000000000000000e+00
1.919359999999999955e+00,-7.216000000000000192e-02,-6.471364212554711615e-02,0.000000000000000000e+00
1.919359999999999955e+00,-7.216000000000000192e-02,-6.471364212554711615e-02,0.000000000000000000e+00
1.932620000000000005e+00,-7.234999999999999765e-02,-6.802175551020736566e-02,0.000000000000000000e+00
1.933750000000000080e+00,-7.235999999999999377e-02,-6.832540965004610389e-02,0.000000000000000000e+00
1.954190000000000094e+00,-7.334000000000000241e-02,-6.569479529982362453e-02,0.000000000000000000e+00
1.960809999999999942e+00,-7.370999999999999774e-02,-6.575212467240575120e-02,0.000000000000000000e+00
1.960809999999999942e+00,-7.370999999999999774e-02,-6.575212467240575120e-02,0.000000000000000000e+00
1.973559999999999981e+00,-7.423000000000000431e-02,-6.276463612002795844e-02,0.000000000000000000e+00
1.974679999999999991e+00,-7.427000000000000268e-02,-6.248744645888374555e-02,0.000000000000000000e+00
1.985079999999999956e+00,-7.537000000000000643e-02,-6.579349557881727928e-02,0.000000000000000000e+00
1.996899999999999897e+00,-7.656000000000000305e-02,-6.687248041367563345e-02,0.000000000000000000e+00
1.996899999999999897e+00,-7.656000000000000305e-02,-6.687248041367563345e-02,0.000000000000000000e+00
2.008690000000000087e+00,-7.707999999999999574e-02,-6.714714701952730069e-02,0.000000000000000000e+00
2.008690000000000087e+00,-7.707999999999999574e-02,-6.714714701952730069e-02,0.000000000000000000e+00
2.011509999999999909e+00,-7.724999999999999922e-02,-7.011915924394217237e-02,0.000000000000000000e+00
2.006130000000000191e+00,-7.696000000000000063e-02,-7.071030010147900946e-02,0.000000000000000000e+00
2.006130000000000191e+00,-7.696000000000000063e-02,-7.071030010147900946e-02,0.000000000000000000e+00
2.022990000000000066e+00,-7.834000000000000685e-02,-7.077725594618630711e-02,0.000000000000000000e+00
2.022990000000000066e+00,-7.834000000000000685e-02,-7.077725594618630711e-02,0.000000000000000000e+00
2.020449999999999857e+00,-7.778999999999999804e-02,-6.811857625062615884e-02,0.000000000000000000e+00
2.020010000000000083e+00,-7.771999999999999742e-02,-6.784014036013770454e-02,0.000000000000000000e+00
2.028729999999999922e+00,-7.839000000000000135e-02,-6.813704415063120967e-02,0.000000000000000000e+00
2.038149999999999906e+00,-7.929999999999999549e-02,-6.860305901993526967e-02,0.000000000000000000e+00
2.038149999999999906e+00,-7.929999999999999549e-02,-6.860305901993526967e-02,0.000000000000000000e+00
2.031509999999999927e+00,-7.914000000000000201e-02,-6.841455915123460796e-02,0.000000000000000000e+00
2.031509999999999927e+00,-7.914000000000000201e-02,-6.841455915123460796e-02,0.000000000000000000e+00
2.030679999999999819e+00,-7.895000000000000628e-02,-6.826599268012228938e-02,0.000000000000000000e+00
2.030679999999999819e+00,-7.895000000000000628e-02,-6.826599268012228938e-02,0.000000000000000000e+00
2.030600000000000183e+00,-7.881000000000000505e-02,-6.866260178266224423e-02,0.000000000000000000e+00
2.030520000000000103e+00,-7.882000000000000117e-02,-6.870702308226454835e-02,0.000000000000000000e+00
2.030520000000000103e+00,-7.882000000000000117e-02,-6.870702308226454835e-02,0.000000000000000000e+00
2.038349999999999884e+00,-7.932000000000000162e-02,-6.830636337659951041e-02,0.000000000000000000e+00
2.038349999999999884e+00,-7.932000000000000162e-02,-6.830636337659951041e-02,0.000000000000000000e+00
2.039270000000000138e+00,-7.936999999999999611e-02,-6.860431683992036789e-02,0.000000000000000000e+00
2.039270000000000138e+00,-7.936999999999999611e-02,-6.860431683992036789e-02,0.000000000000000000e+00
2.039050000000000029e+00,-7.935000000000000386e-02,-6.829852707698839953e-02,0.000000000000000000e+00
2.039050000000000029e+00,-7.935000000000000386e-02,-6.829852707698839953e-02,0.000000000000000000e+00
2.039029999999999898e+00,-7.935000000000000386e-02,-6.826156601014572722e-02,0.000000000000000000e+00
2.039029999999999898e+00,-7.935000000000000386e-02,-6.826156601014572722e-02,0.000000000000000000e+00
2.039239999999999942e+00,-7.964000000000000246e-02,-6.866844006772442055e-02,0.000000000000000000e+00
2.039159999999999862e+00,-7.967000000000000470e-02,-6.870620028745680341e-02,0.000000000000000000e+00
2.039149999999999796e+00,-7.967000000000000470e-02,-6.870636874076994915e-02,0.000000000000000000e+00
2.030440000000000023e+00,-7.892000000000000404e-02,-7.161769346395609193e-02,0.000000000000000000e+00
2.038409999999999833e+00,-7.932000000000000162e-02,-6.888555349734699906e-02,0.000000000000000000e+00
2.038409999999999833e+00,-7.932000000000000162e-02,-6.888555349734699906e-02,0.000000000000000000e+00
2.038990000000000080e+00,-7.910999999999999976e-02,-6.824190303983154737e-02,0.000000000000000000e+00
2.038990000000000080e+00,-7.910999999999999976e-02,-6.824190303983154737e-02,0.000000000000000000e+00
2.039130000000000109e+00,-7.932999999999999774e-02,-6.860234639664478107e-02,0.000000000000000000e+00
2.039130000000000109e+00,-7.932999999999999774e-02,-6.860234639664478107e-02,0.000000000000000000e+00
8.000000000000000383e-04,-1.200000000000000030e-04,0.000000000000000000e+00,0.000000000000000000e+00
8.000000000000000383e-04,-1.200000000000000030e-04,0.000000000000000000e+00,0.000000000000000000e+00
1.499999999999999869e-04,-6.000000000000000152e-05,2.874906617606882726e-03,0.000000000000000000e+00
-9.799999999999999684e-04,2.100000000000000087e-04,1.697552707026756110e-03,0.000000000000000000e+00
-1.049999999999999935e-03,2.200000000000000078e-04,1.607791571372979003e-03,0.000000000000000000e+00
-8.099999999999999561e-04,2.000000000000000096e-04,1.672521091268052091e-03,0.000000000000000000e+00
-6.599999999999999964e-04,1.800000000000000113e-04,1.319494240580519964e-03,0.000000000000000000e+00
-6.599999999999999964e-04,1.800000000000000113e-04,1.319494240580519964e-03,0.000000000000000000e+00
-6.499999999999999702e-04,1.800000000000000113e-04,1.299260195553527579e-03,0.000000000000000000e+00
-6.499999999999999702e-04,1.800000000000000113e-04,1.299260195553527579e-03,0.000000000000000000e+00
-6.499999999999999702e-04,1.800000000000000113e-04,1.299260195553527579e-03,0.000000000000000000e+00
-6.499999999999999702e-04,1.800000000000000113e-04,1.299260195553527579e-03,0.000000000000000000e+00
-6.499999999999999702e-04,1.800000000000000113e-04,1.299260195553527579e-03,0.000000000000000000e+00
-6.499999999999999702e-04,1.800000000000000113e-04,1.299260195553527579e-03,0.000000000000000000e+00
-5.999999999999999474e-04,1.700000000000000122e-04,1.307293450534282794e-03,0.000000000000000000e+00
9.000000000000000567e-05,-4.000000000000000327e-05,-1.697777475448154078e-05,0.000000000000000000e+00
1.600000000000000131e-04,-6.000000000000000152e-05,-1.485593434731099106e-04,0.000000000000000000e+00
-9.499999999999999981e-04,9.000000000000000567e-05,2.593066585235952355e-03,0.000000000000000000e+00
-3.400000000000000244e-04,1.499999999999999869e-04,2.374705016175552609e-03,0.000000000000000000e+00
-3.400000000000000244e-04,1.499999999999999869e-04,2.374705016175552609e-03,0.000000000000000000e+00
6.579999999999999911e-03,-6.999999999999999387e-05,6.597641829254808276e-04,0.000000000000000000e+00
6.579999999999999911e-03,-6.999999999999999387e-05,6.597641829254808276e-04,0.000000000000000000e+00
6.579999999999999911e-03,-6.999999999999999387e-05,6.597641829254808276e-04,0.000000000000000000e+00
1.716000000000000164e-02,-2.000000000000000164e-05,2.938996539353584507e-03,0.000000000000000000e+00
1.716000000000000164e-02,-2.000000000000000164e-05,2.938996539353584507e-03,0.000000000000000000e+00
1.716000000000000164e-02,-2.000000000000000164e-05,2.938996539353584507e-03,0.000000000000000000e+00
2.768999999999999934e-02,-1.170000000000000033e-03,3.161718889892501695e-03,0.000000000000000000e+00
3.586999999999999911e-02,-1.389999999999999960e-03,2.468136357466494020e-03,0.000000000000000000e+00
3.586999999999999911e-02,-1.389999999999999960e-03,2.468136357466494020e-03,0.000000000000000000e+00
4.839999999999999858e-02,-1.860000000000000108e-03,1.022585825244325900e-03,0.000000000000000000e+00
5.689000000000000307e-02,-1.590000000000000050e-03,2.890478450145067633e-03,0.000000000000000000e+00
5.689000000000000307e-02,-1.590000000000000050e-03,2.890478450145067633e-03,0.000000000000000000e+00
7.244000000000000439e-02,-2.249999999999999830e-03,1.181782053956115111e-03,0.000000000000000000e+00
7.244000000000000439e-02,-2.249999999999999830e-03,1.181782053956115111e-03,0.000000000000000000e+00
8.848000000000000309e-02,-6.599999999999999964e-04,3.135817573236491639e-04,0.000000000000000000e+00
9.012000000000000566e-02,-5.000000000000000104e-04,2.434106192454435534e-04,0.000000000000000000e+00
1.069299999999999973e-01,-7.699999999999999597e-04,6.045738246311777551e-04,0.000000000000000000e+00
1.081400000000000000e-01,-7.900000000000000121e-04,6.309478055299065332e-04,0.000000000000000000e+00
1.184499999999999997e-01,-7.399999999999999894e-04,-6.952754955936305600e-04,0.000000000000000000e+00
1.209199999999999997e-01,-7.299999999999999632e-04,-1.013433988496806326e-03,0.000000000000000000e+00
1.330999999999999961e-01,-8.499999999999999526e-04,-1.925360245100275237e-03,0.000000000000000000e+00
1.481399999999999939e-01,-1.069999999999999988e-03,-4.923481322414454894e-03,0.000000000000000000e+00
1.481399999999999939e-01,-1.069999999999999988e-03,-4.923481322414454894e-03,0.000000000000000000e+00
1.627399999999999958e-01,-9.799999999999999684e-04,-7.189193110150343680e-03,0.000000000000000000e+00
1.627399999999999958e-01,-9.799999999999999684e-04,-7.189193110150343680e-03,0.000000000000000000e+00
1.770899999999999974e-01,-4.499999999999999877e-04,-7.669344838604099171e-03,0.000000000000000000e+00
1.783500000000000085e-01,-4.000000000000000192e-04,-7.693487779985904579e-03,0.000000000000000000e+00
1.942599999999999882e-01,-6.800000000000000488e-04,-6.143917515186409634e-03,0.000000000000000000e+00
1.956700000000000106e-01,-7.100000000000000191e-04,-6.005810624340865780e-03,0.000000000000000000e+00
2.097299999999999998e-01,-6.199999999999999999e-04,-6.441436307384943924e-03,0.000000000000000000e+00
2.301400000000000112e-01,-1.959999999999999937e-03,-7.551660959860323138e-05,0.000000000000000000e+00
2.301400000000000112e-01,-1.959999999999999937e-03,-7.551660959860323138e-05,0.000000000000000000e+00
2.451800000000000090e-01,-2.220000000000000185e-03,-2.459220358546430202e-04,0.000000000000000000e+00
2.465900000000000036e-01,-2.239999999999999804e-03,-3.255626271511376062e-04,0.000000000000000000e+00
2.626800000000000246e-01,-2.799999999999999972e-03,1.959712278378193066e-03,0.000000000000000000e+00
2.626800000000000246e-01,-2.799999999999999972e-03,1.959712278378193066e-03,0.000000000000000000e+00
2.626800000000000246e-01,-2.799999999999999972e-03,1.959712278378193066e-03,0.000000000000000000e+00
2.626800000000000246e-01,-2.799999999999999972e-03,1.959712278378193066e-03,0.000000000000000000e+00
2.626800000000000246e-01,-2.799999999999999972e-03,1.959712278378193066e-03,0.000000000000000000e+00
2.626800000000000246e-01,-2.799999999999999972e-03,1.959712278378193066e-03,0.000000000000000000e+00
2.626800000000000246e-01,-2.799999999999999972e-03,1.959712278378193066e-03,0.000000000000000000e+00
2.626800000000000246e-01,-2.799999999999999972e-03,1.959712278378193066e-03,0.000000000000000000e+00
2.626800000000000246e-01,-2.799999999999999972e-03,1.959712278378193066e-03,0.000000000000000000e+00
3.450300000000000034e-01,-3.799999999999999992e-03,-1.313735593506437128e-02,0.000000000000000000e+00
3.587299999999999933e-01,-4.060000000000000241e-03,-1.212261411104850750e-02,0.000000000000000000e+00
3.759899999999999909e-01,-4.270000000000000358e-03,-1.102308573869372442e-02,0.000000000000000000e+00
3.759899999999999909e-01,-4.270000000000000358e-03,-1.102308573869372442e-02,0.000000000000000000e+00
3.998099999999999987e-01,-2.969999999999999984e-03,-9.557721750329465152e-03,0.000000000000000000e+00
3.998099999999999987e-01,-2.969999999999999984e-03,-9.557721750329465152e-03,0.000000000000000000e+00
4.164100000000000024e-01,-2.609999999999999907e-03,-1.195013793404751772e-02,0.000000000000000000e+00
4.164100000000000024e-01,-2.609999999999999907e-03,-1.195013793404751772e-02,0.000000000000000000e+00
4.342099999999999849e-01,-2.899999999999999800e-03,-1.033382258157934837e-02,0.000000000000000000e+00
4.498300000000000076e-01,-3.180000000000000101e-03,-8.826602747233736057e-03,0.000000000000000000e+00
4.498300000000000076e-01,-3.180000000000000101e-03,-8.826602747233736057e-03,0.000000000000000000e+00
4.655099999999999794e-01,-3.589999999999999875e-03,-7.164357657589369779e-03,0.000000000000000000e+00
4.655099999999999794e-01,-3.589999999999999875e-03,-7.164357657589369779e-03,0.000000000000000000e+00
4.793999999999999928e-01,-3.569999999999999823e-03,-9.177622713146349129e-03,0.000000000000000000e+00
4.989999999999999991e-01,-4.409999999999999858e-03,-1.009846275646257042e-02,0.000000000000000000e+00
4.989999999999999991e-01,-4.409999999999999858e-03,-1.009846275646257042e-02,0.000000000000000000e+00
5.129700000000000371e-01,-4.740000000000000289e-03,-1.261430044546669668e-02,0.000000000000000000e+00
5.129700000000000371e-01,-4.740000000000000289e-03,-1.261430044546669668e-02,0.000000000000000000e+00
5.313400000000000345e-01,-5.250000000000000326e-03,-1.331955489152237583e-02,0.000000000000000000e+00
5.326800000000000423e-01,-5.290000000000000431e-03,-1.335578406008905948e-02,0.000000000000000000e+00
5.473400000000000487e-01,-5.519999999999999733e-03,-1.330440757015902663e-02,0.000000000000000000e+00
5.487400000000000055e-01,-5.539999999999999786e-03,-1.329883506728163009e-02,0.000000000000000000e+00
5.609600000000000142e-01,-5.550000000000000246e-03,-1.576347257328560014e-02,0.000000000000000000e+00
5.775000000000000133e-01,-5.570000000000000298e-03,-1.432651687205298979e-02,0.000000000000000000e+00
5.775000000000000133e-01,-5.570000000000000298e-03,-1.432651687205298979e-02,0.000000000000000000e+00
5.940100000000000380e-01,-5.810000000000000060e-03,-1.289029638087777624e-02,0.000000000000000000e+00
6.074600000000000000e-01,-5.919999999999999915e-03,-1.325309934185088523e-02,0.000000000000000000e+00
6.074600000000000000e-01,-5.919999999999999915e-03,-1.325309934185088523e-02,0.000000000000000000e+00
6.241400000000000281e-01,-5.890000000000000270e-03,-1.560108477321189499e-02,0.000000000000000000e+00
6.253999999999999559e-01,-5.890000000000000270e-03,-1.578986690540607266e-02,0.000000000000000000e+00
6.406899999999999817e-01,-5.879999999999999810e-03,-1.521041513764090358e-02,0.000000000000000000e+00
6.577300000000000368e-01,-6.179999999999999730e-03,-1.350419904412744967e-02,0.000000000000000000e+00
6.577300000000000368e-01,-6.179999999999999730e-03,-1.350419904412744967e-02,0.000000000000000000e+00
6.749500000000000499e-01,-6.329999999999999689e-03,-1.381904181228915673e-02,0.000000000000000000e+00
6.749500000000000499e-01,-6.329999999999999689e-03,-1.381904181228915673e-02,0.000000000000000000e+00
6.920500000000000540e-01,-6.879999999999999831e-03,-1.444677727521559429e-02,0.000000000000000000e+00
7.033899999999999597e-01,-7.119999999999999593e-03,-1.469909841929526936e-02,0.000000000000000000e+00
7.033899999999999597e-01,-7.119999999999999593e-03,-1.469909841929526936e-02,0.000000000000000000e+00
7.042899999999999716e-01,-7.139999999999999646e-03,-1.471781690363726039e-02,0.000000000000000000e+00
7.042899999999999716e-01,-7.139999999999999646e-03,-1.471781690363726039e-02,0.000000000000000000e+00
7.362900000000000000e-01,-8.349999999999999784e-03,-1.380411671515326642e-02,0.000000000000000000e+00
7.525300000000000322e-01,-8.770000000000000018e-03,-1.405922629780635008e-02,0.000000000000000000e+00
7.525300000000000322e-01,-8.770000000000000018e-03,-1.405922629780635008e-02,0.000000000000000000e+00
7.525300000000000322e-01,-8.770000000000000018e-03,-1.405922629780635008e-02,0.000000000000000000e+00
7.525300000000000322e-01,-8.770000000000000018e-03,-1.405922629780635008e-02,0.000000000000000000e+00
7.525300000000000322e-01,-8.770000000000000018e-03,-1.405922629780635008e-02,0.000000000000000000e+00
7.525300000000000322e-01,-8.770000000000000018e-03,-1.405922629780635008e-02,0.000000000000000000e+00
7.525300000000000322e-01,-8.770000000000000018e-03,-1.405922629780635008e-02,0.000000000000000000e+00
7.525300000000000322e-01,-8.770000000000000018e-03,-1.405922629780635008e-02,0.000000000000000000e+00
8.180399999999999894e-01,-9.990000000000000616e-03,-1.815927748937924691e-02,0.000000000000000000e+00
8.346799999999999775e-01,-1.064999999999999974e-02,-1.902193399587863432e-02,0.000000000000000000e+00
8.528299999999999770e-01,-1.085999999999999986e-02,-2.331080012290372150e-02,0.000000000000000000e+00
8.528299999999999770e-01,-1.085999999999999986e-02,-2.331080012290372150e-02,0.000000000000000000e+00
8.681699999999999973e-01,-1.081000000000000016e-02,-2.245855426341484759e-02,0.000000000000000000e+00
8.696300000000000141e-01,-1.080000000000000057e-02,-2.232742494512617720e-02,0.000000000000000000e+00
8.834400000000000031e-01,-1.077000000000000006e-02,-2.254090659643384967e-02,0.000000000000000000e+00
9.021500000000000075e-01,-1.136999999999999990e-02,-2.060964698358895217e-02,0.000000000000000000e+00
9.021500000000000075e-01,-1.136999999999999990e-02,-2.060964698358895217e-02,0.000000000000000000e+00
9.143799999999999706e-01,-1.165000000000000063e-02,-2.128305788473287136e-02,0.000000000000000000e+00
9.152299999999999880e-01,-1.166999999999999982e-02,-2.134930691818792692e-02,0.000000000000000000e+00
9.327699999999999880e-01,-1.284000000000000072e-02,-1.942071949173298714e-02,0.000000000000000000e+00
9.483200000000000518e-01,-1.339000000000000086e-02,-2.016520170037602172e-02,0.000000000000000000e+00
9.483200000000000518e-01,-1.339000000000000086e-02,-2.016520170037602172e-02,0.000000000000000000e+00
9.639299999999999535e-01,-1.386000000000000079e-02,-2.284832300340193870e-02,0.000000000000000000e+00
9.650199999999999889e-01,-1.389999999999999916e-02,-2.304851808261920015e-02,0.000000000000000000e+00
9.791999999999999593e-01,-1.427999999999999929e-02,-2.355161106314796957e-02,0.000000000000000000e+00
9.944300000000000361e-01,-1.482999999999999943e-02,-2.395056295397544194e-02,0.000000000000000000e+00
9.944300000000000361e-01,-1.482999999999999943e-02,-2.395056295397544194e-02,0.000000000000000000e+00
1.013949999999999907e+00,-1.542999999999999927e-02,-2.459792326148305119e-02,0.000000000000000000e+00
1.013949999999999907e+00,-1.542999999999999927e-02,-2.459792326148305119e-02,0.000000000000000000e+00
1.030250000000000110e+00,-1.587999999999999828e-02,-2.455665036165611062e-02,0.000000000000000000e+00
1.030250000000000110e+00,-1.587999999999999828e-02,-2.455665036165611062e-02,0.000000000000000000e+00
1.030250000000000110e+00,-1.587999999999999828e-02,-2.455665036165611062e-02,0.000000000000000000e+00
1.031339999999999923e+00,-1.591000000000000053e-02,-2.454982419307338848e-02,0.000000000000000000e+00
1.065399999999999903e+00,-1.702000000000000041e-02,-2.763669766133001679e-02,0.000000000000000000e+00
1.081590000000000051e+00,-1.720000000000000001e-02,-2.840525375823831772e-02,0.000000000000000000e+00
1.097979999999999956e+00,-1.731999999999999859e-02,-2.647724454568741934e-02,0.000000000000000000e+00
1.097979999999999956e+00,-1.731999999999999859e-02,-2.647724454568741934e-02,0.000000000000000000e+00
1.099469999999999947e+00,-1.733000000000000165e-02,-2.627742823511656362e-02,0.000000000000000000e+00
1.099469999999999947e+00,-1.733000000000000165e-02,-2.627742823511656362e-02,0.000000000000000000e+00
1.110130000000000061e+00,-1.727000000000000063e-02,-2.894392544112578056e-02,0.000000000000000000e+00
1.125979999999999981e+00,-1.813000000000000028e-02,-2.932504446640184920e-02,0.000000000000000000e+00
1.142390000000000017e+00,-1.856999999999999970e-02,-2.994310677110845545e-02,0.000000000000000000e+00
1.143769999999999953e+00,-1.861000000000000154e-02,-2.999883597987140424e-02,0.000000000000000000e+00
1.163620000000000099e+00,-1.976999999999999938e-02,-2.561687011044160370e-02,0.000000000000000000e+00
1.163620000000000099e+00,-1.976999999999999938e-02,-2.561687011044160370e-02,0.000000000000000000e+00
1.176109999999999989e+00,-2.050000000000000086e-02,-2.611195144068978458e-02,0.000000000000000000e+00
1.201200000000000045e+00,-2.259999999999999856e-02,-2.886288080134008505e-02,0.000000000000000000e+00
1.201200000000000045e+00,-2.259999999999999856e-02,-2.886288080134008505e-02,0.000000000000000000e+00
1.218909999999999938e+00,-2.327999999999999861e-02,-2.973875367146736060e-02,0.000000000000000000e+00
1.218909999999999938e+00,-2.327999999999999861e-02,-2.973875367146736060e-02,0.000000000000000000e+00
1.235740000000000061e+00,-2.404999999999999846e-02,-2.988245272410844020e-02,0.000000000000000000e+00
1.259120000000000017e+00,-2.377999999999999906e-02,-3.084221753806696414e-02,0.000000000000000000e+00
1.259120000000000017e+00,-2.377999999999999906e-02,-3.084221753806696414e-02,0.000000000000000000e+00
1.276219999999999910e+00,-2.419999999999999929e-02,-3.604509348686793513e-02,0.000000000000000000e+00
1.276219999999999910e+00,-2.419999999999999929e-02,-3.604509348686793513e-02,0.000000000000000000e+00
1.276219999999999910e+00,-2.419999999999999929e-02,-3.604509348686793513e-02,0.000000000000000000e+00
1.294780000000000042e+00,-2.486999999999999975e-02,-3.728381731814615907e-02,0.000000000000000000e+00
1.306040000000000090e+00,-2.463999999999999871e-02,-3.735545636590516250e-02,0.000000000000000000e+00
1.306990000000000096e+00,-2.461999999999999952e-02,-3.736100336960413576e-02,0.000000000000000000e+00
1.328049999999999953e+00,-2.569000000000000103e-02,-3.796599246067892952e-02,0.000000000000000000e+00
1.341059999999999919e+00,-2.606999999999999942e-02,-3.822210957076008914e-02,0.000000000000000000e+00
1.341059999999999919e+00,-2.606999999999999942e-02,-3.822210957076008914e-02,0.000000000000000000e+00
1.358910000000000062e+00,-2.673000000000000029e-02,-3.329104966120566278e-02,0.000000000000000000e+00
1.376949999999999896e+00,-2.747000000000000136e-02,-3.352594769615831888e-02,0.000000000000000000e+00
1.376949999999999896e+00,-2.747000000000000136e-02,-3.352594769615831888e-02,0.000000000000000000e+00
1.390220000000000011e+00,-2.807000000000000120e-02,-3.166668090146433634e-02,0.000000000000000000e+00
1.390220000000000011e+00,-2.807000000000000120e-02,-3.166668090146433634e-02,0.000000000000000000e+00
1.408090000000000064e+00,-2.930999999999999925e-02,-2.975086416640444764e-02,0.000000000000000000e+00
1.409520000000000106e+00,-2.939999999999999905e-02,-2.960152641560397091e-02,0.000000000000000000e+00
1.425740000000000007e+00,-2.999999999999999889e-02,-3.475270768003465433e-02,0.000000000000000000e+00
1.438700000000000090e+00,-3.051999999999999852e-02,-3.339575421261023469e-02,0.000000000000000000e+00
1.438700000000000090e+00,-3.051999999999999852e-02,-3.339575421261023469e-02,0.000000000000000000e+00
1.456420000000000048e+00,-3.121000000000000163e-02,-3.329721005342560491e-02,0.000000000000000000e+00
1.474779999999999980e+00,-3.196999999999999842e-02,-3.336455099960894399e-02,0.000000000000000000e+00
1.474779999999999980e+00,-3.196999999999999842e-02,-3.336455099960894399e-02,0.000000000000000000e+00
1.488220000000000098e+00,-3.243999999999999662e-02,-3.421639560152353599e-02,0.000000000000000000e+00
1.488220000000000098e+00,-3.243999999999999662e-02,-3.421639560152353599e-02,0.000000000000000000e+00
1.511640000000000095e+00,-3.336999999999999689e-02,-3.714967213237041488e-02,0.000000000000000000e+00
1.524960000000000093e+00,-3.350000000000000200e-02,-3.772708706565380127e-02,0.000000000000000000e+00
1.524960000000000093e+00,-3.350000000000000200e-02,-3.772708706565380127e-02,0.000000000000000000e+00
1.537519999999999998e+00,-3.366000000000000242e-02,-3.822564739498476166e-02,0.000000000000000000e+00
1.537519999999999998e+00,-3.366000000000000242e-02,-3.822564739498476166e-02,0.000000000000000000e+00
1.537519999999999998e+00,-3.366000000000000242e-02,-3.822564739498476166e-02,0.000000000000000000e+00
1.537519999999999998e+00,-3.366000000000000242e-02,-3.822564739498476166e-02,0.000000000000000000e+00
1.537519999999999998e+00,-3.366000000000000242e-02,-3.822564739498476166e-02,0.000000000000000000e+00
1.537519999999999998e+00,-3.366000000000000242e-02,-3.822564739498476166e-02,0.000000000000000000e+00
1.537519999999999998e+00,-3.366000000000000242e-02,-3.822564739498476166e-02,0.000000000000000000e+00
1.550380000000000091e+00,-3.373000000000000304e-02,-3.862372238276457620e-02,0.000000000000000000e+00
1.608340000000000103e+00,-3.626000000000000056e-02,-3.641875082795639068e-02,0.000000000000000000e+00
1.615499999999999936e+00,-3.651999999999999691e-02,-3.742664279089210483e-02,0.000000000000000000e+00
1.615949999999999998e+00,-3.652999999999999997e-02,-3.750449398290133657e-02,0.000000000000000000e+00
1.640560000000000018e+00,-3.790999999999999925e-02,-3.752236865259587356e-02,0.000000000000000000e+00
1.640560000000000018e+00,-3.790999999999999925e-02,-3.752236865259587356e-02,0.000000000000000000e+00
1.640560000000000018e+00,-3.790999999999999925e-02,-3.752236865259587356e-02,0.000000000000000000e+00
1.666949999999999932e+00,-3.916000000000000036e-02,-3.864707168450329938e-02,0.000000000000000000e+00
1.666949999999999932e+00,-3.916000000000000036e-02,-3.864707168450329938e-02,0.000000000000000000e+00
1.680630000000000068e+00,-3.989000000000000185e-02,-3.916764242377650945e-02,0.000000000000000000e+00
1.681780000000000053e+00,-3.994999999999999940e-02,-3.921531905039308402e-02,0.000000000000000000e+00
1.693929999999999936e+00,-4.023999999999999799e-02,-3.972808012348860718e-02,0.000000000000000000e+00
1.725759999999999961e+00,-4.270000000000000184e-02,-3.995314822377420833e-02,0.000000000000000000e+00
1.725759999999999961e+00,-4.270000000000000184e-02,-3.995314822377420833e-02,0.000000000000000000e+00
1.740820000000000034e+00,-4.329000000000000209e-02,-4.381625267791995626e-02,0.000000000000000000e+00
1.740820000000000034e+00,-4.329000000000000209e-02,-4.381625267791995626e-02,0.000000000000000000e+00
1.760869999999999935e+00,-4.415000000000000174e-02,-4.716186280191366625e-02,0.000000000000000000e+00
1.760869999999999935e+00,-4.415000000000000174e-02,-4.716186280191366625e-02,0.000000000000000000e+00
1.781109999999999971e+00,-4.517999999999999794e-02,-4.520108326851496328e-02,0.000000000000000000e+00
1.781109999999999971e+00,-4.517999999999999794e-02,-4.520108326851496328e-02,0.000000000000000000e+00
1.781109999999999971e+00,-4.517999999999999794e-02,-4.520108326851496328e-02,0.000000000000000000e+00
1.781109999999999971e+00,-4.517999999999999794e-02,-4.520108326851496328e-02,0.000000000000000000e+00
1.801299999999999901e+00,-4.465000000000000219e-02,-4.814385265584927853e-02,0.000000000000000000e+00
1.829250000000000043e+00,-4.619999999999999801e-02,-4.609435882618736352e-02,0.000000000000000000e+00
1.829250000000000043e+00,-4.619999999999999801e-02,-4.609435882618736352e-02,0.000000000000000000e+00
1.836759999999999948e+00,-4.680999999999999744e-02,-4.427633233852998340e-02,0.000000000000000000e+00
1.837390000000000079e+00,-4.687000000000000194e-02,-4.405774018842928408e-02,0.000000000000000000e+00
1.856959999999999944e+00,-4.839999999999999858e-02,-4.434401804921047491e-02,0.000000000000000000e+00
1.885340000000000016e+00,-4.954999999999999682e-02,-4.820289430089345212e-02,0.000000000000000000e+00
1.885340000000000016e+00,-4.954999999999999682e-02,-4.820289430089345212e-02,0.000000000000000000e+00
1.893199999999999994e+00,-5.036999999999999811e-02,-4.865991100661822000e-02,0.000000000000000000e+00
1.893199999999999994e+00,-5.036999999999999811e-02,-4.865991100661822000e-02,0.000000000000000000e+00
1.893199999999999994e+00,-5.036999999999999811e-02,-4.865991100661822000e-02,0.000000000000000000e+00
1.915580000000000060e+00,-5.174000000000000127e-02,-4.574718964243591063e-02,0.000000000000000000e+00
1.927659999999999929e+00,-5.220999999999999946e-02,-4.633524066322559920e-02,0.000000000000000000e+00
1.940430000000000099e+00,-5.297999999999999932e-02,-4.628836211565012793e-02,0.000000000000000000e+00
1.940430000000000099e+00,-5.297999999999999932e-02,-4.628836211565012793e-02,0.000000000000000000e+00
1.941640000000000033e+00,-5.304999999999999993e-02,-4.627831347585850685e-02,0.000000000000000000e+00
1.941640000000000033e+00,-5.304999999999999993e-02,-4.627831347585850685e-02,0.000000000000000000e+00
1.941640000000000033e+00,-5.304999999999999993e-02,-4.627831347585850685e-02,0.000000000000000000e+00
1.962979999999999947e+00,-5.414999999999999675e-02,-5.045443341072011062e-02,0.000000000000000000e+00
1.966720000000000024e+00,-5.423000000000000043e-02,-5.328489062204501414e-02,0.000000000000000000e+00
1.976939999999999920e+00,-5.476000000000000312e-02,-5.414847333356322817e-02,0.000000000000000000e+00
1.976939999999999920e+00,-5.476000000000000312e-02,-5.414847333356322817e-02,0.000000000000000000e+00
1.976939999999999920e+00,-5.476000000000000312e-02,-5.414847333356322817e-02,0.000000000000000000e+00
1.987740000000000062e+00,-5.566999999999999726e-02,-5.429728060371121628e-02,0.000000000000000000e+00
1.990280000000000049e+00,-5.550000000000000072e-02,-5.421841945955171993e-02,0.000000000000000000e+00
1.991819999999999924e+00,-5.559000000000000052e-02,-5.420974951475465015e-02,0.000000000000000000e+00
1.991819999999999924e+00,-5.559000000000000052e-02,-5.420974951475465015e-02,0.000000000000000000e+00
2.001079999999999970e+00,-5.612999999999999934e-02,-5.447298170442620158e-02,0.000000000000000000e+00
2.001079999999999970e+00,-5.612999999999999934e-02,-5.447298170442620158e-02,0.000000000000000000e+00
2.001869999999999816e+00,-5.618000000000000077e-02,-5.449562628204058373e-02,0.000000000000000000e+00
1.994629999999999903e+00,-5.580999999999999850e-02,-5.448082548069457798e-02,0.000000000000000000e+00
2.002580000000000027e+00,-5.594999999999999973e-02,-5.442465435159013487e-02,0.000000000000000000e+00
2.003530000000000033e+00,-5.593999999999999667e-02,-5.441214795312499658e-02,0.000000000000000000e+00
2.003530000000000033e+00,-5.593999999999999667e-02,-5.441214795312499658e-02,0.000000000000000000e+00
2.003550000000000164e+00,-5.593000000000000055e-02,-5.441138794936926926e-02,0.000000000000000000e+00
1.994790000000000063e+00,-5.548999999999999766e-02,-5.487228404468263987e-02,0.000000000000000000e+00
2.002400000000000180e+00,-5.625999999999999751e-02,-5.487524063737685837e-02,0.000000000000000000e+00
2.002930000000000099e+00,-5.634999999999999731e-02,-5.488411385922041530e-02,0.000000000000000000e+00
2.002930000000000099e+00,-5.634999999999999731e-02,-5.488411385922041530e-02,0.000000000000000000e+00
2.002909999999999968e+00,-5.577000000000000013e-02,-5.475559695929649306e-02,0.000000000000000000e+00
2.002909999999999968e+00,-5.577000000000000013e-02,-5.475559695929649306e-02,0.000000000000000000e+00
2.002889999999999837e+00,-5.569999999999999951e-02,-5.473953917107804434e-02,0.000000000000000000e+00
2.002889999999999837e+00,-5.569999999999999951e-02,-5.473922167530893834e-02,0.000000000000000000e+00
1.995170000000000110e+00,-5.571999999999999870e-02,-5.448258399697800125e-02,0.000000000000000000e+00
2.003010000000000179e+00,-5.639000000000000262e-02,-5.188602688050510114e-02,0.000000000000000000e+00
2.003010000000000179e+00,-5.639000000000000262e-02,-5.188602688050510114e-02,0.000000000000000000e+00
1.995319999999999983e+00,-5.591999999999999749e-02,-5.439001276191225004e-02,0.000000000000000000e+00
1.994699999999999918e+00,-5.587999999999999912e-02,-5.459253326810337842e-02,0.000000000000000000e+00
2.002349999999999852e+00,-5.600000000000000117e-02,-5.478621149573743854e-02,0.000000000000000000e+00
2.002819999999999823e+00,-5.600000000000000117e-02,-5.447295986414844859e-02,0.000000000000000000e+00
2.002819999999999823e+00,-5.600000000000000117e-02,-5.447295986414844859e-02,0.000000000000000000e+00
2.002959999999999852e+00,-5.614999999999999852e-02,-5.456257980915010103e-02,0.000000000000000000e+00
1.995460000000000012e+00,-5.562000000000000277e-02,-5.452684803034149597e-02,0.000000000000000000e+00
1.995460000000000012e+00,-5.562000000000000277e-02,-5.452684803034149597e-02,0.000000000000000000e+00
1.994520000000000071e+00,-5.553999999999999909e-02,-5.451974469746333901e-02,0.000000000000000000e+00
1.994520000000000071e+00,-5.553999999999999909e-02,-5.451974469746333901e-02,0.000000000000000000e+00
1.994499999999999940e+00,-5.553999999999999909e-02,-5.451953870574412220e-02,0.000000000000000000e+00
6.000000000000000152e-05,-1.000000000000000082e-05,0.000000000000000000e+00,0.000000000000000000e+00
6.000000000000000152e-05,-1.000000000000000082e-05,0.000000000000000000e+00,0.000000000000000000e+00
6.000000000000000152e-05,-1.000000000000000082e-05,0.000000000000000000e+00,0.000000000000000000e+00
6.000000000000000152e-05,-1.000000000000000082e-05,0.000000000000000000e+00,0.000000000000000000e+00
6.000000000000000152e-05,-1.000000000000000082e-05,0.000000000000000000e+00,0.000000000000000000e+00
6.000000000000000152e-05,-1.000000000000000082e-05,0.000000000000000000e+00,0.000000000000000000e+00
-1.000000000000000048e-04,-3.000000000000000076e-05,1.499067372534328016e-03,0.000000000000000000e+00
-1.000000000000000048e-04,-3.000000000000000076e-05,1.499067372534328016e-03,0.000000000000000000e+00
6.000000000000000152e-05,-2.000000000000000164e-05,-1.140787218654472877e-06,0.000000000000000000e+00
6.000000000000000152e-05,-2.000000000000000164e-05,-1.140787218654472877e-06,0.000000000000000000e+00
-6.999999999999999387e-05,4.000000000000000327e-05,1.251511777237745158e-03,0.000000000000000000e+00
-2.200000000000000078e-04,6.000000000000000152e-05,1.734097969005914119e-03,0.000000000000000000e+00
-2.300000000000000070e-04,6.000000000000000152e-05,1.766392358294324207e-03,0.000000000000000000e+00
-9.200000000000000278e-04,1.100000000000000039e-04,-2.920622711607354094e-04,0.000000000000000000e+00
-9.700000000000000505e-04,1.100000000000000039e-04,-4.804764421026922090e-04,0.000000000000000000e+00
7.699999999999999597e-04,-1.399999999999999877e-04,1.646862645273681081e-03,0.000000000000000000e+00
7.699999999999999597e-04,-1.399999999999999877e-04,1.646862645273681081e-03,0.000000000000000000e+00
5.900000000000000296e-04,-2.000000000000000096e-04,1.954205070466414045e-03,0.000000000000000000e+00
1.800000000000000113e-04,-0.000000000000000000e+00,1.502046891506096313e-03,0.000000000000000000e+00
1.800000000000000113e-04,-0.000000000000000000e+00,1.502046891506096313e-03,0.000000000000000000e+00
6.099999999999999737e-04,-2.000000000000000164e-05,1.631430776219594796e-03,0.000000000000000000e+00
6.499999999999999702e-04,-3.000000000000000076e-05,1.648387457480173391e-03,0.000000000000000000e+00
6.499999999999999702e-04,-3.000000000000000076e-05,1.648387457480173391e-03,0.000000000000000000e+00
6.400000000000000524e-04,-9.000000000000000567e-05,1.740225687688382343e-03,0.000000000000000000e+00
6.400000000000000524e-04,-9.000000000000000567e-05,1.740225687688382343e-03,0.000000000000000000e+00
4.879999999999999789e-03,1.700000000000000122e-04,1.587934678089542246e-03,0.000000000000000000e+00
4.879999999999999789e-03,1.700000000000000122e-04,1.587934678089542246e-03,0.000000000000000000e+00
8.920000000000000845e-03,6.499999999999999702e-04,2.578937341945880361e-03,0.000000000000000000e+00
9.289999999999999647e-03,6.999999999999999929e-04,2.676665511731585873e-03,0.000000000000000000e+00
1.609999999999999973e-02,5.900000000000000296e-04,2.668221727158415213e-03,0.000000000000000000e+00
2.639999999999999986e-02,5.000000000000000104e-04,2.876385776494401296e-03,0.000000000000000000e+00
2.639999999999999986e-02,5.000000000000000104e-04,2.876385776494401296e-03,0.000000000000000000e+00
3.456999999999999656e-02,7.799999999999999859e-04,2.361426599351840530e-03,0.000000000000000000e+00
3.456999999999999656e-02,7.799999999999999859e-04,2.361426599351840530e-03,0.000000000000000000e+00
3.529999999999999805e-02,8.099999999999999561e-04,2.307626377687154243e-03,0.000000000000000000e+00
5.652000000000000079e-02,9.300000000000000541e-04,2.295753134948056405e-03,0.000000000000000000e+00
5.652000000000000079e-02,9.300000000000000541e-04,2.295753134948056405e-03,0.000000000000000000e+00
6.963999999999999357e-02,9.600000000000000243e-04,6.448910493835573535e-03,0.000000000000000000e+00
7.102999999999999592e-02,9.700000000000000505e-04,6.913858220962698815e-03,0.000000000000000000e+00
8.468000000000000527e-02,-1.200000000000000030e-04,8.693709381581661219e-03,0.000000000000000000e+00
9.882000000000000506e-02,-6.599999999999999964e-04,6.706938076840461907e-03,0.000000000000000000e+00
9.882000000000000506e-02,-6.599999999999999964e-04,6.706938076840461907e-03,0.000000000000000000e+00
1.129499999999999948e-01,-6.700000000000000226e-04,3.613644454940268674e-03,0.000000000000000000e+00
1.140999999999999931e-01,-6.599999999999999964e-04,3.353768164125376511e-03,0.000000000000000000e+00
1.292200000000000015e-01,-8.300000000000000086e-04,3.458111194912341299e-03,0.000000000000000000e+00
1.306100000000000039e-01,-8.499999999999999526e-04,3.470784913761435636e-03,0.000000000000000000e+00
1.445500000000000118e-01,-8.999999999999999754e-04,3.313946633222298287e-03,0.000000000000000000e+00
1.445500000000000118e-01,-8.999999999999999754e-04,3.313946633222298287e-03,0.000000000000000000e+00
1.459199999999999942e-01,-9.100000000000000016e-04,3.299182431905235864e-03,0.000000000000000000e+00
1.748399999999999954e-01,-7.299999999999999632e-04,2.740454418614148360e-03,0.000000000000000000e+00
1.764300000000000035e-01,-7.600000000000000418e-04,2.817749842014038823e-03,0.000000000000000000e+00
1.879800000000000082e-01,-4.000000000000000192e-04,1.846158969554301732e-03,0.000000000000000000e+00
2.049900000000000055e-01,-3.899999999999999929e-04,3.484497108347897089e-04,0.000000000000000000e+00
2.049900000000000055e-01,-3.899999999999999929e-04,3.484497108347897089e-04,0.000000000000000000e+00
2.239899999999999947e-01,-8.899999999999999491e-04,-1.067171806023028925e-03,0.000000000000000000e+00
2.256100000000000050e-01,-9.300000000000000541e-04,-1.184338633442827112e-03,0.000000000000000000e+00
2.340000000000000135e-01,1.100000000000000039e-04,2.125778571742900462e-03,0.000000000000000000e+00
2.515999999999999903e-01,2.300000000000000070e-04,2.662978105068734835e-03,0.000000000000000000e+00
2.515999999999999903e-01,2.300000000000000070e-04,2.662978105068734835e-03,0.000000000000000000e+00
2.701200000000000268e-01,1.800000000000000113e-04,1.283470936033627875e-03,0.000000000000000000e+00
2.701200000000000268e-01,1.800000000000000113e-04,1.283470936033627875e-03,0.000000000000000000e+00
2.956500000000000239e-01,1.219999999999999947e-03,2.014760660260710677e-03,0.000000000000000000e+00
3.098099999999999743e-01,1.000000000000000021e-03,3.205706649031745022e-03,0.000000000000000000e+00
3.098099999999999743e-01,1.000000000000000021e-03,3.205706649031745022e-03,0.000000000000000000e+00
3.295399999999999996e-01,2.700000000000000035e-04,1.048300877552176382e-03,0.000000000000000000e+00
3.295399999999999996e-01,2.700000000000000035e-04,1.048300877552176382e-03,0.000000000000000000e+00
3.419300000000000117e-01,5.000000000000000104e-04,-2.589166389304330476e-03,0.000000000000000000e+00
3.429699999999999971e-01,5.299999999999999807e-04,-2.925242741144191798e-03,0.000000000000000000e+00
3.588000000000000078e-01,2.500000000000000052e-04,-5.759781873053429306e-03,0.000000000000000000e+00
3.780200000000000227e-01,-3.499999999999999964e-04,-4.600511850433614859e-03,0.000000000000000000e+00
3.780200000000000227e-01,-3.499999999999999964e-04,-4.600511850433614859e-03,0.000000000000000000e+00
3.935199999999999809e-01,-1.900000000000000105e-04,-4.229297400972955277e-03,0.000000000000000000e+00
3.948599999999999888e-01,-1.700000000000000122e-04,-4.207087125800115963e-03,0.000000000000000000e+00
4.087500000000000022e-01,-2.500000000000000052e-04,-9.391506824054411066e-04,0.000000000000000000e+00
4.240099999999999980e-01,-1.800000000000000113e-04,-2.838466529239484261e-03,0.000000000000000000e+00
4.240099999999999980e-01,-1.800000000000000113e-04,-2.838466529239484261e-03,0.000000000000000000e+00
4.397599999999999842e-01,-2.000000000000000164e-05,-3.722744365998132028e-03,0.000000000000000000e+00
4.411300000000000221e-01,-0.000000000000000000e+00,-3.784225077760795634e-03,0.000000000000000000e+00
4.573699999999999988e-01,-1.600000000000000131e-04,-3.619802501408592686e-03,0.000000000000000000e+00
4.754300000000000193e-01,-1.000000000000000048e-04,-3.430119610470105593e-03,0.000000000000000000e+00
4.754300000000000193e-01,-1.000000000000000048e-04,-3.430119610470105593e-03,0.000000000000000000e+00
4.893100000000000227e-01,2.599999999999999772e-04,-9.407021345185605579e-03,0.000000000000000000e+00
4.893100000000000227e-01,2.599999999999999772e-04,-9.407021345185605579e-03,0.000000000000000000e+00
5.051900000000000279e-01,1.100000000000000039e-04,-7.056313803844627836e-03,0.000000000000000000e+00
5.051900000000000279e-01,1.100000000000000039e-04,-7.056313803844627836e-03,0.000000000000000000e+00
5.210900000000000531e-01,-5.500000000000000331e-04,-7.580433280731997681e-03,0.000000000000000000e+00
5.210900000000000531e-01,-5.500000000000000331e-04,-7.580433280731997681e-03,0.000000000000000000e+00
5.394799999999999596e-01,-1.059999999999999961e-03,-7.800895334495398792e-03,0.000000000000000000e+00
5.410399999999999654e-01,-1.110000000000000092e-03,-7.812992054124114419e-03,0.000000000000000000e+00
5.605799999999999672e-01,-2.680000000000000090e-03,-9.587385991075057443e-03,0.000000000000000000e+00
5.750199999999999756e-01,-2.850000000000000103e-03,-8.140828258625195171e-03,0.000000000000000000e+00
5.750199999999999756e-01,-2.850000000000000103e-03,-8.140828258625195171e-03,0.000000000000000000e+00
5.912300000000000333e-01,-2.890000000000000208e-03,-8.749133784304072292e-03,0.000000000000000000e+00
5.912300000000000333e-01,-2.890000000000000208e-03,-8.749133784304072292e-03,0.000000000000000000e+00
6.078000000000000069e-01,-3.020000000000000115e-03,-7.303729895113582338e-03,0.000000000000000000e+00
6.093699999999999672e-01,-3.030000000000000141e-03,-7.146628230428138731e-03,0.000000000000000000e+00
6.268599999999999728e-01,-3.690000000000000138e-03,-9.052648431360440368e-03,0.000000000000000000e+00
6.491599999999999593e-01,-2.769999999999999893e-03,-9.988100574374384616e-03,0.000000000000000000e+00
6.491599999999999593e-01,-2.769999999999999893e-03,-9.988100574374384616e-03,0.000000000000000000e+00
6.664600000000000524e-01,-2.540000000000000157e-03,-1.249031017666643768e-02,0.000000000000000000e+00
6.664600000000000524e-01,-2.540000000000000157e-03,-1.249031017666643768e-02,0.000000000000000000e+00
6.782899999999999485e-01,-2.190000000000000106e-03,-1.288367384761331981e-02,0.000000000000000000e+00
6.792599999999999749e-01,-2.160000000000000028e-03,-1.289824730707322432e-02,0.000000000000000000e+00
6.993300000000000072e-01,-2.700000000000000143e-03,-1.303823242797947854e-02,0.000000000000000000e+00
6.993300000000000072e-01,-2.700000000000000143e-03,-1.303823242797947854e-02,0.000000000000000000e+00
7.150300000000000544e-01,-2.670000000000000064e-03,-1.551812359937280138e-02,0.000000000000000000e+00
7.291800000000000503e-01,-2.909999999999999826e-03,-1.391182395246419977e-02,0.000000000000000000e+00
7.291800000000000503e-01,-2.909999999999999826e-03,-1.391182395246419977e-02,0.000000000000000000e+00
7.437700000000000422e-01,-3.069999999999999812e-03,-1.222821469259278461e-02,0.000000000000000000e+00
7.437700000000000422e-01,-3.069999999999999812e-03,-1.222821469259278461e-02,0.000000000000000000e+00
7.611099999999999532e-01,-3.739999999999999835e-03,-1.056078285171246738e-02,0.000000000000000000e+00
7.611099999999999532e-01,-3.739999999999999835e-03,-1.056078285171246738e-02,0.000000000000000000e+00
7.790799999999999947e-01,-4.579999999999999870e-03,-1.100991883918249481e-02,0.000000000000000000e+00
7.790799999999999947e-01,-4.579999999999999870e-03,-1.100991883918249481e-02,0.000000000000000000e+00
7.999300000000000299e-01,-6.309999999999999637e-03,-1.368019619497699152e-02,0.000000000000000000e+00
8.180600000000000094e-01,-6.720000000000000279e-03,-1.638809300375982173e-02,0.000000000000000000e+00
8.180600000000000094e-01,-6.720000000000000279e-03,-1.638809300375982173e-02,0.000000000000000000e+00
8.336099999999999621e-01,-6.649999999999999661e-03,-1.508957537520153915e-02,0.000000000000000000e+00
8.336099999999999621e-01,-6.649999999999999661e-03,-1.508957537520153915e-02,0.000000000000000000e+00
8.348499999999999810e-01,-6.629999999999999609e-03,-1.495089073296394962e-02,0.000000000000000000e+00
8.569700000000000095e-01,-7.649999999999999682e-03,-1.264026436120605987e-02,0.000000000000000000e+00
8.700999999999999845e-01,-7.919999999999999957e-03,-1.960773826511008275e-02,0.000000000000000000e+00
8.925199999999999800e-01,-6.870000000000000238e-03,-1.898444876227764130e-02,0.000000000000000000e+00
8.925199999999999800e-01,-6.870000000000000238e-03,-1.898444876227764130e-02,0.000000000000000000e+00
8.945199999999999818e-01,-6.769999999999999976e-03,-1.885273276600446177e-02,0.000000000000000000e+00
9.049199999999999466e-01,-6.689999999999999766e-03,-2.206156609772126631e-02,0.000000000000000000e+00
9.231899999999999551e-01,-7.219999999999999855e-03,-1.988904198597365655e-02,0.000000000000000000e+00
9.251599999999999824e-01,-7.289999999999999605e-03,-1.960315586421950557e-02,0.000000000000000000e+00
9.419999999999999485e-01,-7.749999999999999944e-03,-2.264599840509017373e-02,0.000000000000000000e+00
9.540199999999999791e-01,-7.849999999999999339e-03,-2.317097880175178481e-02,0.000000000000000000e+00
9.540199999999999791e-01,-7.849999999999999339e-03,-2.317097880175178481e-02,0.000000000000000000e+00
9.696299999999999919e-01,-7.960000000000000062e-03,-2.090621617649559422e-02,0.000000000000000000e+00
9.696299999999999919e-01,-7.960000000000000062e-03,-2.090621617649559422e-02,0.000000000000000000e+00
9.889400000000000412e-01,-9.239999999999999949e-03,-1.947470672437415576e-02,0.000000000000000000e+00
9.907700000000000395e-01,-9.360000000000000264e-03,-1.935048326924993997e-02,0.000000000000000000e+00
1.001649999999999929e+00,-1.013000000000000012e-02,-1.806956838178911187e-02,0.000000000000000000e+00
1.001649999999999929e+00,-1.013000000000000012e-02,-1.806956838178911187e-02,0.000000000000000000e+00
1.002809999999999979e+00,-1.021000000000000033e-02,-1.793277071599059733e-02,0.000000000000000000e+00
1.036510000000000042e+00,-1.118000000000000070e-02,-2.360739384108655886e-02,0.000000000000000000e+00
1.036510000000000042e+00,-1.118000000000000070e-02,-2.360739384108655886e-02,0.000000000000000000e+00
1.052319999999999922e+00,-1.149000000000000021e-02,-2.393961353399975608e-02,0.000000000000000000e+00
1.053730000000000055e+00,-1.152000000000000073e-02,-2.396740860984568691e-02,0.000000000000000000e+00
1.068340000000000067e+00,-1.196999999999999974e-02,-2.389054909843605495e-02,0.000000000000000000e+00
1.088349999999999929e+00,-1.264999999999999979e-02,-2.500569668308178298e-02,0.000000000000000000e+00
1.088349999999999929e+00,-1.264999999999999979e-02,-2.500569668308178298e-02,0.000000000000000000e+00
1.108800000000000008e+00,-1.342999999999999923e-02,-2.764590202571546793e-02,0.000000000000000000e+00
1.108800000000000008e+00,-1.342999999999999923e-02,-2.764590202571546793e-02,0.000000000000000000e+00
1.120949999999999891e+00,-1.335000000000000075e-02,-3.031917198190954912e-02,0.000000000000000000e+00
1.136649999999999938e+00,-1.374000000000000048e-02,-3.345690261451537278e-02,0.000000000000000000e+00
1.136649999999999938e+00,-1.374000000000000048e-02,-3.345690261451537278e-02,0.000000000000000000e+00
1.137920000000000043e+00,-1.378000000000000058e-02,-3.370945731924429589e-02,0.000000000000000000e+00
1.137920000000000043e+00,-1.378000000000000058e-02,-3.370945731924429589e-02,0.000000000000000000e+00
1.178739999999999899e+00,-1.626000000000000015e-02,-2.954033680832431064e-02,0.000000000000000000e+00
1.178739999999999899e+00,-1.626000000000000015e-02,-2.954033680832431064e-02,0.000000000000000000e+00
1.196320000000000050e+00,-1.719000000000000042e-02,-2.987570543730204420e-02,0.000000000000000000e+00
1.196320000000000050e+00,-1.719000000000000042e-02,-2.987570543730204420e-02,0.000000000000000000e+00
1.213799999999999990e+00,-1.803000000000000089e-02,-2.759410902061415830e-02,0.000000000000000000e+00
1.213799999999999990e+00,-1.803000000000000089e-02,-2.759410902061415830e-02,0.000000000000000000e+00
1.232320000000000082e+00,-1.767000000000000168e-02,-2.912201527984718125e-02,0.000000000000000000e+00
1.254280000000000062e+00,-1.851999999999999827e-02,-3.169028450905743421e-02,0.000000000000000000e+00
1.254280000000000062e+00,-1.851999999999999827e-02,-3.169028450905743421e-02,0.000000000000000000e+00
1.272029999999999994e+00,-1.932000000000000037e-02,-3.231529830999597258e-02,0.000000000000000000e+00
1.273349999999999982e+00,-1.938000000000000139e-02,-3.234901046492296567e-02,0.000000000000000000e+00
1.289120000000000044e+00,-1.985999999999999918e-02,-3.298781332675364275e-02,0.000000000000000000e+00
1.289120000000000044e+00,-1.985999999999999918e-02,-3.298781332675364275e-02,0.000000000000000000e+00
1.290650000000000075e+00,-1.991000000000000061e-02,-3.305023922743825782e-02,0.000000000000000000e+00
1.318580000000000085e+00,-2.078999999999999945e-02,-3.637929637675827582e-02,0.000000000000000000e+00
1.318580000000000085e+00,-2.078999999999999945e-02,-3.637929637675827582e-02,0.000000000000000000e+00
1.318580000000000085e+00,-2.078999999999999945e-02,-3.637929637675827582e-02,0.000000000000000000e+00
1.332289999999999974e+00,-2.121999999999999928e-02,-3.446732100501901513e-02,0.000000000000000000e+00
1.353499999999999925e+00,-2.206999999999999934e-02,-3.469835273368609974e-02,0.000000000000000000e+00
1.366370000000000084e+00,-2.219000000000000139e-02,-3.763280032772994138e-02,0.000000000000000000e+00
1.366370000000000084e+00,-2.219000000000000139e-02,-3.763280032772994138e-02,0.000000000000000000e+00
1.367220000000000102e+00,-2.220000000000000098e-02,-3.785055925344946864e-02,0.000000000000000000e+00
1.367220000000000102e+00,-2.220000000000000098e-02,-3.785055925344946864e-02,0.000000000000000000e+00
1.401810000000000000e+00,-2.335999999999999882e-02,-3.597142674269050017e-02,0.000000000000000000e+00
1.414819999999999967e+00,-2.359999999999999945e-02,-3.668755602172841385e-02,0.000000000000000000e+00
1.414819999999999967e+00,-2.359999999999999945e-02,-3.668755602172841385e-02,0.000000000000000000e+00
1.433060000000000000e+00,-2.445999999999999910e-02,-3.409591845156619005e-02,0.000000000000000000e+00
1.433060000000000000e+00,-2.445999999999999910e-02,-3.409591845156619005e-02,0.000000000000000000e+00
1.433060000000000000e+00,-2.445999999999999910e-02,-3.409591845156619005e-02,0.000000000000000000e+00
1.433060000000000000e+00,-2.445999999999999910e-02,-3.409591845156619005e-02,0.000000000000000000e+00
1.433060000000000000e+00,-2.445999999999999910e-02,-3.409591845156619005e-02,0.000000000000000000e+00
1.433060000000000000e+00,-2.445999999999999910e-02,-3.409591845156619005e-02,0.000000000000000000e+00
1.482199999999999962e+00,-2.777999999999999914e-02,-3.554202582370782210e-02,0.000000000000000000e+00
1.500639999999999974e+00,-2.801999999999999977e-02,-3.581333299921113378e-02,0.000000000000000000e+00
1.500639999999999974e+00,-2.801999999999999977e-02,-3.581333299921113378e-02,0.000000000000000000e+00
1.500639999999999974e+00,-2.801999999999999977e-02,-3.581333299921113378e-02,0.000000000000000000e+00
1.500639999999999974e+00,-2.801999999999999977e-02,-3.581333299921113378e-02,0.000000000000000000e+00
1.531199999999999894e+00,-2.917000000000000148e-02,-3.964730078739859415e-02,0.000000000000000000e+00
1.545430000000000081e+00,-2.954999999999999988e-02,-3.751633072354439158e-02,0.000000000000000000e+00
1.545430000000000081e+00,-2.954999999999999988e-02,-3.751633072354439158e-02,0.000000000000000000e+00
1.563879999999999937e+00,-3.022999999999999993e-02,-4.042813080402356263e-02,0.000000000000000000e+00
1.563879999999999937e+00,-3.022999999999999993e-02,-4.042813080402356263e-02,0.000000000000000000e+00
1.565120000000000067e+00,-3.028000000000000136e-02,-4.065177920907132175e-02,0.000000000000000000e+00
1.577749999999999986e+00,-3.036000000000000157e-02,-4.104984423259436938e-02,0.000000000000000000e+00
1.595590000000000064e+00,-3.097000000000000100e-02,-4.124174005819302574e-02,0.000000000000000000e+00
1.614719999999999933e+00,-3.178999999999999881e-02,-4.182454178840265546e-02,0.000000000000000000e+00
1.628270000000000106e+00,-3.205000000000000210e-02,-4.205603803521552192e-02,0.000000000000000000e+00
1.628270000000000106e+00,-3.205000000000000210e-02,-4.205603803521552192e-02,0.000000000000000000e+00
1.648109999999999964e+00,-3.282000000000000195e-02,-3.985289388137620847e-02,0.000000000000000000e+00
1.648109999999999964e+00,-3.282000000000000195e-02,-3.985289388137620847e-02,0.000000000000000000e+00
1.661559999999999926e+00,-3.334999999999999770e-02,-3.992548353113799242e-02,0.000000000000000000e+00
1.675429999999999975e+00,-3.427999999999999797e-02,-3.815496114306041187e-02,0.000000000000000000e+00
1.675429999999999975e+00,-3.427999999999999797e-02,-3.815496114306041187e-02,0.000000000000000000e+00
1.694700000000000095e+00,-3.572000000000000175e-02,-3.858310650278445886e-02,0.000000000000000000e+00
1.694700000000000095e+00,-3.572000000000000175e-02,-3.858310650278445886e-02,0.000000000000000000e+00
1.714709999999999956e+00,-3.674999999999999795e-02,-4.181692122882552792e-02,0.000000000000000000e+00
1.716120000000000090e+00,-3.683000000000000163e-02,-4.206110141431446126e-02,0.000000000000000000e+00
1.722050000000000081e+00,-3.688999999999999918e-02,-4.231038457254091001e-02,0.000000000000000000e+00
1.722050000000000081e+00,-3.688999999999999918e-02,-4.231038457254091001e-02,0.000000000000000000e+00
1.754199999999999982e+00,-3.930999999999999772e-02,-4.573889871013102348e-02,0.000000000000000000e+00
1.770019999999999927e+00,-4.016000000000000125e-02,-4.343871459042847327e-02,0.000000000000000000e+00
1.770019999999999927e+00,-4.016000000000000125e-02,-4.343871459042847327e-02,0.000000000000000000e+00
1.790180000000000105e+00,-4.114999999999999908e-02,-4.371823236107020422e-02,0.000000000000000000e+00
1.803739999999999899e+00,-4.184999999999999831e-02,-4.744463230592503578e-02,0.000000000000000000e+00
1.803739999999999899e+00,-4.184999999999999831e-02,-4.744463230592503578e-02,0.000000000000000000e+00
1.816640000000000033e+00,-4.197000000000000036e-02,-5.073161404875312780e-02,0.000000000000000000e+00
1.816640000000000033e+00,-4.197000000000000036e-02,-5.073161404875312780e-02,0.000000000000000000e+00
1.838319999999999954e+00,-4.304999999999999799e-02,-4.861646567341172676e-02,0.000000000000000000e+00
1.839739999999999931e+00,-4.311000000000000248e-02,-4.845472018630600508e-02,0.000000000000000000e+00
1.852510000000000101e+00,-4.372999999999999804e-02,-4.874931749768872391e-02,0.000000000000000000e+00
1.859529999999999905e+00,-4.399000000000000132e-02,-4.652563966524084910e-02,0.000000000000000000e+00
1.859529999999999905e+00,-4.399000000000000132e-02,-4.652563966524084910e-02,0.000000000000000000e+00
1.880309999999999926e+00,-4.501000000000000140e-02,-4.682987182984013619e-02,0.000000000000000000e+00
1.881860000000000088e+00,-4.508999999999999814e-02,-4.687019417531946425e-02,0.000000000000000000e+00
1.900239999999999929e+00,-4.660999999999999865e-02,-5.009060484986717354e-02,0.000000000000000000e+00
1.914369999999999905e+00,-4.800999999999999712e-02,-5.042977141959086029e-02,0.000000000000000000e+00
1.914369999999999905e+00,-4.800999999999999712e-02,-5.042977141959086029e-02,0.000000000000000000e+00
1.919259999999999966e+00,-4.834999999999999715e-02,-5.151893121478767767e-02,0.000000000000000000e+00
1.919599999999999973e+00,-4.837000000000000327e-02,-5.161527467977343464e-02,0.000000000000000000e+00
1.938330000000000108e+00,-4.952999999999999764e-02,-5.146135148722971731e-02,0.000000000000000000e+00
1.939759999999999929e+00,-4.961999999999999744e-02,-5.144961319454512128e-02,0.000000000000000000e+00
1.931259999999999977e+00,-4.846999999999999920e-02,-5.233377128763586766e-02,0.000000000000000000e+00
1.947519999999999918e+00,-4.952999999999999764e-02,-5.239572667028043890e-02,0.000000000000000000e+00
1.947519999999999918e+00,-4.952999999999999764e-02,-5.239572667028043890e-02,0.000000000000000000e+00
1.958690000000000042e+00,-5.016000000000000320e-02,-5.272741049369461530e-02,0.000000000000000000e+00
1.960909999999999931e+00,-5.032999999999999974e-02,-5.560363053138346612e-02,0.000000000000000000e+00
1.960909999999999931e+00,-5.032999999999999974e-02,-5.560363053138346612e-02,0.000000000000000000e+00
1.963189999999999991e+00,-5.038999999999999729e-02,-5.332065332596815088e-02,0.000000000000000000e+00
1.963189999999999991e+00,-5.038999999999999729e-02,-5.332065332596815088e-02,0.000000000000000000e+00
1.963859999999999939e+00,-5.027000000000000218e-02,-5.622873562470472736e-02,0.000000000000000000e+00
1.973230000000000040e+00,-5.079999999999999793e-02,-5.326547579712794661e-02,0.000000000000000000e+00
1.973230000000000040e+00,-5.079999999999999793e-02,-5.326547579712794661e-02,0.000000000000000000e+00
1.975279999999999925e+00,-5.129999999999999838e-02,-5.054950198976806974e-02,0.000000000000000000e+00
1.975279999999999925e+00,-5.129999999999999838e-02,-5.054950198976806974e-02,0.000000000000000000e+00
1.974979999999999958e+00,-5.106999999999999734e-02,-5.312244042979604591e-02,0.000000000000000000e+00
1.974979999999999958e+00,-5.106999999999999734e-02,-5.312244042979604591e-02,0.000000000000000000e+00
1.967319999999999958e+00,-5.068000000000000282e-02,-5.312583348723446536e-02,0.000000000000000000e+00
1.967319999999999958e+00,-5.068000000000000282e-02,-5.312583348723446536e-02,0.000000000000000000e+00
1.967319999999999958e+00,-5.068000000000000282e-02,-5.312583348723446536e-02,0.000000000000000000e+00
1.974390000000000089e+00,-5.113000000000000184e-02,-5.341112098662561397e-02,0.000000000000000000e+00
1.974390000000000089e+00,-5.113000000000000184e-02,-5.341112098662561397e-02,0.000000000000000000e+00
1.967249999999999943e+00,-5.045000000000000179e-02,-5.340925188187499451e-02,0.000000000000000000e+00
1.973950000000000093e+00,-5.074000000000000038e-02,-5.299094661546797924e-02,0.000000000000000000e+00
1.973950000000000093e+00,-5.074000000000000038e-02,-5.299094661546797924e-02,0.000000000000000000e+00
1.974830000000000085e+00,-5.118999999999999939e-02,-5.313416691145551179e-02,0.000000000000000000e+00
1.974830000000000085e+00,-5.118999999999999939e-02,-5.313416691145551179e-02,0.000000000000000000e+00
1.967019999999999991e+00,-5.072000000000000119e-02,-5.345193247300990963e-02,0.000000000000000000e+00
1.966169999999999973e+00,-5.052999999999999853e-02,-5.369236133530023991e-02,0.000000000000000000e+00
1.966169999999999973e+00,-5.052999999999999853e-02,-5.369236133530023991e-02,0.000000000000000000e+00
1.973719999999999919e+00,-5.077999999999999875e-02,-5.302793879978755232e-02,0.000000000000000000e+00
1.973719999999999919e+00,-5.077999999999999875e-02,-5.302793879978755232e-02,0.000000000000000000e+00
1.967489999999999961e+00,-5.050000000000000322e-02,-5.044592120628460519e-02,0.000000000000000000e+00
1.967489999999999961e+00,-5.050000000000000322e-02,-5.044592120628460519e-02,0.000000000000000000e+00
1.973950000000000093e+00,-5.102000000000000285e-02,-5.277480066031307177e-02,0.000000000000000000e+00
1.967689999999999939e+00,-5.079000000000000181e-02,-5.050918632268276004e-02,0.000000000000000000e+00
1.967689999999999939e+00,-5.079000000000000181e-02,-5.050918632268276004e-02,0.000000000000000000e+00
1.966329999999999911e+00,-5.068000000000000282e-02,-5.320692036084675308e-02,0.000000000000000000e+00
1.966329999999999911e+00,-5.068000000000000282e-02,-5.320692036084675308e-02,0.000000000000000000e+00
1.900000000000000105e-04,1.000000000000000082e-05,0.000000000000000000e+00,0.000000000000000000e+00
1.900000000000000105e-04,1.000000000000000082e-05,0.000000000000000000e+00,0.000000000000000000e+00
3.200000000000000262e-04,-1.000000000000000082e-05,-8.195732507649293105e-04,0.000000000000000000e+00
3.299999999999999982e-04,-1.000000000000000082e-05,-8.934406938803552030e-04,0.000000000000000000e+00
-2.500000000000000052e-04,6.999999999999999387e-05,-1.512126014015166553e-03,0.000000000000000000e+00
-2.599999999999999772e-04,6.999999999999999387e-05,-3.084327595216555286e-03,0.000000000000000000e+00
-2.599999999999999772e-04,6.999999999999999387e-05,-3.084327595216555286e-03,0.000000000000000000e+00
-6.599999999999999964e-04,9.000000000000000567e-05,-1.769777702924914395e-03,0.000000000000000000e+00
-6.599999999999999964e-04,9.000000000000000567e-05,-1.769777702924914395e-03,0.000000000000000000e+00
5.299999999999999807e-04,1.000000000000000082e-05,-1.344660025995914748e-03,0.000000000000000000e+00
6.300000000000000261e-04,-0.000000000000000000e+00,-1.321049193347888836e-03,0.000000000000000000e+00
-3.600000000000000227e-04,6.000000000000000152e-05,-1.543360382100194281e-03,0.000000000000000000e+00
7.100000000000000191e-04,-8.000000000000000654e-05,-1.230848920336673072e-03,0.000000000000000000e+00
7.100000000000000191e-04,-8.000000000000000654e-05,-1.230848920336673072e-03,0.000000000000000000e+00
-2.700000000000000035e-04,1.000000000000000048e-04,-3.117948459238237442e-03,0.000000000000000000e+00
-2.700000000000000035e-04,1.000000000000000048e-04,-3.117948459238237442e-03,0.000000000000000000e+00
2.599999999999999881e-03,-3.400000000000000244e-04,-4.819982229230020815e-03,0.000000000000000000e+00
1.003000000000000072e-02,-4.800000000000000122e-04,-4.502224727353354612e-03,0.000000000000000000e+00
1.003000000000000072e-02,-4.800000000000000122e-04,-4.502224727353354612e-03,0.000000000000000000e+00
1.410999999999999928e-02,2.000000000000000164e-05,-3.743410270893193260e-03,0.000000000000000000e+00
1.410999999999999928e-02,2.000000000000000164e-05,-3.743410270893193260e-03,0.000000000000000000e+00
1.410999999999999928e-02,2.000000000000000164e-05,-3.743410270893193260e-03,0.000000000000000000e+00
2.341999999999999985e-02,-4.400000000000000157e-04,-7.314672796598174070e-03,0.000000000000000000e+00
3.203999999999999904e-02,-5.400000000000000069e-04,-7.079668477061129214e-03,0.000000000000000000e+00
4.028000000000000330e-02,-3.299999999999999982e-04,-9.350969186296144084e-03,0.000000000000000000e+00
4.028000000000000330e-02,-3.299999999999999982e-04,-9.350969186296144084e-03,0.000000000000000000e+00
5.267999999999999766e-02,-7.699999999999999597e-04,-1.117488446308323793e-02,0.000000000000000000e+00
5.267999999999999766e-02,-7.699999999999999597e-04,-1.117488446308323793e-02,0.000000000000000000e+00
6.322999999999999454e-02,-7.799999999999999859e-04,-1.335254629330614659e-02,0.000000000000000000e+00
6.322999999999999454e-02,-7.799999999999999859e-04,-1.335254629330614659e-02,0.000000000000000000e+00
7.743999999999999495e-02,-1.030000000000000100e-03,-1.393909636218104015e-02,0.000000000000000000e+00
7.743999999999999495e-02,-1.030000000000000100e-03,-1.393909636218104015e-02,0.000000000000000000e+00
9.460999999999999965e-02,-1.680000000000000070e-03,-1.160318701439950334e-02,0.000000000000000000e+00
1.079600000000000004e-01,-1.649999999999999991e-03,-1.328634016922698377e-02,0.000000000000000000e+00
1.079600000000000004e-01,-1.649999999999999991e-03,-1.328634016922698377e-02,0.000000000000000000e+00
1.235600000000000032e-01,-1.840000000000000056e-03,-1.312506282210460125e-02,0.000000000000000000e+00
1.235600000000000032e-01,-1.840000000000000056e-03,-1.312506282210460125e-02,0.000000000000000000e+00
1.378999999999999948e-01,-2.010000000000000068e-03,-1.373322709536615137e-02,0.000000000000000000e+00
1.388000000000000067e-01,-2.020000000000000094e-03,-1.377957704047370023e-02,0.000000000000000000e+00
1.522399999999999864e-01,-2.269999999999999882e-03,-1.373777557078403357e-02,0.000000000000000000e+00
1.662299999999999889e-01,-2.220000000000000185e-03,-9.635359337227970833e-03,0.000000000000000000e+00
1.662299999999999889e-01,-2.220000000000000185e-03,-9.635359337227970833e-03,0.000000000000000000e+00
1.816399999999999959e-01,-3.119999999999999944e-03,-1.056711639593106017e-02,0.000000000000000000e+00
1.816399999999999959e-01,-3.119999999999999944e-03,-1.056711639593106017e-02,0.000000000000000000e+00
2.063899999999999901e-01,-2.350000000000000092e-03,-1.516092733321962316e-02,0.000000000000000000e+00
2.082100000000000062e-01,-2.289999999999999935e-03,-1.550769109772731635e-02,0.000000000000000000e+00
2.212600000000000122e-01,-2.370000000000000145e-03,-1.308669615274492964e-02,0.000000000000000000e+00
2.374999999999999889e-01,-2.830000000000000050e-03,-1.378324751246348158e-02,0.000000000000000000e+00
2.374999999999999889e-01,-2.830000000000000050e-03,-1.378324751246348158e-02,0.000000000000000000e+00
2.562200000000000033e-01,-3.360000000000000139e-03,-1.294208834644022116e-02,0.000000000000000000e+00
2.579199999999999826e-01,-3.399999999999999811e-03,-1.286277760280209181e-02,0.000000000000000000e+00
2.694799999999999973e-01,-3.350000000000000113e-03,-1.371795682032742741e-02,0.000000000000000000e+00
2.858299999999999730e-01,-3.700000000000000164e-03,-1.727440513845083375e-02,0.000000000000000000e+00
2.858299999999999730e-01,-3.700000000000000164e-03,-1.727440513845083375e-02,0.000000000000000000e+00
3.045300000000000229e-01,-4.100000000000000346e-03,-2.331479302449976365e-02,0.000000000000000000e+00
3.045300000000000229e-01,-4.100000000000000346e-03,-2.331479302449976365e-02,0.000000000000000000e+00
3.057599999999999763e-01,-4.139999999999999583e-03,-2.372178218027269636e-02,0.000000000000000000e+00
3.208300000000000041e-01,-4.139999999999999583e-03,-2.416143223253899158e-02,0.000000000000000000e+00
3.363900000000000223e-01,-4.329999999999999648e-03,-2.427436166282413016e-02,0.000000000000000000e+00
3.363900000000000223e-01,-4.329999999999999648e-03,-2.427436166282413016e-02,0.000000000000000000e+00
3.518299999999999761e-01,-4.230000000000000253e-03,-2.493072522527532350e-02,0.000000000000000000e+00
3.531099999999999794e-01,-4.219999999999999793e-03,-2.499109639384182804e-02,0.000000000000000000e+00
3.672799999999999954e-01,-4.499999999999999660e-03,-2.361266345536737823e-02,0.000000000000000000e+00
3.827800000000000091e-01,-4.760000000000000342e-03,-2.068869938906109027e-02,0.000000000000000000e+00
4.020400000000000085e-01,-5.689999999999999745e-03,-1.839687819159991494e-02,0.000000000000000000e+00
4.020400000000000085e-01,-5.689999999999999745e-03,-1.839687819159991494e-02,0.000000000000000000e+00
4.020400000000000085e-01,-5.689999999999999745e-03,-1.839687819159991494e-02,0.000000000000000000e+00
4.020400000000000085e-01,-5.689999999999999745e-03,-1.839687819159991494e-02,0.000000000000000000e+00
4.020400000000000085e-01,-5.689999999999999745e-03,-1.839687819159991494e-02,0.000000000000000000e+00
4.020400000000000085e-01,-5.689999999999999745e-03,-1.839687819159991494e-02,0.000000000000000000e+00
4.034599999999999853e-01,-5.760000000000000363e-03,-1.823664680389850204e-02,0.000000000000000000e+00
4.034599999999999853e-01,-5.760000000000000363e-03,-1.823664680389850204e-02,0.000000000000000000e+00
4.034599999999999853e-01,-5.760000000000000363e-03,-1.823664680389850204e-02,0.000000000000000000e+00
4.034599999999999853e-01,-5.760000000000000363e-03,-1.823664680389850204e-02,0.000000000000000000e+00
4.958500000000000130e-01,-8.529999999999999388e-03,-2.638098491506736878e-02,0.000000000000000000e+00
4.958500000000000130e-01,-8.529999999999999388e-03,-2.638098491506736878e-02,0.000000000000000000e+00
5.115300000000000402e-01,-9.029999999999999832e-03,-2.908550459372818281e-02,0.000000000000000000e+00
5.115300000000000402e-01,-9.029999999999999832e-03,-2.908550459372818281e-02,0.000000000000000000e+00
5.275699999999999834e-01,-9.329999999999999752e-03,-3.179288645559057852e-02,0.000000000000000000e+00
5.275699999999999834e-01,-9.329999999999999752e-03,-3.179288645559057852e-02,0.000000000000000000e+00
5.287699999999999623e-01,-9.350000000000000672e-03,-3.199486677827120817e-02,0.000000000000000000e+00
5.596700000000000008e-01,-9.329999999999999752e-03,-3.232652991177974167e-02,0.000000000000000000e+00
5.596700000000000008e-01,-9.329999999999999752e-03,-3.232652991177974167e-02,0.000000000000000000e+00
5.765200000000000324e-01,-9.749999999999999986e-03,-2.897708479128548870e-02,0.000000000000000000e+00
5.778900000000000148e-01,-9.780000000000000498e-03,-2.867440812285647692e-02,0.000000000000000000e+00
5.927999999999999936e-01,-1.041000000000000085e-02,-2.698314597436100165e-02,0.000000000000000000e+00
5.927999999999999936e-01,-1.041000000000000085e-02,-2.698314597436100165e-02,0.000000000000000000e+00
5.941400000000000015e-01,-1.046000000000000055e-02,-2.683339806658423601e-02,0.000000000000000000e+00
5.941400000000000015e-01,-1.046000000000000055e-02,-2.683339806658423601e-02,0.000000000000000000e+00
6.230700000000000127e-01,-1.119000000000000029e-02,-2.396190460612339021e-02,0.000000000000000000e+00
6.370500000000000052e-01,-1.205999999999999954e-02,-2.656150518699555360e-02,0.000000000000000000e+00
6.382999999999999785e-01,-1.214999999999999934e-02,-2.684230643172750425e-02,0.000000000000000000e+00
6.536199999999999788e-01,-1.290000000000000001e-02,-2.721408446678137694e-02,0.000000000000000000e+00
6.536199999999999788e-01,-1.290000000000000001e-02,-2.721408446678137694e-02,0.000000000000000000e+00
6.536199999999999788e-01,-1.290000000000000001e-02,-2.721408446678137694e-02,0.000000000000000000e+00
6.536199999999999788e-01,-1.290000000000000001e-02,-2.721408446678137694e-02,0.000000000000000000e+00
6.536199999999999788e-01,-1.290000000000000001e-02,-2.721408446678137694e-02,0.000000000000000000e+00
6.536199999999999788e-01,-1.290000000000000001e-02,-2.721408446678137694e-02,0.000000000000000000e+00
6.536199999999999788e-01,-1.290000000000000001e-02,-2.721408446678137694e-02,0.000000000000000000e+00
6.536199999999999788e-01,-1.290000000000000001e-02,-2.721408446678137694e-02,0.000000000000000000e+00
6.536199999999999788e-01,-1.290000000000000001e-02,-2.721408446678137694e-02,0.000000000000000000e+00
6.536199999999999788e-01,-1.290000000000000001e-02,-2.721408446678137694e-02,0.000000000000000000e+00
7.563299999999999468e-01,-1.631000000000000158e-02,-3.653683805833626147e-02,0.000000000000000000e+00
7.744499999999999718e-01,-1.714999999999999858e-02,-3.561686381944344226e-02,0.000000000000000000e+00
7.744499999999999718e-01,-1.714999999999999858e-02,-3.561686381944344226e-02,0.000000000000000000e+00
7.744499999999999718e-01,-1.714999999999999858e-02,-3.561686381944344226e-02,0.000000000000000000e+00
7.758000000000000451e-01,-1.720999999999999960e-02,-3.552459894992491402e-02,0.000000000000000000e+00
7.758000000000000451e-01,-1.720999999999999960e-02,-3.552459894992491402e-02,0.000000000000000000e+00
8.257499999999999840e-01,-1.896000000000000116e-02,-3.194315308037441042e-02,0.000000000000000000e+00
8.257499999999999840e-01,-1.896000000000000116e-02,-3.194315308037441042e-02,0.000000000000000000e+00
8.410100000000000353e-01,-1.984999999999999959e-02,-3.309841104093598496e-02,0.000000000000000000e+00
8.410100000000000353e-01,-1.984999999999999959e-02,-3.309841104093598496e-02,0.000000000000000000e+00
8.666700000000000514e-01,-1.998000000000000123e-02,-3.451741579300200702e-02,0.000000000000000000e+00
8.666700000000000514e-01,-1.998000000000000123e-02,-3.451741579300200702e-02,0.000000000000000000e+00
8.824800000000000422e-01,-2.065000000000000169e-02,-3.507834554512787029e-02,0.000000000000000000e+00
8.972299999999999720e-01,-2.116000000000000172e-02,-3.579270347115120349e-02,0.000000000000000000e+00
8.972299999999999720e-01,-2.116000000000000172e-02,-3.579270347115120349e-02,0.000000000000000000e+00
9.158399999999999874e-01,-2.223999999999999935e-02,-3.656735499038041987e-02,0.000000000000000000e+00
9.158399999999999874e-01,-2.223999999999999935e-02,-3.656735499038041987e-02,0.000000000000000000e+00
9.275400000000000311e-01,-2.239999999999999977e-02,-3.954826856588661288e-02,0.000000000000000000e+00
9.285200000000000120e-01,-2.240999999999999936e-02,-3.982608667257046126e-02,0.000000000000000000e+00
9.462800000000000100e-01,-2.352999999999999883e-02,-3.771576725397480373e-02,0.000000000000000000e+00
9.617299999999999738e-01,-2.390000000000000110e-02,-4.225572889272326965e-02,0.000000000000000000e+00
9.617299999999999738e-01,-2.390000000000000110e-02,-4.225572889272326965e-02,0.000000000000000000e+00
9.805000000000000382e-01,-2.481999999999999831e-02,-4.361233354654891342e-02,0.000000000000000000e+00
9.805000000000000382e-01,-2.481999999999999831e-02,-4.361233354654891342e-02,0.000000000000000000e+00
9.959200000000000275e-01,-2.504999999999999935e-02,-4.610337771129628670e-02,0.000000000000000000e+00
9.959200000000000275e-01,-2.504999999999999935e-02,-4.610337771129628670e-02,0.000000000000000000e+00
1.012189999999999923e+00,-2.537000000000000019e-02,-4.481877098222331740e-02,0.000000000000000000e+00
1.027349999999999985e+00,-2.622000000000000025e-02,-4.268190566981916456e-02,0.000000000000000000e+00
1.027349999999999985e+00,-2.622000000000000025e-02,-4.268190566981916456e-02,0.000000000000000000e+00
1.044049999999999923e+00,-2.691999999999999948e-02,-4.248103551041654269e-02,0.000000000000000000e+00
1.044049999999999923e+00,-2.691999999999999948e-02,-4.248103551041654269e-02,0.000000000000000000e+00
1.063779999999999948e+00,-2.774000000000000077e-02,-4.343414432805216968e-02,0.000000000000000000e+00
1.065260000000000096e+00,-2.779999999999999832e-02,-4.350899875205038736e-02,0.000000000000000000e+00
1.080009999999999915e+00,-2.870999999999999941e-02,-4.420766625158974866e-02,0.000000000000000000e+00
1.096070000000000100e+00,-3.013000000000000053e-02,-4.488182841948625684e-02,0.000000000000000000e+00
1.096070000000000100e+00,-3.013000000000000053e-02,-4.488182841948625684e-02,0.000000000000000000e+00
1.108219999999999983e+00,-3.083999999999999936e-02,-4.587031018210905448e-02,0.000000000000000000e+00
1.108219999999999983e+00,-3.083999999999999936e-02,-4.587031018210905448e-02,0.000000000000000000e+00
1.140430000000000055e+00,-3.359000000000000180e-02,-4.652017545590279857e-02,0.000000000000000000e+00
1.140430000000000055e+00,-3.359000000000000180e-02,-4.652017545590279857e-02,0.000000000000000000e+00
1.155040000000000067e+00,-3.440000000000000002e-02,-4.643941260499413054e-02,0.000000000000000000e+00
1.155040000000000067e+00,-3.440000000000000002e-02,-4.643941260499413054e-02,0.000000000000000000e+00
1.171049999999999924e+00,-3.567000000000000032e-02,-4.733168841812887551e-02,0.000000000000000000e+00
1.187259999999999982e+00,-3.663000000000000284e-02,-5.028351423234827394e-02,0.000000000000000000e+00
1.187259999999999982e+00,-3.663000000000000284e-02,-5.028351423234827394e-02,0.000000000000000000e+00
1.203929999999999945e+00,-3.688000000000000306e-02,-5.102876041147726832e-02,0.000000000000000000e+00
1.203929999999999945e+00,-3.688000000000000306e-02,-5.102876041147726832e-02,0.000000000000000000e+00
1.221030000000000060e+00,-3.728999999999999676e-02,-5.151986007457962091e-02,0.000000000000000000e+00
1.239489999999999981e+00,-3.681999999999999856e-02,-5.234915292817390875e-02,0.000000000000000000e+00
1.239489999999999981e+00,-3.681999999999999856e-02,-5.234915292817390875e-02,0.000000000000000000e+00
1.261609999999999898e+00,-3.808000000000000274e-02,-5.281832642129329763e-02,0.000000000000000000e+00
1.261609999999999898e+00,-3.808000000000000274e-02,-5.281832642129329763e-02,0.000000000000000000e+00
1.274890000000000079e+00,-3.844999999999999807e-02,-5.103734423481749716e-02,0.000000000000000000e+00
1.276010000000000089e+00,-3.848000000000000032e-02,-5.085741591095908898e-02,0.000000000000000000e+00
1.291900000000000048e+00,-3.928000000000000241e-02,-5.130022102108248994e-02,0.000000000000000000e+00
1.314689999999999914e+00,-4.096000000000000335e-02,-4.969393021636907964e-02,0.000000000000000000e+00
1.314689999999999914e+00,-4.096000000000000335e-02,-4.969393021636907964e-02,0.000000000000000000e+00
1.322300000000000031e+00,-4.173000000000000320e-02,-5.267028672355610064e-02,0.000000000000000000e+00
1.322300000000000031e+00,-4.173000000000000320e-02,-5.267028672355610064e-02,0.000000000000000000e+00
1.343490000000000073e+00,-4.345999999999999863e-02,-5.108610616211476524e-02,0.000000000000000000e+00
1.343490000000000073e+00,-4.345999999999999863e-02,-5.108610616211476524e-02,0.000000000000000000e+00
1.357520000000000060e+00,-4.431999999999999829e-02,-5.172439916381091352e-02,0.000000000000000000e+00
1.357520000000000060e+00,-4.431999999999999829e-02,-5.172439916381091352e-02,0.000000000000000000e+00
1.357520000000000060e+00,-4.431999999999999829e-02,-5.172439916381091352e-02,0.000000000000000000e+00
1.392859999999999987e+00,-4.606999999999999984e-02,-5.234788438771827146e-02,0.000000000000000000e+00
1.392859999999999987e+00,-4.606999999999999984e-02,-5.234788438771827146e-02,0.000000000000000000e+00
1.415629999999999944e+00,-4.846999999999999920e-02,-5.534250411670842140e-02,0.000000000000000000e+00
1.415629999999999944e+00,-4.846999999999999920e-02,-5.534250411670842140e-02,0.000000000000000000e+00
1.433750000000000080e+00,-4.918999999999999762e-02,-5.910187192285945579e-02,0.000000000000000000e+00
1.435259999999999980e+00,-4.923999999999999905e-02,-5.942847584318214360e-02,0.000000000000000000e+00
1.447100000000000053e+00,-4.923000000000000292e-02,-5.697253608962892651e-02,0.000000000000000000e+00
1.470239999999999991e+00,-5.061999999999999833e-02,-5.680147776535381804e-02,0.000000000000000000e+00
1.470239999999999991e+00,-5.061999999999999833e-02,-5.680147776535381804e-02,0.000000000000000000e+00
1.483910000000000062e+00,-5.140000000000000124e-02,-5.743823061015859016e-02,0.000000000000000000e+00
1.483910000000000062e+00,-5.140000000000000124e-02,-5.743823061015859016e-02,0.000000000000000000e+00
1.502879999999999994e+00,-5.118000000000000327e-02,-5.551724361382305573e-02,0.000000000000000000e+00
1.504539999999999988e+00,-5.115000000000000102e-02,-5.533473621378704604e-02,0.000000000000000000e+00
1.521889999999999965e+00,-5.220000000000000334e-02,-5.617744878853092594e-02,0.000000000000000000e+00
1.535150000000000015e+00,-5.299999999999999850e-02,-5.689038438089312477e-02,0.000000000000000000e+00
1.535150000000000015e+00,-5.299999999999999850e-02,-5.689038438089312477e-02,0.000000000000000000e+00
1.553879999999999928e+00,-5.478000000000000230e-02,-5.499020533186033816e-02,0.000000000000000000e+00
1.553879999999999928e+00,-5.478000000000000230e-02,-5.499020533186033816e-02,0.000000000000000000e+00
1.566999999999999948e+00,-5.571999999999999870e-02,-5.544123284053730644e-02,0.000000000000000000e+00
1.568100000000000049e+00,-5.578999999999999931e-02,-5.550484572837451058e-02,0.000000000000000000e+00
1.585460000000000091e+00,-5.668999999999999734e-02,-5.888970538065606969e-02,0.000000000000000000e+00
1.598959999999999937e+00,-5.725000000000000228e-02,-5.943935340929586142e-02,0.000000000000000000e+00
1.598959999999999937e+00,-5.725000000000000228e-02,-5.943935340929586142e-02,0.000000000000000000e+00
1.624069999999999903e+00,-5.881000000000000116e-02,-5.695405334663011104e-02,0.000000000000000000e+00
1.624069999999999903e+00,-5.881000000000000116e-02,-5.695405334663011104e-02,0.000000000000000000e+00
1.644009999999999971e+00,-6.015999999999999820e-02,-5.982409002820847366e-02,0.000000000000000000e+00
1.645869999999999944e+00,-6.029000000000000331e-02,-6.015752653030218000e-02,0.000000000000000000e+00
1.651499999999999968e+00,-6.058999999999999803e-02,-6.116793931130001111e-02,0.000000000000000000e+00
1.652009999999999978e+00,-6.060999999999999721e-02,-6.125975942898839732e-02,0.000000000000000000e+00
1.669300000000000006e+00,-6.117999999999999827e-02,-6.668031483877309706e-02,0.000000000000000000e+00
1.683249999999999913e+00,-6.167000000000000259e-02,-6.508384186848184538e-02,0.000000000000000000e+00
1.683249999999999913e+00,-6.167000000000000259e-02,-6.508384186848184538e-02,0.000000000000000000e+00
1.702879999999999949e+00,-6.264999999999999736e-02,-6.503398993322571930e-02,0.000000000000000000e+00
1.704800000000000093e+00,-6.275000000000000022e-02,-6.505174303507262057e-02,0.000000000000000000e+00
1.710979999999999945e+00,-6.329999999999999516e-02,-6.276355224417921874e-02,0.000000000000000000e+00
1.730240000000000000e+00,-6.432999999999999829e-02,-6.340958136839466852e-02,0.000000000000000000e+00
1.730240000000000000e+00,-6.432999999999999829e-02,-6.340958136839466852e-02,0.000000000000000000e+00
1.750690000000000079e+00,-6.625000000000000333e-02,-6.420714814036208862e-02,0.000000000000000000e+00
1.752559999999999896e+00,-6.643000000000000294e-02,-6.427846082458406329e-02,0.000000000000000000e+00
1.764960000000000084e+00,-6.716999999999999360e-02,-6.484382139090330566e-02,0.000000000000000000e+00
1.778929999999999900e+00,-6.920999999999999375e-02,-6.315804612309694477e-02,0.000000000000000000e+00
1.778929999999999900e+00,-6.920999999999999375e-02,-6.315804612309694477e-02,0.000000000000000000e+00
1.805530000000000079e+00,-7.091999999999999693e-02,-6.577093326554644959e-02,0.000000000000000000e+00
1.805530000000000079e+00,-7.091999999999999693e-02,-6.577093326554644959e-02,0.000000000000000000e+00
1.814109999999999889e+00,-7.141000000000000125e-02,-6.471486620385125121e-02,0.000000000000000000e+00
1.847790000000000044e+00,-7.496999999999999498e-02,-6.743057904520864676e-02,0.000000000000000000e+00
1.847790000000000044e+00,-7.496999999999999498e-02,-6.743057904520864676e-02,0.000000000000000000e+00
1.851010000000000044e+00,-7.532999999999999419e-02,-6.770152417633881758e-02,0.000000000000000000e+00
1.863089999999999913e+00,-7.632999999999999508e-02,-7.122123948140111904e-02,0.000000000000000000e+00
1.876989999999999936e+00,-7.727000000000000535e-02,-7.217366261375506020e-02,0.000000000000000000e+00
1.878139999999999921e+00,-7.735000000000000209e-02,-7.222940657240847773e-02,0.000000000000000000e+00
1.890370000000000106e+00,-7.756000000000000394e-02,-7.280370098492464082e-02,0.000000000000000000e+00
1.890370000000000106e+00,-7.756000000000000394e-02,-7.280370098492464082e-02,0.000000000000000000e+00
1.903299999999999992e+00,-7.785000000000000253e-02,-7.274583733782154227e-02,0.000000000000000000e+00
1.916220000000000034e+00,-7.878000000000000280e-02,-6.976436409371283842e-02,0.000000000000000000e+00
1.917340000000000044e+00,-7.885999999999999954e-02,-6.948192653961483833e-02,0.000000000000000000e+00
1.927659999999999929e+00,-7.972999999999999532e-02,-7.388715605474582837e-02,0.000000000000000000e+00
1.928630000000000067e+00,-7.982000000000000206e-02,-7.429742487947947616e-02,0.000000000000000000e+00
1.938960000000000017e+00,-8.044999999999999374e-02,-7.384078823212955611e-02,0.000000000000000000e+00
1.943030000000000035e+00,-8.039999999999999925e-02,-7.407331364176480970e-02,0.000000000000000000e+00
1.943030000000000035e+00,-8.039999999999999925e-02,-7.407331364176480970e-02,0.000000000000000000e+00
1.946360000000000090e+00,-8.075000000000000233e-02,-7.195537810766247655e-02,0.000000000000000000e+00
1.946690000000000031e+00,-8.079000000000000070e-02,-7.172812280373265514e-02,0.000000000000000000e+00
1.956250000000000044e+00,-8.172000000000000097e-02,-7.179961106845805796e-02,0.000000000000000000e+00
1.957160000000000011e+00,-8.179999999999999771e-02,-7.180637255658628426e-02,0.000000000000000000e+00
1.959610000000000074e+00,-8.167000000000000648e-02,-7.417405077558943127e-02,0.000000000000000000e+00
1.968979999999999952e+00,-8.212999999999999468e-02,-7.194863954734431744e-02,0.000000000000000000e+00
1.968979999999999952e+00,-8.212999999999999468e-02,-7.194863954734431744e-02,0.000000000000000000e+00
1.970099999999999962e+00,-8.208000000000000018e-02,-7.448284692734755130e-02,0.000000000000000000e+00
1.970120000000000093e+00,-8.207000000000000406e-02,-7.477400021065681857e-02,0.000000000000000000e+00
1.971319999999999961e+00,-8.229000000000000203e-02,-7.198734225417241506e-02,0.000000000000000000e+00
1.970930000000000071e+00,-8.257000000000000450e-02,-7.452988448767973451e-02,0.000000000000000000e+00
1.970930000000000071e+00,-8.257000000000000450e-02,-7.452988448767973451e-02,0.000000000000000000e+00
1.970630000000000104e+00,-8.264000000000000512e-02,-7.525609186794941785e-02,0.000000000000000000e+00
1.970630000000000104e+00,-8.264000000000000512e-02,-7.525609186794941785e-02,0.000000000000000000e+00
1.970329999999999915e+00,-8.239000000000000490e-02,-7.487738440965038822e-02,0.000000000000000000e+00
1.962380000000000013e+00,-8.165000000000000036e-02,-7.486071787145291700e-02,0.000000000000000000e+00
1.962380000000000013e+00,-8.165000000000000036e-02,-7.486071787145291700e-02,0.000000000000000000e+00
1.969100000000000072e+00,-8.223999999999999366e-02,-7.474254715024621076e-02,0.000000000000000000e+00
1.969100000000000072e+00,-8.223999999999999366e-02,-7.474254715024621076e-02,0.000000000000000000e+00
1.969600000000000017e+00,-8.241999999999999327e-02,-7.485288908113170436e-02,0.000000000000000000e+00
1.970089999999999897e+00,-8.240999999999999714e-02,-7.485120014903549890e-02,0.000000000000000000e+00
1.970089999999999897e+00,-8.240999999999999714e-02,-7.485120014903549890e-02,0.000000000000000000e+00
1.963279999999999914e+00,-8.204000000000000181e-02,-7.202480355660169364e-02,0.000000000000000000e+00
1.963279999999999914e+00,-8.204000000000000181e-02,-7.202480355660169364e-02,0.000000000000000000e+00
1.962080000000000046e+00,-8.171000000000000485e-02,-7.452251442545813898e-02,0.000000000000000000e+00
1.962040000000000006e+00,-8.168999999999999873e-02,-7.477698629742882130e-02,0.000000000000000000e+00
1.961859999999999937e+00,-8.157000000000000361e-02,-7.484700795483496816e-02,0.000000000000000000e+00
1.969330000000000025e+00,-8.233999999999999653e-02,-7.521667813079410680e-02,0.000000000000000000e+00
1.969330000000000025e+00,-8.233999999999999653e-02,-7.521667813079410680e-02,0.000000000000000000e+00
1.962399999999999922e+00,-8.164000000000000423e-02,-7.489335881890110680e-02,0.000000000000000000e+00
1.961629999999999985e+00,-8.155999999999999361e-02,-7.485743591310096978e-02,0.000000000000000000e+00
1.969200000000000061e+00,-8.204999999999999793e-02,-7.479003096034973763e-02,0.000000000000000000e+00
1.963140000000000107e+00,-8.172000000000000097e-02,-7.158175936590049915e-02,0.000000000000000000e+00
1.963140000000000107e+00,-8.172000000000000097e-02,-7.158175936590049915e-02,0.000000000000000000e+00
1.969449999999999923e+00,-8.232000000000000428e-02,-7.453099929604083129e-02,0.000000000000000000e+00
1.969449999999999923e+00,-8.232000000000000428e-02,-7.453099929604083129e-02,0.000000000000000000e+00
1.970129999999999937e+00,-8.240999999999999714e-02,-7.484932030021615446e-02,0.000000000000000000e+00
1.970690000000000053e+00,-8.265999999999999737e-02,-7.203966439629504170e-02,0.000000000000000000e+00
1.970690000000000053e+00,-8.265999999999999737e-02,-7.203966439629504170e-02,0.000000000000000000e+00
1.970099999999999962e+00,-8.243000000000000327e-02,-7.495269902425377717e-02,0.000000000000000000e+00
1.970099999999999962e+00,-8.243000000000000327e-02,-7.495269902425377717e-02,0.000000000000000000e+00
1.962590000000000057e+00,-8.176999999999999547e-02,-7.482821321742133547e-02,0.000000000000000000e+00
1.962229999999999919e+00,-8.169999999999999485e-02,-7.194139768697761783e-02,0.000000000000000000e+00
1.399999999999999877e-04,-1.399999999999999877e-04,0.000000000000000000e+00,0.000000000000000000e+00
1.399999999999999877e-04,-1.399999999999999877e-04,0.000000000000000000e+00,0.000000000000000000e+00
8.000000000000000383e-04,-1.000000000000000048e-04,1.702792482609684702e-03,0.000000000000000000e+00
9.499999999999999981e-04,-2.000000000000000096e-04,1.720700013498996546e-03,0.000000000000000000e+00
9.499999999999999981e-04,-2.000000000000000096e-04,1.720700013498996546e-03,0.000000000000000000e+00
-1.592000000000000012e-02,2.789999999999999945e-03,4.292753934176443686e-02,0.000000000000000000e+00
-1.592000000000000012e-02,2.789999999999999945e-03,4.292753934176443686e-02,0.000000000000000000e+00
-5.900000000000000296e-04,2.400000000000000061e-04,5.055584006855323720e-02,0.000000000000000000e+00
-5.850000000000000165e-03,9.300000000000000541e-04,1.607199344765964386e-03,0.000000000000000000e+00
-1.641000000000000097e-02,2.809999999999999998e-03,4.445970508182937875e-02,0.000000000000000000e+00
-5.800000000000000034e-04,6.000000000000000152e-05,5.247157009474459621e-02,0.000000000000000000e+00
-7.009999999999999738e-03,1.199999999999999895e-03,1.705271278751171625e-03,0.000000000000000000e+00
-7.009999999999999738e-03,1.199999999999999895e-03,1.705271278751171625e-03,0.000000000000000000e+00
-9.000000000000000567e-05,-1.499999999999999869e-04,1.486455792929120391e-03,0.000000000000000000e+00
3.299999999999999982e-03,-1.900000000000000105e-04,-1.095801424960073621e-04,0.000000000000000000e+00
3.299999999999999982e-03,-1.900000000000000105e-04,-1.095801424960073621e-04,0.000000000000000000e+00
9.929999999999999591e-03,-3.499999999999999964e-04,1.844269378476919453e-03,0.000000000000000000e+00
9.929999999999999591e-03,-3.499999999999999964e-04,1.844269378476919453e-03,0.000000000000000000e+00
1.614000000000000157e-02,-8.000000000000000654e-05,4.143661745541299575e-03,0.000000000000000000e+00
1.614000000000000157e-02,-8.000000000000000654e-05,4.143661745541299575e-03,0.000000000000000000e+00
2.510000000000000078e-02,-2.300000000000000070e-04,2.847122304291281516e-03,0.000000000000000000e+00
2.598999999999999921e-02,-2.500000000000000052e-04,2.696469353072170842e-03,0.000000000000000000e+00
3.608000000000000096e-02,-7.299999999999999632e-04,2.783534841869830627e-03,0.000000000000000000e+00
4.254999999999999755e-02,-4.299999999999999894e-04,-5.516076780948116036e-04,0.000000000000000000e+00
4.254999999999999755e-02,-4.299999999999999894e-04,-5.516076780948116036e-04,0.000000000000000000e+00
4.254999999999999755e-02,-4.299999999999999894e-04,-5.516076780948116036e-04,0.000000000000000000e+00
5.650000000000000161e-02,-1.240000000000000000e-03,-9.441920984987325557e-05,0.000000000000000000e+00
6.714000000000000523e-02,-9.200000000000000278e-04,2.298546248688091657e-03,0.000000000000000000e+00
6.714000000000000523e-02,-9.200000000000000278e-04,2.298546248688091657e-03,0.000000000000000000e+00
8.149000000000000687e-02,-1.080000000000000014e-03,3.157640407724867510e-03,0.000000000000000000e+00
8.269999999999999574e-02,-1.100000000000000066e-03,3.214389619585240106e-03,0.000000000000000000e+00
9.772999999999999743e-02,-2.109999999999999896e-03,1.209555518782427135e-03,0.000000000000000000e+00
1.098299999999999971e-01,-2.150000000000000001e-03,-1.205043165636203797e-03,0.000000000000000000e+00
1.098299999999999971e-01,-2.150000000000000001e-03,-1.205043165636203797e-03,0.000000000000000000e+00
1.256099999999999994e-01,-2.589999999999999854e-03,-4.367512731054701627e-03,0.000000000000000000e+00
1.256099999999999994e-01,-2.589999999999999854e-03,-4.367512731054701627e-03,0.000000000000000000e+00
1.504500000000000004e-01,-1.850000000000000082e-03,-5.492568451557517696e-03,0.000000000000000000e+00
1.504500000000000004e-01,-1.850000000000000082e-03,-5.492568451557517696e-03,0.000000000000000000e+00
1.668300000000000061e-01,-1.539999999999999919e-03,-7.878461285903283484e-03,0.000000000000000000e+00
1.810599999999999987e-01,-1.020000000000000073e-03,-6.645665332317392607e-03,0.000000000000000000e+00
1.810599999999999987e-01,-1.020000000000000073e-03,-6.645665332317392607e-03,0.000000000000000000e+00
1.940800000000000025e-01,-5.599999999999999509e-04,-6.891893226872841324e-03,0.000000000000000000e+00
1.940800000000000025e-01,-5.599999999999999509e-04,-6.891893226872841324e-03,0.000000000000000000e+00
2.136200000000000043e-01,-1.010000000000000047e-03,-5.201061104108885454e-03,0.000000000000000000e+00
2.154500000000000026e-01,-1.049999999999999935e-03,-5.033917905976534844e-03,0.000000000000000000e+00
2.296100000000000085e-01,-1.280000000000000105e-03,-2.339861825602026785e-03,0.000000000000000000e+00
2.431500000000000050e-01,-1.229999999999999974e-03,8.019719469186013198e-04,0.000000000000000000e+00
2.431500000000000050e-01,-1.229999999999999974e-03,8.019719469186013198e-04,0.000000000000000000e+00
2.606299999999999728e-01,-1.879999999999999944e-03,6.691329260437117819e-04,0.000000000000000000e+00
2.606299999999999728e-01,-1.879999999999999944e-03,6.691329260437117819e-04,0.000000000000000000e+00
2.755099999999999771e-01,-2.330000000000000040e-03,-1.418615951751947893e-03,0.000000000000000000e+00
2.755099999999999771e-01,-2.330000000000000040e-03,-1.418615951751947893e-03,0.000000000000000000e+00
2.919499999999999873e-01,-2.520000000000000104e-03,-3.661833813362174242e-03,0.000000000000000000e+00
3.106499999999999817e-01,-3.119999999999999944e-03,-6.184951963623083401e-03,0.000000000000000000e+00
3.106499999999999817e-01,-3.119999999999999944e-03,-6.184951963623083401e-03,0.000000000000000000e+00
3.273699999999999943e-01,-3.439999999999999915e-03,-8.300975708778246531e-03,0.000000000000000000e+00
3.273699999999999943e-01,-3.439999999999999915e-03,-8.300975708778246531e-03,0.000000000000000000e+00
3.392100000000000115e-01,-3.000000000000000062e-03,-1.018069011402013280e-02,0.000000000000000000e+00
3.400799999999999934e-01,-2.959999999999999958e-03,-1.032327704958266486e-02,0.000000000000000000e+00
3.539900000000000269e-01,-3.419999999999999863e-03,-1.325306602262995605e-02,0.000000000000000000e+00
3.731900000000000217e-01,-3.930000000000000333e-03,-1.590557039016720145e-02,0.000000000000000000e+00
3.731900000000000217e-01,-3.930000000000000333e-03,-1.590557039016720145e-02,0.000000000000000000e+00
3.904000000000000248e-01,-3.989999999999999623e-03,-1.292522981304220983e-02,0.000000000000000000e+00
3.917800000000000171e-01,-3.989999999999999623e-03,-1.264701141920760406e-02,0.000000000000000000e+00
4.078600000000000003e-01,-4.029999999999999728e-03,-1.232599248638156786e-02,0.000000000000000000e+00
4.241800000000000015e-01,-3.950000000000000386e-03,-1.281422331729078004e-02,0.000000000000000000e+00
4.241800000000000015e-01,-3.950000000000000386e-03,-1.281422331729078004e-02,0.000000000000000000e+00
4.476499999999999924e-01,-5.420000000000000338e-03,-5.464487080854721866e-03,0.000000000000000000e+00
4.476499999999999924e-01,-5.420000000000000338e-03,-5.464487080854721866e-03,0.000000000000000000e+00
4.603900000000000214e-01,-5.300000000000000024e-03,-7.162101664708240417e-03,0.000000000000000000e+00
4.802199999999999802e-01,-6.020000000000000177e-03,-9.807387389610266668e-03,0.000000000000000000e+00
4.802199999999999802e-01,-6.020000000000000177e-03,-9.807387389610266668e-03,0.000000000000000000e+00
4.945700000000000096e-01,-6.749999999999999924e-03,-8.757608757521838719e-03,0.000000000000000000e+00
4.945700000000000096e-01,-6.749999999999999924e-03,-8.757608757521838719e-03,0.000000000000000000e+00
5.104600000000000248e-01,-7.150000000000000105e-03,-1.270576051128842129e-02,0.000000000000000000e+00
5.286199999999999788e-01,-7.440000000000000432e-03,-1.411015078642217750e-02,0.000000000000000000e+00
5.286199999999999788e-01,-7.440000000000000432e-03,-1.411015078642217750e-02,0.000000000000000000e+00
5.451300000000000034e-01,-7.950000000000000469e-03,-1.444416773237382559e-02,0.000000000000000000e+00
5.451300000000000034e-01,-7.950000000000000469e-03,-1.444416773237382559e-02,0.000000000000000000e+00
5.613700000000000356e-01,-8.340000000000000191e-03,-1.670957093686921413e-02,0.000000000000000000e+00
5.613700000000000356e-01,-8.340000000000000191e-03,-1.670957093686921413e-02,0.000000000000000000e+00
5.755099999999999660e-01,-8.439999999999999586e-03,-1.721166421751961148e-02,0.000000000000000000e+00
5.996200000000000419e-01,-7.510000000000000182e-03,-1.623915221377441806e-02,0.000000000000000000e+00
5.996200000000000419e-01,-7.510000000000000182e-03,-1.623915221377441806e-02,0.000000000000000000e+00
6.170299999999999674e-01,-7.490000000000000130e-03,-1.631676672171572529e-02,0.000000000000000000e+00
6.170299999999999674e-01,-7.490000000000000130e-03,-1.631676672171572529e-02,0.000000000000000000e+00
6.335699999999999665e-01,-7.499999999999999722e-03,-1.635479664076609774e-02,0.000000000000000000e+00
6.335699999999999665e-01,-7.499999999999999722e-03,-1.635479664076609774e-02,0.000000000000000000e+00
6.504499999999999726e-01,-7.609999999999999577e-03,-1.682490289385561721e-02,0.000000000000000000e+00
6.519300000000000095e-01,-7.620000000000000037e-03,-1.686984368513097174e-02,0.000000000000000000e+00
6.519300000000000095e-01,-7.620000000000000037e-03,-1.686984368513097174e-02,0.000000000000000000e+00
6.806699999999999973e-01,-8.000000000000000167e-03,-1.352288262665758516e-02,0.000000000000000000e+00
6.806699999999999973e-01,-8.000000000000000167e-03,-1.352288262665758516e-02,0.000000000000000000e+00
6.990899999999999892e-01,-8.630000000000000518e-03,-1.368924737705088171e-02,0.000000000000000000e+00
7.007100000000000550e-01,-8.689999999999999808e-03,-1.374013989403115830e-02,0.000000000000000000e+00
7.132500000000000506e-01,-9.039999999999999425e-03,-1.424409486319748105e-02,0.000000000000000000e+00
7.147599999999999509e-01,-9.079999999999999530e-03,-1.430483968923631187e-02,0.000000000000000000e+00
7.307500000000000107e-01,-1.007000000000000083e-02,-1.500645813175353546e-02,0.000000000000000000e+00
7.452400000000000135e-01,-1.047999999999999973e-02,-1.767225802179136357e-02,0.000000000000000000e+00
7.452400000000000135e-01,-1.047999999999999973e-02,-1.767225802179136357e-02,0.000000000000000000e+00
7.625499999999999501e-01,-1.089999999999999997e-02,-1.815979630078670345e-02,0.000000000000000000e+00
7.625499999999999501e-01,-1.089999999999999997e-02,-1.815979630078670345e-02,0.000000000000000000e+00
7.774299999999999544e-01,-1.108999999999999916e-02,-2.074719075970717086e-02,0.000000000000000000e+00
7.787899999999999823e-01,-1.111000000000000008e-02,-2.101097246022282442e-02,0.000000000000000000e+00
7.949899999999999745e-01,-1.161000000000000053e-02,-1.915799126752169151e-02,0.000000000000000000e+00
8.126600000000000490e-01,-1.227999999999999925e-02,-2.183304857110364774e-02,0.000000000000000000e+00
8.126600000000000490e-01,-1.227999999999999925e-02,-2.183304857110364774e-02,0.000000000000000000e+00
8.282599999999999962e-01,-1.272000000000000040e-02,-2.251763715059717022e-02,0.000000000000000000e+00
8.282599999999999962e-01,-1.272000000000000040e-02,-2.251763715059717022e-02,0.000000000000000000e+00
8.430299999999999461e-01,-1.264000000000000019e-02,-2.517987748379779331e-02,0.000000000000000000e+00
8.444199999999999484e-01,-1.264000000000000019e-02,-2.545197397839773709e-02,0.000000000000000000e+00
8.610400000000000276e-01,-1.277999999999999969e-02,-2.608910280236984014e-02,0.000000000000000000e+00
8.626599999999999824e-01,-1.280000000000000061e-02,-2.615184096813030767e-02,0.000000000000000000e+00
8.798799999999999955e-01,-1.325999999999999922e-02,-2.432372593046256901e-02,0.000000000000000000e+00
8.989800000000000013e-01,-1.459000000000000054e-02,-1.993040434538138547e-02,0.000000000000000000e+00
9.006199999999999761e-01,-1.469999999999999953e-02,-1.953971850211012537e-02,0.000000000000000000e+00
9.182200000000000362e-01,-1.554999999999999959e-02,-2.003672126862933098e-02,0.000000000000000000e+00
9.370100000000000096e-01,-1.660000000000000017e-02,-2.312428864344769422e-02,0.000000000000000000e+00
9.370100000000000096e-01,-1.660000000000000017e-02,-2.312428864344769422e-02,0.000000000000000000e+00
9.533199999999999452e-01,-1.778000000000000067e-02,-2.214949117140534163e-02,0.000000000000000000e+00
9.546799999999999731e-01,-1.788000000000000006e-02,-2.202772822255795807e-02,0.000000000000000000e+00
9.649199999999999999e-01,-1.796999999999999986e-02,-2.465761877129617891e-02,0.000000000000000000e+00
9.836300000000000043e-01,-1.857999999999999929e-02,-2.514529860228940580e-02,0.000000000000000000e+00
9.836300000000000043e-01,-1.857999999999999929e-02,-2.514529860228940580e-02,0.000000000000000000e+00
9.997899999999999565e-01,-1.902999999999999831e-02,-2.597713771020181139e-02,0.000000000000000000e+00
9.997899999999999565e-01,-1.902999999999999831e-02,-2.597713771020181139e-02,0.000000000000000000e+00
1.025979999999999892e+00,-1.905000000000000096e-02,-2.856944605013080063e-02,0.000000000000000000e+00
1.028510000000000035e+00,-1.905000000000000096e-02,-2.882658047745756055e-02,0.000000000000000000e+00
1.042559999999999931e+00,-1.950999999999999956e-02,-3.175084323229467043e-02,0.000000000000000000e+00
1.042559999999999931e+00,-1.950999999999999956e-02,-3.175084323229467043e-02,0.000000000000000000e+00
1.055099999999999927e+00,-1.976999999999999938e-02,-3.244950459978965251e-02,0.000000000000000000e+00
1.073909999999999920e+00,-2.019999999999999921e-02,-3.270004905398091188e-02,0.000000000000000000e+00
1.073909999999999920e+00,-2.019999999999999921e-02,-3.270004905398091188e-02,0.000000000000000000e+00
1.094929999999999959e+00,-2.062999999999999903e-02,-3.312083650814257041e-02,0.000000000000000000e+00
1.094929999999999959e+00,-2.062999999999999903e-02,-3.312083650814257041e-02,0.000000000000000000e+00
1.094929999999999959e+00,-2.062999999999999903e-02,-3.312083650814257041e-02,0.000000000000000000e+00
1.124430000000000041e+00,-2.123999999999999846e-02,-2.919656076369428824e-02,0.000000000000000000e+00
1.124430000000000041e+00,-2.123999999999999846e-02,-2.919656076369428824e-02,0.000000000000000000e+00
1.124430000000000041e+00,-2.123999999999999846e-02,-2.919656076369428824e-02,0.000000000000000000e+00
1.140309999999999935e+00,-2.200999999999999832e-02,-3.208157313199026806e-02,0.000000000000000000e+00
1.152779999999999916e+00,-2.264999999999999999e-02,-3.086262696258593521e-02,0.000000000000000000e+00
1.152779999999999916e+00,-2.264999999999999999e-02,-3.086262696258593521e-02,0.000000000000000000e+00
1.152779999999999916e+00,-2.264999999999999999e-02,-3.086262696258593521e-02,0.000000000000000000e+00
1.190460000000000074e+00,-2.500000000000000139e-02,-3.389300228409321269e-02,0.000000000000000000e+00
1.190460000000000074e+00,-2.500000000000000139e-02,-3.389300228409321269e-02,0.000000000000000000e+00
1.191829999999999945e+00,-2.509000000000000119e-02,-3.414404510200372278e-02,0.000000000000000000e+00
1.206539999999999946e+00,-2.571000000000000021e-02,-3.717503420925041824e-02,0.000000000000000000e+00
1.206539999999999946e+00,-2.571000000000000021e-02,-3.717503420925041824e-02,0.000000000000000000e+00
1.225740000000000052e+00,-2.642999999999999863e-02,-3.232350326040192567e-02,0.000000000000000000e+00
1.235980000000000079e+00,-2.687000000000000152e-02,-3.760495803760426081e-02,0.000000000000000000e+00
1.252739999999999965e+00,-2.762999999999999831e-02,-3.884150591841624423e-02,0.000000000000000000e+00
1.252739999999999965e+00,-2.762999999999999831e-02,-3.884150591841624423e-02,0.000000000000000000e+00
1.283530000000000060e+00,-2.982999999999999888e-02,-4.203396237769271848e-02,0.000000000000000000e+00
1.283530000000000060e+00,-2.982999999999999888e-02,-4.203396237769271848e-02,0.000000000000000000e+00
1.297679999999999945e+00,-3.021000000000000074e-02,-4.241811343549525826e-02,0.000000000000000000e+00
1.297679999999999945e+00,-3.021000000000000074e-02,-4.241811343549525826e-02,0.000000000000000000e+00
1.314829999999999943e+00,-3.083999999999999936e-02,-4.096708240387791911e-02,0.000000000000000000e+00
1.337259999999999893e+00,-3.160000000000000309e-02,-4.051211987204364484e-02,0.000000000000000000e+00
1.337259999999999893e+00,-3.160000000000000309e-02,-4.051211987204364484e-02,0.000000000000000000e+00
1.357410000000000005e+00,-3.146000000000000185e-02,-3.890621506268829299e-02,0.000000000000000000e+00
1.357410000000000005e+00,-3.146000000000000185e-02,-3.890621506268829299e-02,0.000000000000000000e+00
1.375879999999999992e+00,-3.235999999999999988e-02,-3.669571314089822844e-02,0.000000000000000000e+00
1.375879999999999992e+00,-3.235999999999999988e-02,-3.669571314089822844e-02,0.000000000000000000e+00
1.393999999999999906e+00,-3.354000000000000037e-02,-3.698786327296939291e-02,0.000000000000000000e+00
1.395529999999999937e+00,-3.364000000000000323e-02,-3.703423604405937930e-02,0.000000000000000000e+00
1.401639999999999997e+00,-3.425999999999999879e-02,-3.802723369667163067e-02,0.000000000000000000e+00
1.402519999999999989e+00,-3.434999999999999859e-02,-3.816596391976102842e-02,0.000000000000000000e+00
1.424039999999999973e+00,-3.515999999999999681e-02,-3.846336361086331868e-02,0.000000000000000000e+00
1.426239999999999952e+00,-3.524000000000000049e-02,-3.849358029338076359e-02,0.000000000000000000e+00
1.437329999999999997e+00,-3.563000000000000195e-02,-4.115583186907624536e-02,0.000000000000000000e+00
1.455389999999999961e+00,-3.663999999999999896e-02,-3.966368734613265334e-02,0.000000000000000000e+00
1.455389999999999961e+00,-3.663999999999999896e-02,-3.966368734613265334e-02,0.000000000000000000e+00
1.473389999999999977e+00,-3.758999999999999841e-02,-4.184496131107830197e-02,0.000000000000000000e+00
1.492289999999999894e+00,-3.862999999999999767e-02,-4.289297086343210608e-02,0.000000000000000000e+00
1.492289999999999894e+00,-3.862999999999999767e-02,-4.289297086343210608e-02,0.000000000000000000e+00
1.510939999999999950e+00,-3.917000000000000343e-02,-4.362951589542976572e-02,0.000000000000000000e+00
1.510939999999999950e+00,-3.917000000000000343e-02,-4.362951589542976572e-02,0.000000000000000000e+00
1.524000000000000021e+00,-3.916000000000000036e-02,-4.668116493891921737e-02,0.000000000000000000e+00
1.524000000000000021e+00,-3.916000000000000036e-02,-4.668116493891921737e-02,0.000000000000000000e+00
1.541230000000000100e+00,-3.964999999999999775e-02,-4.954400086906926570e-02,0.000000000000000000e+00
1.555749999999999966e+00,-4.050000000000000128e-02,-4.493173862730244494e-02,0.000000000000000000e+00
1.555749999999999966e+00,-4.050000000000000128e-02,-4.493173862730244494e-02,0.000000000000000000e+00
1.568610000000000060e+00,-4.061000000000000026e-02,-4.515681519631604968e-02,0.000000000000000000e+00
1.568610000000000060e+00,-4.061000000000000026e-02,-4.515681519631604968e-02,0.000000000000000000e+00
1.599520000000000053e+00,-4.304000000000000187e-02,-4.276564176897811043e-02,0.000000000000000000e+00
1.614770000000000039e+00,-4.422999999999999848e-02,-4.060556056541679559e-02,0.000000000000000000e+00
1.614770000000000039e+00,-4.422999999999999848e-02,-4.060556056541679559e-02,0.000000000000000000e+00
1.633440000000000003e+00,-4.596000000000000085e-02,-4.363904807151484933e-02,0.000000000000000000e+00
1.633440000000000003e+00,-4.596000000000000085e-02,-4.363904807151484933e-02,0.000000000000000000e+00
1.647350000000000092e+00,-4.662999999999999784e-02,-4.454600322270987900e-02,0.000000000000000000e+00
1.647350000000000092e+00,-4.662999999999999784e-02,-4.454600322270987900e-02,0.000000000000000000e+00
1.667100000000000026e+00,-4.737000000000000238e-02,-4.224884389898785064e-02,0.000000000000000000e+00
1.680609999999999937e+00,-4.796000000000000263e-02,-4.495714127674768634e-02,0.000000000000000000e+00
1.680609999999999937e+00,-4.796000000000000263e-02,-4.495714127674768634e-02,0.000000000000000000e+00
1.705840000000000023e+00,-4.839999999999999858e-02,-4.613455643069096224e-02,0.000000000000000000e+00
1.705840000000000023e+00,-4.839999999999999858e-02,-4.613455643069096224e-02,0.000000000000000000e+00
1.720220000000000082e+00,-4.927999999999999742e-02,-4.956322792888215312e-02,0.000000000000000000e+00
1.733419999999999961e+00,-4.989999999999999991e-02,-5.046230288073777492e-02,0.000000000000000000e+00
1.733419999999999961e+00,-4.989999999999999991e-02,-5.046230288073777492e-02,0.000000000000000000e+00
1.752580000000000027e+00,-5.032999999999999974e-02,-5.324368735628483285e-02,0.000000000000000000e+00
1.752580000000000027e+00,-5.032999999999999974e-02,-5.324368735628483285e-02,0.000000000000000000e+00
1.766750000000000043e+00,-5.066999999999999976e-02,-5.439943246622712392e-02,0.000000000000000000e+00
1.767870000000000053e+00,-5.070000000000000201e-02,-5.447902694789481803e-02,0.000000000000000000e+00
1.787420000000000009e+00,-5.181000000000000189e-02,-5.222912268669345492e-02,0.000000000000000000e+00
1.801849999999999952e+00,-5.272000000000000297e-02,-5.202293491091516953e-02,0.000000000000000000e+00
1.801849999999999952e+00,-5.272000000000000297e-02,-5.202293491091516953e-02,0.000000000000000000e+00
1.822599999999999998e+00,-5.390999999999999959e-02,-5.280942486296556770e-02,0.000000000000000000e+00
1.824510000000000076e+00,-5.401999999999999857e-02,-5.288550976104665347e-02,0.000000000000000000e+00
1.837520000000000042e+00,-5.487000000000000210e-02,-5.082013438046528719e-02,0.000000000000000000e+00
1.851630000000000109e+00,-5.600000000000000117e-02,-5.090043901999763420e-02,0.000000000000000000e+00
1.851630000000000109e+00,-5.600000000000000117e-02,-5.090043901999763420e-02,0.000000000000000000e+00
1.865180000000000060e+00,-5.716999999999999860e-02,-5.156006584510409996e-02,0.000000000000000000e+00
1.865180000000000060e+00,-5.716999999999999860e-02,-5.156006584510409996e-02,0.000000000000000000e+00
1.879359999999999919e+00,-5.845999999999999808e-02,-5.237715738482609518e-02,0.000000000000000000e+00
1.880530000000000035e+00,-5.856999999999999706e-02,-5.244531048179000565e-02,0.000000000000000000e+00
1.900320000000000009e+00,-5.945000000000000284e-02,-5.303454018576933549e-02,0.000000000000000000e+00
1.922379999999999978e+00,-6.076999999999999763e-02,-5.289842756148967207e-02,0.000000000000000000e+00
1.922379999999999978e+00,-6.076999999999999763e-02,-5.289842756148967207e-02,0.000000000000000000e+00
1.936879999999999935e+00,-6.189000000000000057e-02,-5.676827477453194604e-02,0.000000000000000000e+00
1.938059999999999894e+00,-6.199000000000000343e-02,-5.713234725673287107e-02,0.000000000000000000e+00
1.951000000000000068e+00,-6.281000000000000472e-02,-5.772685450715554778e-02,0.000000000000000000e+00
1.965400000000000036e+00,-6.360000000000000375e-02,-5.844936237111440780e-02,0.000000000000000000e+00
1.965400000000000036e+00,-6.360000000000000375e-02,-5.844936237111440780e-02,0.000000000000000000e+00
1.979240000000000110e+00,-6.396000000000000296e-02,-5.864862084900600292e-02,0.000000000000000000e+00
1.979240000000000110e+00,-6.396000000000000296e-02,-5.864862084900600292e-02,0.000000000000000000e+00
2.000420000000000087e+00,-6.463000000000000689e-02,-5.915676110392192877e-02,0.000000000000000000e+00
2.014769999999999950e+00,-6.582999999999999963e-02,-5.894720453728528875e-02,0.000000000000000000e+00
2.014769999999999950e+00,-6.582999999999999963e-02,-5.894720453728528875e-02,0.000000000000000000e+00
2.028140000000000054e+00,-6.642000000000000681e-02,-5.622222792511845368e-02,0.000000000000000000e+00
2.028140000000000054e+00,-6.642000000000000681e-02,-5.622222792511845368e-02,0.000000000000000000e+00
2.031870000000000065e+00,-6.666999999999999316e-02,-5.922982228870783683e-02,0.000000000000000000e+00
2.035860000000000003e+00,-6.740000000000000158e-02,-5.743822225720411623e-02,0.000000000000000000e+00
2.035860000000000003e+00,-6.740000000000000158e-02,-5.743822225720411623e-02,0.000000000000000000e+00
2.054829999999999934e+00,-6.869999999999999718e-02,-5.752739752282749752e-02,0.000000000000000000e+00
2.054829999999999934e+00,-6.869999999999999718e-02,-5.752739752282749752e-02,0.000000000000000000e+00
2.058469999999999800e+00,-6.897999999999999965e-02,-6.089660834507587550e-02,0.000000000000000000e+00
2.058469999999999800e+00,-6.897999999999999965e-02,-6.089660834507587550e-02,0.000000000000000000e+00
2.069430000000000103e+00,-7.030999999999999750e-02,-5.838468020723847074e-02,0.000000000000000000e+00
2.072330000000000005e+00,-7.048999999999999710e-02,-5.808698982959970003e-02,0.000000000000000000e+00
2.072330000000000005e+00,-7.048999999999999710e-02,-5.808698982959970003e-02,0.000000000000000000e+00
2.074079999999999924e+00,-7.087000000000000244e-02,-5.882607794940158952e-02,0.000000000000000000e+00
2.074079999999999924e+00,-7.087000000000000244e-02,-5.882607794940158952e-02,0.000000000000000000e+00
2.083540000000000170e+00,-7.151000000000000412e-02,-5.849110085395028968e-02,0.000000000000000000e+00
2.083540000000000170e+00,-7.151000000000000412e-02,-5.849110085395028968e-02,0.000000000000000000e+00
2.084470000000000045e+00,-7.166000000000000147e-02,-6.148137582415189040e-02,0.000000000000000000e+00
2.084470000000000045e+00,-7.166999999999999760e-02,-6.176594938777070498e-02,0.000000000000000000e+00
2.093119999999999870e+00,-7.263999999999999624e-02,-6.180012257933369113e-02,0.000000000000000000e+00
2.093739999999999934e+00,-7.258000000000000562e-02,-6.479220759213995262e-02,0.000000000000000000e+00
2.093739999999999934e+00,-7.258000000000000562e-02,-6.479220759213995262e-02,0.000000000000000000e+00
2.093719999999999803e+00,-7.256999999999999562e-02,-6.507830921171334215e-02,0.000000000000000000e+00
2.086380000000000123e+00,-7.180999999999999883e-02,-5.910282316048098838e-02,0.000000000000000000e+00
2.085399999999999920e+00,-7.176000000000000434e-02,-5.847631812849696242e-02,0.000000000000000000e+00
2.085399999999999920e+00,-7.176000000000000434e-02,-5.847631812849696242e-02,0.000000000000000000e+00
2.084799999999999986e+00,-7.165000000000000535e-02,-6.145086244936687203e-02,0.000000000000000000e+00
2.084680000000000089e+00,-7.179000000000000659e-02,-6.169636745777623554e-02,0.000000000000000000e+00
2.084680000000000089e+00,-7.179000000000000659e-02,-6.169636745777623554e-02,0.000000000000000000e+00
2.076729999999999965e+00,-7.134000000000000064e-02,-6.210882385167526554e-02,0.000000000000000000e+00
2.076729999999999965e+00,-7.134000000000000064e-02,-6.210882385167526554e-02,0.000000000000000000e+00
2.083930000000000060e+00,-7.159000000000000086e-02,-6.179585760842364051e-02,0.000000000000000000e+00
2.083930000000000060e+00,-7.159000000000000086e-02,-6.179585760842364051e-02,0.000000000000000000e+00
2.084940000000000015e+00,-7.147000000000000575e-02,-6.162356027077538212e-02,0.000000000000000000e+00
2.084940000000000015e+00,-7.147000000000000575e-02,-6.162356027077538212e-02,0.000000000000000000e+00
2.084950000000000081e+00,-7.162000000000000310e-02,-6.173860371286329918e-02,0.000000000000000000e+00
2.084950000000000081e+00,-7.162000000000000310e-02,-6.173860371286329918e-02,0.000000000000000000e+00
2.084760000000000169e+00,-7.222000000000000641e-02,-6.188114637814425001e-02,0.000000000000000000e+00
2.084740000000000038e+00,-7.227999999999999703e-02,-6.189518595125417799e-02,0.000000000000000000e+00
2.084940000000000015e+00,-7.227999999999999703e-02,-6.189198457213575255e-02,0.000000000000000000e+00
2.084870000000000001e+00,-7.195999999999999619e-02,-6.182377339165245900e-02,0.000000000000000000e+00
2.084870000000000001e+00,-7.195999999999999619e-02,-6.182377339165245900e-02,0.000000000000000000e+00
2.085519999999999818e+00,-7.205000000000000293e-02,-5.881197199871908421e-02,0.000000000000000000e+00
4.800000000000000122e-04,-2.200000000000000078e-04,0.000000000000000000e+00,0.000000000000000000e+00
3.200000000000000262e-04,-1.399999999999999877e-04,-1.062834341737673447e-04,0.000000000000000000e+00
-8.099999999999999561e-04,6.999999999999999387e-05,1.236980828303592536e-03,0.000000000000000000e+00
-8.099999999999999561e-04,6.999999999999999387e-05,1.236980828303592536e-03,0.000000000000000000e+00
2.000000000000000164e-05,-9.000000000000000567e-05,1.779707222028989108e-03,0.000000000000000000e+00
2.000000000000000164e-05,-9.000000000000000567e-05,1.779707222028989108e-03,0.000000000000000000e+00
-3.299999999999999982e-04,1.299999999999999886e-04,1.117778198465742799e-04,0.000000000000000000e+00
-3.299999999999999982e-04,1.299999999999999886e-04,1.117778198465742799e-04,0.000000000000000000e+00
2.799999999999999755e-04,2.000000000000000164e-05,2.323455165763191679e-06,0.000000000000000000e+00
3.600000000000000227e-04,1.000000000000000082e-05,7.056621717664406102e-06,0.000000000000000000e+00
-6.599999999999999964e-04,2.400000000000000061e-04,1.292994171976488390e-03,0.000000000000000000e+00
-7.600000000000000418e-04,2.599999999999999772e-04,1.423461710660868908e-03,0.000000000000000000e+00
2.400000000000000061e-04,3.000000000000000076e-05,1.592909094311337160e-03,0.000000000000000000e+00
-7.500000000000000156e-04,8.000000000000000654e-05,1.695381575401847625e-03,0.000000000000000000e+00
-7.500000000000000156e-04,8.000000000000000654e-05,1.695381575401847625e-03,0.000000000000000000e+00
6.000000000000000152e-05,0.000000000000000000e+00,1.658549926950828425e-03,0.000000000000000000e+00
6.000000000000000152e-05,0.000000000000000000e+00,1.658549926950828425e-03,0.000000000000000000e+00
-1.972000000000000142e-02,3.299999999999999982e-03,3.561146890082230593e-02,0.000000000000000000e+00
-1.972000000000000142e-02,3.299999999999999982e-03,3.561146890082230593e-02,0.000000000000000000e+00
-5.040000000000000209e-03,9.499999999999999981e-04,-1.540621039300655660e-04,0.000000000000000000e+00
-5.040000000000000209e-03,9.499999999999999981e-04,-1.540621039300655660e-04,0.000000000000000000e+00
-4.800000000000000122e-04,6.000000000000000152e-05,1.281602323048080432e-03,0.000000000000000000e+00
-4.800000000000000122e-04,6.000000000000000152e-05,1.281602323048080432e-03,0.000000000000000000e+00
-2.200000000000000078e-04,4.000000000000000327e-05,-1.175551845819526337e-03,0.000000000000000000e+00
-2.000000000000000096e-04,4.000000000000000327e-05,-1.416711658567900052e-03,0.000000000000000000e+00
4.769999999999999934e-03,-1.700000000000000122e-04,-3.570941835573951395e-03,0.000000000000000000e+00
1.089999999999999997e-02,-7.100000000000000191e-04,-1.899501549484349135e-03,0.000000000000000000e+00
1.089999999999999997e-02,-7.100000000000000191e-04,-1.899501549484349135e-03,0.000000000000000000e+00
1.721999999999999920e-02,-1.069999999999999988e-03,-3.946625006944300650e-03,0.000000000000000000e+00
1.721999999999999920e-02,-1.069999999999999988e-03,-3.946625006944300650e-03,0.000000000000000000e+00
2.615999999999999923e-02,-1.020000000000000073e-03,-6.075193484804434010e-03,0.000000000000000000e+00
2.615999999999999923e-02,-1.020000000000000073e-03,-6.075193484804434010e-03,0.000000000000000000e+00
2.706000000000000072e-02,-1.010000000000000047e-03,-6.278988977347774864e-03,0.000000000000000000e+00
3.626000000000000056e-02,-7.900000000000000121e-04,-8.198895905602908082e-03,0.000000000000000000e+00
4.456999999999999851e-02,-6.700000000000000226e-04,-8.580759610922448349e-03,0.000000000000000000e+00
5.578000000000000319e-02,-1.180000000000000059e-03,-1.082808093424515554e-02,0.000000000000000000e+00
5.578000000000000319e-02,-1.180000000000000059e-03,-1.082808093424515554e-02,0.000000000000000000e+00
6.844000000000000083e-02,-1.309999999999999967e-03,-9.553565947004311748e-03,0.000000000000000000e+00
6.844000000000000083e-02,-1.309999999999999967e-03,-9.553565947004311748e-03,0.000000000000000000e+00
8.162999999999999423e-02,-1.440000000000000091e-03,-1.086787805111201488e-02,0.000000000000000000e+00
8.162999999999999423e-02,-1.440000000000000091e-03,-1.086787805111201488e-02,0.000000000000000000e+00
9.936000000000000387e-02,-1.750000000000000036e-03,-6.452264366717063923e-03,0.000000000000000000e+00
1.011100000000000054e-01,-1.760000000000000063e-03,-5.985082427561211338e-03,0.000000000000000000e+00
1.132200000000000012e-01,-1.830000000000000029e-03,-7.900695286417942428e-03,0.000000000000000000e+00
1.132200000000000012e-01,-1.830000000000000029e-03,-7.900695286417942428e-03,0.000000000000000000e+00
1.132200000000000012e-01,-1.830000000000000029e-03,-7.900695286417942428e-03,0.000000000000000000e+00
1.400700000000000001e-01,-2.020000000000000094e-03,-9.553161507886574061e-03,0.000000000000000000e+00
1.400700000000000001e-01,-2.020000000000000094e-03,-9.553161507886574061e-03,0.000000000000000000e+00
1.645300000000000096e-01,-1.410000000000000012e-03,-9.154443095815763265e-03,0.000000000000000000e+00
1.645300000000000096e-01,-1.410000000000000012e-03,-9.154443095815763265e-03,0.000000000000000000e+00
1.839800000000000046e-01,-1.760000000000000063e-03,-9.382028524602807965e-03,0.000000000000000000e+00
1.839800000000000046e-01,-1.760000000000000063e-03,-9.382028524602807965e-03,0.000000000000000000e+00
1.839800000000000046e-01,-1.760000000000000063e-03,-9.382028524602807965e-03,0.000000000000000000e+00
1.839800000000000046e-01,-1.760000000000000063e-03,-9.382028524602807965e-03,0.000000000000000000e+00
1.855600000000000027e-01,-1.809999999999999977e-03,-9.408167578829380526e-03,0.000000000000000000e+00
2.120299999999999963e-01,-2.789999999999999945e-03,-1.099269072424358465e-02,0.000000000000000000e+00
2.307500000000000107e-01,-3.299999999999999982e-03,-1.022753751542269940e-02,0.000000000000000000e+00
2.424800000000000011e-01,-3.350000000000000113e-03,-8.903158947844788326e-03,0.000000000000000000e+00
2.436899999999999900e-01,-3.360000000000000139e-03,-8.767061966256815483e-03,0.000000000000000000e+00
2.601899999999999769e-01,-3.880000000000000202e-03,-1.267734847588309656e-02,0.000000000000000000e+00
2.763999999999999790e-01,-4.060000000000000241e-03,-1.649194670252696754e-02,0.000000000000000000e+00
2.763999999999999790e-01,-4.060000000000000241e-03,-1.649194670252696754e-02,0.000000000000000000e+00
2.899499999999999855e-01,-4.029999999999999728e-03,-1.761508995286535303e-02,0.000000000000000000e+00
2.899499999999999855e-01,-4.029999999999999728e-03,-1.761508995286535303e-02,0.000000000000000000e+00
2.899499999999999855e-01,-4.029999999999999728e-03,-1.761508995286535303e-02,0.000000000000000000e+00
3.073500000000000121e-01,-4.510000000000000120e-03,-2.147472735324762114e-02,0.000000000000000000e+00
3.073500000000000121e-01,-4.510000000000000120e-03,-2.147472735324762114e-02,0.000000000000000000e+00
3.389199999999999990e-01,-4.040000000000000188e-03,-1.989023118872636914e-02,0.000000000000000000e+00
3.389199999999999990e-01,-4.040000000000000188e-03,-1.989023118872636914e-02,0.000000000000000000e+00
3.594600000000000017e-01,-5.689999999999999745e-03,-2.086331230472714821e-02,0.000000000000000000e+00
3.594600000000000017e-01,-5.689999999999999745e-03,-2.086331230472714821e-02,0.000000000000000000e+00
3.750800000000000245e-01,-6.519999999999999754e-03,-1.879492939582765032e-02,0.000000000000000000e+00
3.750800000000000245e-01,-6.519999999999999754e-03,-1.879492939582765032e-02,0.000000000000000000e+00
3.750800000000000245e-01,-6.519999999999999754e-03,-1.879492939582765032e-02,0.000000000000000000e+00
4.101600000000000246e-01,-8.049999999999999864e-03,-1.931985825016977604e-02,0.000000000000000000e+00
4.101600000000000246e-01,-8.049999999999999864e-03,-1.931985825016977604e-02,0.000000000000000000e+00
4.341300000000000159e-01,-7.530000000000000235e-03,-1.926969777285456042e-02,0.000000000000000000e+00
4.341300000000000159e-01,-7.530000000000000235e-03,-1.926969777285456042e-02,0.000000000000000000e+00
4.506100000000000105e-01,-8.139999999999999666e-03,-1.972192227331255251e-02,0.000000000000000000e+00
4.506100000000000105e-01,-8.139999999999999666e-03,-1.972192227331255251e-02,0.000000000000000000e+00
4.659599999999999853e-01,-8.550000000000000308e-03,-2.039305543279381142e-02,0.000000000000000000e+00
4.659599999999999853e-01,-8.550000000000000308e-03,-2.039305543279381142e-02,0.000000000000000000e+00
4.838000000000000078e-01,-8.880000000000000740e-03,-2.469468001426846845e-02,0.000000000000000000e+00
4.996499999999999830e-01,-9.669999999999999776e-03,-2.738310590516909032e-02,0.000000000000000000e+00
4.996499999999999830e-01,-9.669999999999999776e-03,-2.738310590516909032e-02,0.000000000000000000e+00
5.134400000000000075e-01,-1.010999999999999920e-02,-3.067653741412762827e-02,0.000000000000000000e+00
5.134400000000000075e-01,-1.010999999999999920e-02,-3.067653741412762827e-02,0.000000000000000000e+00
5.292700000000000182e-01,-1.014999999999999930e-02,-3.344238659189454482e-02,0.000000000000000000e+00
5.292700000000000182e-01,-1.014999999999999930e-02,-3.344238659189454482e-02,0.000000000000000000e+00
5.472200000000000397e-01,-1.043000000000000003e-02,-3.175619088022010872e-02,0.000000000000000000e+00
5.488600000000000145e-01,-1.046000000000000055e-02,-3.156929240001316028e-02,0.000000000000000000e+00
5.634099999999999664e-01,-1.043000000000000003e-02,-3.187591984662158789e-02,0.000000000000000000e+00
5.868999999999999773e-01,-1.230999999999999976e-02,-2.874946687074348209e-02,0.000000000000000000e+00
5.868999999999999773e-01,-1.230999999999999976e-02,-2.874946687074348209e-02,0.000000000000000000e+00
5.997099999999999653e-01,-1.302000000000000032e-02,-2.775755410217605260e-02,0.000000000000000000e+00
5.997099999999999653e-01,-1.302000000000000032e-02,-2.775755410217605260e-02,0.000000000000000000e+00
6.007400000000000517e-01,-1.307000000000000002e-02,-2.769354324884279808e-02,0.000000000000000000e+00
6.007400000000000517e-01,-1.307000000000000002e-02,-2.769354324884279808e-02,0.000000000000000000e+00
6.312999999999999723e-01,-1.451999999999999992e-02,-2.640831832220603623e-02,0.000000000000000000e+00
6.494699999999999918e-01,-1.536999999999999998e-02,-2.695688302893744018e-02,0.000000000000000000e+00
6.494699999999999918e-01,-1.536999999999999998e-02,-2.695688302893744018e-02,0.000000000000000000e+00
6.660899999999999599e-01,-1.608000000000000054e-02,-2.776459834919854305e-02,0.000000000000000000e+00
6.660899999999999599e-01,-1.608000000000000054e-02,-2.776459834919854305e-02,0.000000000000000000e+00
6.910500000000000531e-01,-1.584999999999999951e-02,-3.121978876203406958e-02,0.000000000000000000e+00
6.910500000000000531e-01,-1.584999999999999951e-02,-3.121978876203406958e-02,0.000000000000000000e+00
7.090499999999999581e-01,-1.635999999999999954e-02,-3.392206131657827389e-02,0.000000000000000000e+00
7.104500000000000259e-01,-1.641000000000000097e-02,-3.413256827940620158e-02,0.000000000000000000e+00
7.206900000000000528e-01,-1.676000000000000059e-02,-3.471958790825199759e-02,0.000000000000000000e+00
7.399200000000000221e-01,-1.768000000000000127e-02,-3.942511723039514304e-02,0.000000000000000000e+00
7.399200000000000221e-01,-1.768000000000000127e-02,-3.942511723039514304e-02,0.000000000000000000e+00
7.546199999999999575e-01,-1.796000000000000027e-02,-4.067042376828332306e-02,0.000000000000000000e+00
7.546199999999999575e-01,-1.796000000000000027e-02,-4.067042376828332306e-02,0.000000000000000000e+00
7.723400000000000265e-01,-1.820000000000000090e-02,-3.899180887421643815e-02,0.000000000000000000e+00
7.871599999999999708e-01,-1.816999999999999865e-02,-3.707201282260125935e-02,0.000000000000000000e+00
7.871599999999999708e-01,-1.816999999999999865e-02,-3.707201282260125935e-02,0.000000000000000000e+00
7.886600000000000277e-01,-1.816999999999999865e-02,-3.687318562848832665e-02,0.000000000000000000e+00
8.047999999999999599e-01,-1.906000000000000055e-02,-3.756840335805164410e-02,0.000000000000000000e+00
8.229400000000000048e-01,-1.994999999999999898e-02,-3.840672657442439214e-02,0.000000000000000000e+00
8.229400000000000048e-01,-1.994999999999999898e-02,-3.840672657442439214e-02,0.000000000000000000e+00
8.350899999999999990e-01,-2.068000000000000047e-02,-3.941846682589651013e-02,0.000000000000000000e+00
8.361699999999999688e-01,-2.075000000000000108e-02,-3.951322883062464292e-02,0.000000000000000000e+00
8.497999999999999998e-01,-2.140999999999999848e-02,-4.015665642260630303e-02,0.000000000000000000e+00
8.709799999999999764e-01,-2.280000000000000082e-02,-3.935468550444929520e-02,0.000000000000000000e+00
8.709799999999999764e-01,-2.280000000000000082e-02,-3.935468550444929520e-02,0.000000000000000000e+00
8.895800000000000374e-01,-2.510000000000000078e-02,-4.219309106345863619e-02,0.000000000000000000e+00
8.895800000000000374e-01,-2.510000000000000078e-02,-4.219309106345863619e-02,0.000000000000000000e+00
9.050799999999999956e-01,-2.596000000000000044e-02,-4.301309687667718290e-02,0.000000000000000000e+00
9.050799999999999956e-01,-2.596000000000000044e-02,-4.301309687667718290e-02,0.000000000000000000e+00
9.305099999999999483e-01,-2.604000000000000065e-02,-4.652966066048344618e-02,0.000000000000000000e+00
9.332700000000000440e-01,-2.605999999999999983e-02,-4.692681335214381189e-02,0.000000000000000000e+00
9.502699999999999481e-01,-2.708999999999999950e-02,-4.736003171788010641e-02,0.000000000000000000e+00
9.502699999999999481e-01,-2.708999999999999950e-02,-4.736003171788010641e-02,0.000000000000000000e+00
9.523399999999999643e-01,-2.722000000000000114e-02,-4.741344170548057735e-02,0.000000000000000000e+00
9.842800000000000438e-01,-2.876000000000000084e-02,-5.089474109390546008e-02,0.000000000000000000e+00
9.842800000000000438e-01,-2.876000000000000084e-02,-5.089474109390546008e-02,0.000000000000000000e+00
9.842800000000000438e-01,-2.876000000000000084e-02,-5.089474109390546008e-02,0.000000000000000000e+00
9.974899999999999878e-01,-2.881999999999999840e-02,-4.941488191473449726e-02,0.000000000000000000e+00
1.016159999999999952e+00,-2.960000000000000131e-02,-4.971229674929438652e-02,0.000000000000000000e+00
1.018080000000000096e+00,-2.969000000000000111e-02,-4.976157557728163455e-02,0.000000000000000000e+00
1.032729999999999926e+00,-3.049999999999999933e-02,-4.833881786611161913e-02,0.000000000000000000e+00
1.034219999999999917e+00,-3.057999999999999954e-02,-4.819369371503973154e-02,0.000000000000000000e+00
1.048699999999999966e+00,-3.132000000000000062e-02,-4.870810259398533626e-02,0.000000000000000000e+00
1.064840000000000009e+00,-3.237000000000000294e-02,-4.934944592557756471e-02,0.000000000000000000e+00
1.064840000000000009e+00,-3.237000000000000294e-02,-4.934944592557756471e-02,0.000000000000000000e+00
1.077299999999999924e+00,-3.287000000000000338e-02,-4.802307124326779530e-02,0.000000000000000000e+00
1.077299999999999924e+00,-3.287000000000000338e-02,-4.802307124326779530e-02,0.000000000000000000e+00
1.096740000000000048e+00,-3.457999999999999963e-02,-5.078932592338970126e-02,0.000000000000000000e+00
1.098340000000000094e+00,-3.472000000000000086e-02,-5.104482665135539471e-02,0.000000000000000000e+00
1.098340000000000094e+00,-3.472000000000000086e-02,-5.104482665135539471e-02,0.000000000000000000e+00
1.098340000000000094e+00,-3.472000000000000086e-02,-5.104482665135539471e-02,0.000000000000000000e+00
1.098340000000000094e+00,-3.472000000000000086e-02,-5.104482665135539471e-02,0.000000000000000000e+00
1.098340000000000094e+00,-3.472000000000000086e-02,-5.104482665135539471e-02,0.000000000000000000e+00
1.120919999999999916e+00,-3.760999999999999760e-02,-5.199728359823625745e-02,0.000000000000000000e+00
1.154640000000000111e+00,-3.993000000000000022e-02,-5.620549076129856964e-02,0.000000000000000000e+00
1.171130000000000004e+00,-4.114999999999999908e-02,-5.713569333595025501e-02,0.000000000000000000e+00
1.187729999999999952e+00,-4.191999999999999893e-02,-5.799161671784638233e-02,0.000000000000000000e+00
1.204599999999999893e+00,-4.245999999999999774e-02,-5.852073961078005371e-02,0.000000000000000000e+00
1.204599999999999893e+00,-4.245999999999999774e-02,-5.852073961078005371e-02,0.000000000000000000e+00
1.221309999999999896e+00,-4.297000000000000125e-02,-5.900108134513436242e-02,0.000000000000000000e+00
1.238310000000000022e+00,-4.358999999999999680e-02,-5.680597314478694204e-02,0.000000000000000000e+00
1.238310000000000022e+00,-4.358999999999999680e-02,-5.680597314478694204e-02,0.000000000000000000e+00
1.266920000000000046e+00,-4.413999999999999868e-02,-5.779740097488157008e-02,0.000000000000000000e+00
1.266920000000000046e+00,-4.413999999999999868e-02,-5.779740097488157008e-02,0.000000000000000000e+00
1.269589999999999996e+00,-4.420000000000000318e-02,-5.791983734989555876e-02,0.000000000000000000e+00
1.281209999999999960e+00,-4.501999999999999752e-02,-6.092068076768475393e-02,0.000000000000000000e+00
1.292580000000000062e+00,-4.581999999999999962e-02,-5.982604179277773576e-02,0.000000000000000000e+00
1.292580000000000062e+00,-4.581999999999999962e-02,-5.982604179277773576e-02,0.000000000000000000e+00
1.314750000000000085e+00,-4.721000000000000196e-02,-5.779300609701537583e-02,0.000000000000000000e+00
1.327849999999999975e+00,-4.880999999999999922e-02,-5.817637093146346694e-02,0.000000000000000000e+00
1.327849999999999975e+00,-4.880999999999999922e-02,-5.817637093146346694e-02,0.000000000000000000e+00
1.345059999999999922e+00,-5.038999999999999729e-02,-5.881457086956325131e-02,0.000000000000000000e+00
1.345059999999999922e+00,-5.038999999999999729e-02,-5.881457086956325131e-02,0.000000000000000000e+00
1.363240000000000007e+00,-5.158000000000000085e-02,-5.734821153273541444e-02,0.000000000000000000e+00
1.364770000000000039e+00,-5.167999999999999677e-02,-5.720747103373446246e-02,0.000000000000000000e+00
1.375199999999999978e+00,-5.217999999999999722e-02,-6.515069377568419307e-02,0.000000000000000000e+00
1.397310000000000052e+00,-5.362999999999999712e-02,-6.407559206136102803e-02,0.000000000000000000e+00
1.397310000000000052e+00,-5.362999999999999712e-02,-6.407559206136102803e-02,0.000000000000000000e+00
1.416379999999999972e+00,-5.492999999999999966e-02,-6.447794504277921945e-02,0.000000000000000000e+00
1.416379999999999972e+00,-5.492999999999999966e-02,-6.447794504277921945e-02,0.000000000000000000e+00
1.429540000000000033e+00,-5.589999999999999830e-02,-6.493680876808864688e-02,0.000000000000000000e+00
1.429540000000000033e+00,-5.589999999999999830e-02,-6.493680876808864688e-02,0.000000000000000000e+00
1.442269999999999941e+00,-5.598000000000000198e-02,-6.537692297841714295e-02,0.000000000000000000e+00
1.442269999999999941e+00,-5.598000000000000198e-02,-6.537692297841714295e-02,0.000000000000000000e+00
1.470539999999999958e+00,-5.854000000000000176e-02,-6.358093285075944179e-02,0.000000000000000000e+00
1.473309999999999897e+00,-5.879999999999999810e-02,-6.339705205062153015e-02,0.000000000000000000e+00
1.490450000000000053e+00,-6.006000000000000227e-02,-6.404152582491204337e-02,0.000000000000000000e+00
1.502979999999999983e+00,-6.110999999999999766e-02,-6.734315107728669481e-02,0.000000000000000000e+00
1.516669999999999963e+00,-6.221999999999999753e-02,-6.325834291003308574e-02,0.000000000000000000e+00
1.516669999999999963e+00,-6.221999999999999753e-02,-6.325834291003308574e-02,0.000000000000000000e+00
1.535080000000000000e+00,-6.385000000000000397e-02,-6.355157371762958085e-02,0.000000000000000000e+00
1.535080000000000000e+00,-6.385000000000000397e-02,-6.355157371762958085e-02,0.000000000000000000e+00
1.553900000000000059e+00,-6.547000000000000042e-02,-6.699953668346091129e-02,0.000000000000000000e+00
1.555290000000000061e+00,-6.560000000000000553e-02,-6.727217545639267715e-02,0.000000000000000000e+00
1.561450000000000005e+00,-6.623999999999999333e-02,-6.790846840957801001e-02,0.000000000000000000e+00
1.562019999999999964e+00,-6.629999999999999782e-02,-6.796561218809638039e-02,0.000000000000000000e+00
1.579779999999999962e+00,-6.765000000000000180e-02,-6.864116234325089161e-02,0.000000000000000000e+00
1.604409999999999892e+00,-6.937999999999999723e-02,-7.200039125467759538e-02,0.000000000000000000e+00
1.604409999999999892e+00,-6.937999999999999723e-02,-7.200039125467759538e-02,0.000000000000000000e+00
1.624470000000000081e+00,-6.977999999999999481e-02,-7.343094910978995027e-02,0.000000000000000000e+00
1.625950000000000006e+00,-6.979000000000000481e-02,-7.352574029762097563e-02,0.000000000000000000e+00
1.644579999999999931e+00,-7.094999999999999918e-02,-7.384077981141380642e-02,0.000000000000000000e+00
1.656900000000000039e+00,-7.183000000000000496e-02,-7.745983821050135554e-02,0.000000000000000000e+00
1.656900000000000039e+00,-7.183000000000000496e-02,-7.745983821050135554e-02,0.000000000000000000e+00
1.677189999999999959e+00,-7.270999999999999686e-02,-7.534329613211050714e-02,0.000000000000000000e+00
1.677189999999999959e+00,-7.270999999999999686e-02,-7.534329613211050714e-02,0.000000000000000000e+00
1.690800000000000081e+00,-7.348000000000000365e-02,-7.542997926070674208e-02,0.000000000000000000e+00
1.691750000000000087e+00,-7.352999999999999814e-02,-7.545069568809657790e-02,0.000000000000000000e+00
1.704039999999999999e+00,-7.420999999999999819e-02,-7.657112677769545295e-02,0.000000000000000000e+00
1.723780000000000090e+00,-7.580000000000000626e-02,-7.743293835359033039e-02,0.000000000000000000e+00
1.723780000000000090e+00,-7.580000000000000626e-02,-7.743293835359033039e-02,0.000000000000000000e+00
1.744529999999999914e+00,-7.781000000000000416e-02,-7.556451279653758624e-02,0.000000000000000000e+00
1.744529999999999914e+00,-7.781000000000000416e-02,-7.556451279653758624e-02,0.000000000000000000e+00
1.744529999999999914e+00,-7.781000000000000416e-02,-7.556451279653758624e-02,0.000000000000000000e+00
1.771290000000000031e+00,-8.081000000000000683e-02,-7.999042705838391165e-02,0.000000000000000000e+00
1.771290000000000031e+00,-8.081000000000000683e-02,-7.999042705838391165e-02,0.000000000000000000e+00
1.791870000000000074e+00,-8.258999999999999675e-02,-8.019004274869706572e-02,0.000000000000000000e+00
1.791870000000000074e+00,-8.258999999999999675e-02,-8.019004274869706572e-02,0.000000000000000000e+00
1.800110000000000099e+00,-8.358999999999999764e-02,-7.860263666050240627e-02,0.000000000000000000e+00
1.800110000000000099e+00,-8.358999999999999764e-02,-7.860263666050240627e-02,0.000000000000000000e+00
1.820109999999999895e+00,-8.544000000000000206e-02,-7.882031758746869954e-02,0.000000000000000000e+00
1.820109999999999895e+00,-8.544000000000000206e-02,-7.882031758746869954e-02,0.000000000000000000e+00
1.833280000000000021e+00,-8.673999999999999766e-02,-8.538054391578936420e-02,0.000000000000000000e+00
1.854300000000000059e+00,-8.873000000000000331e-02,-8.397002217206997465e-02,0.000000000000000000e+00
1.854300000000000059e+00,-8.873000000000000331e-02,-8.397002217206997465e-02,0.000000000000000000e+00
1.868870000000000031e+00,-8.974999999999999645e-02,-8.409064663277991680e-02,0.000000000000000000e+00
1.868870000000000031e+00,-8.974999999999999645e-02,-8.409064663277991680e-02,0.000000000000000000e+00
1.888560000000000016e+00,-9.120000000000000329e-02,-8.755414373367476077e-02,0.000000000000000000e+00
1.890970000000000040e+00,-9.138999999999999901e-02,-8.799855667095529688e-02,0.000000000000000000e+00
1.911350000000000104e+00,-9.367999999999999938e-02,-8.582133833477180451e-02,0.000000000000000000e+00
1.925419999999999909e+00,-9.464999999999999802e-02,-8.918512670694822564e-02,0.000000000000000000e+00
1.925419999999999909e+00,-9.464999999999999802e-02,-8.918512670694822564e-02,0.000000000000000000e+00
1.947149999999999936e+00,-9.679000000000000103e-02,-8.746130857970886574e-02,0.000000000000000000e+00
1.947149999999999936e+00,-9.679000000000000103e-02,-8.746130857970886574e-02,0.000000000000000000e+00
1.953089999999999993e+00,-9.732999999999999985e-02,-8.777545511546573642e-02,0.000000000000000000e+00
1.965770000000000017e+00,-9.816999999999999338e-02,-8.494382696102066588e-02,0.000000000000000000e+00
1.965770000000000017e+00,-9.816999999999999338e-02,-8.494382696102066588e-02,0.000000000000000000e+00
1.986390000000000100e+00,-9.987999999999999656e-02,-8.290791411845019332e-02,0.000000000000000000e+00
1.986390000000000100e+00,-9.987999999999999656e-02,-8.290791411845019332e-02,0.000000000000000000e+00
1.993659999999999988e+00,-1.002399999999999958e-01,-8.561915534264102901e-02,0.000000000000000000e+00
1.993659999999999988e+00,-1.002399999999999958e-01,-8.561915534264102901e-02,0.000000000000000000e+00
2.004539999999999988e+00,-1.018899999999999945e-01,-8.644918729239660371e-02,0.000000000000000000e+00
2.005430000000000046e+00,-1.020299999999999957e-01,-8.649665428398978229e-02,0.000000000000000000e+00
2.007530000000000037e+00,-1.023400000000000004e-01,-8.688877360458426014e-02,0.000000000000000000e+00
2.007530000000000037e+00,-1.023400000000000004e-01,-8.688877360458426014e-02,0.000000000000000000e+00
2.007530000000000037e+00,-1.023400000000000004e-01,-8.688877360458426014e-02,0.000000000000000000e+00
2.007530000000000037e+00,-1.023400000000000004e-01,-8.688877360458426014e-02,0.000000000000000000e+00
2.007699999999999818e+00,-1.023600000000000065e-01,-8.692196543074502679e-02,0.000000000000000000e+00
2.007699999999999818e+00,-1.023600000000000065e-01,-8.692196543074502679e-02,0.000000000000000000e+00
2.007699999999999818e+00,-1.023600000000000065e-01,-8.692196543074502679e-02,0.000000000000000000e+00
2.007699999999999818e+00,-1.023600000000000065e-01,-8.692196543074502679e-02,0.000000000000000000e+00
2.007699999999999818e+00,-1.023600000000000065e-01,-8.692196543074502679e-02,0.000000000000000000e+00
2.007699999999999818e+00,-1.023600000000000065e-01,-8.692196543074502679e-02,0.000000000000000000e+00
2.007699999999999818e+00,-1.023600000000000065e-01,-8.692196543074502679e-02,0.000000000000000000e+00
2.007699999999999818e+00,-1.023600000000000065e-01,-8.692196543074502679e-02,0.000000000000000000e+00
2.007699999999999818e+00,-1.023600000000000065e-01,-8.692196543074502679e-02,0.000000000000000000e+00
2.007699999999999818e+00,-1.023600000000000065e-01,-8.692196543074502679e-02,0.000000000000000000e+00
2.007699999999999818e+00,-1.023600000000000065e-01,-8.692196543074502679e-02,0.000000000000000000e+00
2.007699999999999818e+00,-1.023600000000000065e-01,-8.692196543074502679e-02,0.000000000000000000e+00
2.007699999999999818e+00,-1.023600000000000065e-01,-8.692196543074502679e-02,0.000000000000000000e+00
2.007699999999999818e+00,-1.023600000000000065e-01,-8.692196543074502679e-02,0.000000000000000000e+00
2.007699999999999818e+00,-1.023600000000000065e-01,-8.692196543074502679e-02,0.000000000000000000e+00
2.007699999999999818e+00,-1.023600000000000065e-01,-8.692196543074502679e-02,0.000000000000000000e+00
2.007699999999999818e+00,-1.023600000000000065e-01,-8.692196543074502679e-02,0.000000000000000000e+00
2.007699999999999818e+00,-1.023600000000000065e-01,-8.692196543074502679e-02,0.000000000000000000e+00
2.007699999999999818e+00,-1.023600000000000065e-01,-8.692196543074502679e-02,0.000000000000000000e+00
2.007699999999999818e+00,-1.023600000000000065e-01,-8.692196543074502679e-02,0.000000000000000000e+00
2.007699999999999818e+00,-1.023600000000000065e-01,-8.692196543074502679e-02,0.000000000000000000e+00
2.007699999999999818e+00,-1.023600000000000065e-01,-8.692196543074502679e-02,0.000000000000000000e+00
2.007699999999999818e+00,-1.023600000000000065e-01,-8.692196543074502679e-02,0.000000000000000000e+00
2.007699999999999818e+00,-1.023600000000000065e-01,-8.692196543074502679e-02,0.000000000000000000e+00
-1.000000000000000082e-05,-9.000000000000000567e-05,0.000000000000000000e+00,0.000000000000000000e+00
-1.000000000000000082e-05,-9.000000000000000567e-05,0.000000000000000000e+00,0.000000000000000000e+00
-1.000000000000000082e-05,-9.000000000000000567e-05,0.000000000000000000e+00,0.000000000000000000e+00
9.100000000000000016e-04,-1.600000000000000131e-04,2.278137309463339460e-04,0.000000000000000000e+00
1.149999999999999981e-03,-1.399999999999999877e-04,-1.255768632060461250e-03,0.000000000000000000e+00
1.149999999999999981e-03,-1.399999999999999877e-04,-1.255768632060461250e-03,0.000000000000000000e+00
1.499999999999999869e-04,5.000000000000000240e-05,-1.532727470849838073e-03,0.000000000000000000e+00
1.600000000000000131e-04,-1.200000000000000030e-04,-1.554418421923295900e-03,0.000000000000000000e+00
1.600000000000000131e-04,-1.200000000000000030e-04,-1.554418421923295900e-03,0.000000000000000000e+00
1.600000000000000131e-04,-1.200000000000000030e-04,-1.554418421923295900e-03,0.000000000000000000e+00
1.700000000000000122e-04,-1.399999999999999877e-04,-1.555163256781890487e-03,0.000000000000000000e+00
-9.000000000000000567e-05,8.000000000000000654e-05,-1.196435432177529691e-03,0.000000000000000000e+00
-8.000000000000000654e-05,8.000000000000000654e-05,-1.163689757599213051e-03,0.000000000000000000e+00
-1.000000000000000082e-05,9.000000000000000567e-05,-1.519136910204344545e-03,0.000000000000000000e+00
2.710000000000000169e-03,-1.299999999999999886e-04,-1.432651041621718071e-03,0.000000000000000000e+00
2.710000000000000169e-03,-1.299999999999999886e-04,-1.432651041621718071e-03,0.000000000000000000e+00
6.669999999999999714e-03,-2.599999999999999772e-04,-1.567951972862783542e-03,0.000000000000000000e+00
6.669999999999999714e-03,-2.599999999999999772e-04,-1.567951972862783542e-03,0.000000000000000000e+00
1.081999999999999976e-02,-4.000000000000000327e-05,-7.721939162358070711e-04,0.000000000000000000e+00
1.115000000000000019e-02,-2.000000000000000164e-05,-7.009696722027823320e-04,0.000000000000000000e+00
1.815999999999999906e-02,-1.800000000000000113e-04,-3.679538069512454813e-03,0.000000000000000000e+00
2.996000000000000052e-02,-9.300000000000000541e-04,-5.076047765343805890e-03,0.000000000000000000e+00
2.996000000000000052e-02,-9.300000000000000541e-04,-5.076047765343805890e-03,0.000000000000000000e+00
2.996000000000000052e-02,-9.300000000000000541e-04,-5.076047765343805890e-03,0.000000000000000000e+00
2.996000000000000052e-02,-9.300000000000000541e-04,-5.076047765343805890e-03,0.000000000000000000e+00
4.916999999999999843e-02,-1.069999999999999988e-03,-8.262136393019269692e-03,0.000000000000000000e+00
5.022999999999999687e-02,-1.100000000000000066e-03,-8.288334845141924825e-03,0.000000000000000000e+00
5.022999999999999687e-02,-1.100000000000000066e-03,-8.288334845141924825e-03,0.000000000000000000e+00
5.022999999999999687e-02,-1.100000000000000066e-03,-8.288334845141924825e-03,0.000000000000000000e+00
7.109000000000000041e-02,-1.039999999999999909e-03,-1.030586802700742335e-02,0.000000000000000000e+00
8.422999999999999932e-02,-1.340000000000000045e-03,-1.078881318757691360e-02,0.000000000000000000e+00
8.545999999999999430e-02,-1.369999999999999907e-03,-1.083350285791197069e-02,0.000000000000000000e+00
9.675999999999999879e-02,-1.289999999999999914e-03,-1.402802160121748368e-02,0.000000000000000000e+00
1.090300000000000019e-01,-9.899999999999999946e-04,-1.126405810416569904e-02,0.000000000000000000e+00
1.090300000000000019e-01,-9.899999999999999946e-04,-1.126405810416569904e-02,0.000000000000000000e+00
1.261200000000000099e-01,-9.799999999999999684e-04,-1.312200162358573112e-02,0.000000000000000000e+00
1.261200000000000099e-01,-9.799999999999999684e-04,-1.312200162358573112e-02,0.000000000000000000e+00
1.384700000000000097e-01,-5.999999999999999474e-04,-1.275649440273532789e-02,0.000000000000000000e+00
1.395299999999999874e-01,-5.599999999999999509e-04,-1.270223974292155472e-02,0.000000000000000000e+00
1.531599999999999906e-01,-7.299999999999999632e-04,-1.119025442166278125e-02,0.000000000000000000e+00
1.670699999999999963e-01,-8.599999999999999789e-04,-1.351831428423600281e-02,0.000000000000000000e+00
1.670699999999999963e-01,-8.599999999999999789e-04,-1.351831428423600281e-02,0.000000000000000000e+00
1.839699999999999946e-01,-1.319999999999999993e-03,-1.373115566906760524e-02,0.000000000000000000e+00
1.997099999999999986e-01,-1.469999999999999953e-03,-9.037084886843706893e-03,0.000000000000000000e+00
1.997099999999999986e-01,-1.469999999999999953e-03,-9.037084886843706893e-03,0.000000000000000000e+00
2.138700000000000045e-01,-1.619999999999999912e-03,-9.457424645687724507e-03,0.000000000000000000e+00
2.138700000000000045e-01,-1.619999999999999912e-03,-9.457424645687724507e-03,0.000000000000000000e+00
2.323199999999999987e-01,-2.880000000000000181e-03,-1.013502216407680817e-02,0.000000000000000000e+00
2.338999999999999968e-01,-2.990000000000000036e-03,-1.019081085050705868e-02,0.000000000000000000e+00
2.440900000000000014e-01,-2.840000000000000076e-03,-8.990137959659465217e-03,0.000000000000000000e+00
2.597099999999999964e-01,-3.269999999999999903e-03,-1.115129956835602711e-02,0.000000000000000000e+00
2.597099999999999964e-01,-3.269999999999999903e-03,-1.115129956835602711e-02,0.000000000000000000e+00
2.829400000000000248e-01,-4.769999999999999934e-03,-1.604843937236697174e-02,0.000000000000000000e+00
2.850699999999999901e-01,-4.930000000000000354e-03,-1.648872241577438100e-02,0.000000000000000000e+00
3.002400000000000069e-01,-5.539999999999999786e-03,-1.870300396729277989e-02,0.000000000000000000e+00
3.017799999999999927e-01,-5.610000000000000403e-03,-1.892771549064508133e-02,0.000000000000000000e+00
3.171800000000000175e-01,-5.799999999999999600e-03,-2.109807572480038723e-02,0.000000000000000000e+00
3.305500000000000105e-01,-5.449999999999999983e-03,-2.288150295762131012e-02,0.000000000000000000e+00
3.316299999999999804e-01,-5.420000000000000338e-03,-2.302356979898799796e-02,0.000000000000000000e+00
3.487100000000000199e-01,-5.579999999999999891e-03,-2.324986772076753638e-02,0.000000000000000000e+00
3.626099999999999879e-01,-5.309999999999999616e-03,-2.049160982641652293e-02,0.000000000000000000e+00
3.626099999999999879e-01,-5.309999999999999616e-03,-2.049160982641652293e-02,0.000000000000000000e+00
3.814299999999999913e-01,-6.009999999999999717e-03,-2.088934630345640198e-02,0.000000000000000000e+00
3.814299999999999913e-01,-6.009999999999999717e-03,-2.088934630345640198e-02,0.000000000000000000e+00
3.975400000000000045e-01,-6.590000000000000371e-03,-1.788671059003216907e-02,0.000000000000000000e+00
4.130199999999999982e-01,-6.859999999999999779e-03,-1.747875789951517170e-02,0.000000000000000000e+00
4.130199999999999982e-01,-6.859999999999999779e-03,-1.747875789951517170e-02,0.000000000000000000e+00
4.144300000000000206e-01,-6.879999999999999831e-03,-1.746993981167101542e-02,0.000000000000000000e+00
4.287199999999999900e-01,-7.179999999999999750e-03,-1.615524721271650518e-02,0.000000000000000000e+00
4.443799999999999972e-01,-8.139999999999999666e-03,-1.536538353957630186e-02,0.000000000000000000e+00
4.459799999999999875e-01,-8.240000000000000796e-03,-1.529153314493965354e-02,0.000000000000000000e+00
4.599900000000000100e-01,-8.869999999999999413e-03,-1.927276596417193746e-02,0.000000000000000000e+00
4.599900000000000100e-01,-8.869999999999999413e-03,-1.927276596417193746e-02,0.000000000000000000e+00
4.736099999999999755e-01,-9.060000000000000345e-03,-2.376755862334153230e-02,0.000000000000000000e+00
4.934700000000000197e-01,-9.950000000000000511e-03,-2.660995157637351116e-02,0.000000000000000000e+00
4.954500000000000015e-01,-1.004000000000000031e-02,-2.687050418633149182e-02,0.000000000000000000e+00
5.153499999999999748e-01,-9.129999999999999227e-03,-3.022414621098420615e-02,0.000000000000000000e+00
5.321599999999999664e-01,-9.469999999999999252e-03,-3.100370204022682985e-02,0.000000000000000000e+00
5.321599999999999664e-01,-9.469999999999999252e-03,-3.100370204022682985e-02,0.000000000000000000e+00
5.481399999999999606e-01,-9.900000000000000813e-03,-3.125934189130104984e-02,0.000000000000000000e+00
5.481399999999999606e-01,-9.900000000000000813e-03,-3.125934189130104984e-02,0.000000000000000000e+00
5.646200000000000108e-01,-1.021999999999999992e-02,-3.352006225644769272e-02,0.000000000000000000e+00
5.808999999999999719e-01,-1.005999999999999950e-02,-3.156634505994405232e-02,0.000000000000000000e+00
5.808999999999999719e-01,-1.005999999999999950e-02,-3.156634505994405232e-02,0.000000000000000000e+00
6.001900000000000013e-01,-1.060999999999999964e-02,-3.006572038742861760e-02,0.000000000000000000e+00
6.001900000000000013e-01,-1.060999999999999964e-02,-3.006572038742861760e-02,0.000000000000000000e+00
6.146899999999999586e-01,-1.072999999999999995e-02,-2.672846820836962539e-02,0.000000000000000000e+00
6.146899999999999586e-01,-1.072999999999999995e-02,-2.672846820836962539e-02,0.000000000000000000e+00
6.309099999999999708e-01,-1.171999999999999952e-02,-2.910154931887529162e-02,0.000000000000000000e+00
6.452499999999999902e-01,-1.205999999999999954e-02,-2.752644947779210247e-02,0.000000000000000000e+00
6.452499999999999902e-01,-1.205999999999999954e-02,-2.752644947779210247e-02,0.000000000000000000e+00
6.645100000000000451e-01,-1.277999999999999969e-02,-2.790213040304881029e-02,0.000000000000000000e+00
6.645100000000000451e-01,-1.277999999999999969e-02,-2.790213040304881029e-02,0.000000000000000000e+00
6.663400000000000434e-01,-1.285000000000000031e-02,-2.795816540467267047e-02,0.000000000000000000e+00
6.820199999999999596e-01,-1.389999999999999916e-02,-2.608145971702223800e-02,0.000000000000000000e+00
6.934399999999999453e-01,-1.434000000000000032e-02,-2.911724441607075817e-02,0.000000000000000000e+00
7.098200000000000065e-01,-1.519999999999999997e-02,-3.349048922251121607e-02,0.000000000000000000e+00
7.098200000000000065e-01,-1.519999999999999997e-02,-3.349048922251121607e-02,0.000000000000000000e+00
7.246899999999999453e-01,-1.583999999999999991e-02,-3.495596148262388597e-02,0.000000000000000000e+00
7.246899999999999453e-01,-1.583999999999999991e-02,-3.495596148262388597e-02,0.000000000000000000e+00
7.414600000000000080e-01,-1.637999999999999873e-02,-3.727562659495338437e-02,0.000000000000000000e+00
7.594999999999999529e-01,-1.733000000000000165e-02,-3.793397850867451238e-02,0.000000000000000000e+00
7.594999999999999529e-01,-1.733000000000000165e-02,-3.793397850867451238e-02,0.000000000000000000e+00
7.609700000000000353e-01,-1.740999999999999839e-02,-3.797191165812071473e-02,0.000000000000000000e+00
7.609700000000000353e-01,-1.740999999999999839e-02,-3.797191165812071473e-02,0.000000000000000000e+00
7.899599999999999955e-01,-1.795000000000000068e-02,-4.111861954572481465e-02,0.000000000000000000e+00
8.063700000000000312e-01,-1.791999999999999843e-02,-4.157128140426220864e-02,0.000000000000000000e+00
8.063700000000000312e-01,-1.791999999999999843e-02,-4.157128140426220864e-02,0.000000000000000000e+00
8.245599999999999596e-01,-1.848999999999999949e-02,-3.803150753016121960e-02,0.000000000000000000e+00
8.245599999999999596e-01,-1.848999999999999949e-02,-3.803150753016121960e-02,0.000000000000000000e+00
8.429400000000000226e-01,-1.934999999999999915e-02,-4.038035499569332665e-02,0.000000000000000000e+00
8.445200000000000484e-01,-1.943999999999999895e-02,-4.063517754031965162e-02,0.000000000000000000e+00
8.581900000000000084e-01,-2.018999999999999961e-02,-3.956031772809007890e-02,0.000000000000000000e+00
8.581900000000000084e-01,-2.018999999999999961e-02,-3.956031772809007890e-02,0.000000000000000000e+00
8.730499999999999927e-01,-2.085000000000000048e-02,-4.204747410285035458e-02,0.000000000000000000e+00
8.883999999999999675e-01,-2.146999999999999950e-02,-4.053331465695187569e-02,0.000000000000000000e+00
8.883999999999999675e-01,-2.146999999999999950e-02,-4.053331465695187569e-02,0.000000000000000000e+00
8.896800000000000264e-01,-2.152000000000000093e-02,-4.037112040101608484e-02,0.000000000000000000e+00
9.223599999999999577e-01,-2.409999999999999989e-02,-4.192330441041619560e-02,0.000000000000000000e+00
9.223599999999999577e-01,-2.409999999999999989e-02,-4.192330441041619560e-02,0.000000000000000000e+00
9.375299999999999745e-01,-2.487999999999999934e-02,-4.515143689861182696e-02,0.000000000000000000e+00
9.375299999999999745e-01,-2.487999999999999934e-02,-4.515143689861182696e-02,0.000000000000000000e+00
9.528499999999999748e-01,-2.580999999999999961e-02,-4.583754529703644442e-02,0.000000000000000000e+00
9.681899999999999951e-01,-2.639000000000000026e-02,-4.879080883641423450e-02,0.000000000000000000e+00
9.681899999999999951e-01,-2.639000000000000026e-02,-4.879080883641423450e-02,0.000000000000000000e+00
9.874399999999999844e-01,-2.745999999999999830e-02,-4.725017826785266051e-02,0.000000000000000000e+00
9.874399999999999844e-01,-2.745999999999999830e-02,-4.725017826785266051e-02,0.000000000000000000e+00
1.003109999999999946e+00,-2.833000000000000101e-02,-5.224138106629488965e-02,0.000000000000000000e+00
1.018920000000000048e+00,-2.867000000000000104e-02,-5.048617453621295770e-02,0.000000000000000000e+00
1.018920000000000048e+00,-2.867000000000000104e-02,-5.048617453621295770e-02,0.000000000000000000e+00
1.038810000000000011e+00,-2.911000000000000046e-02,-4.852666754517265951e-02,0.000000000000000000e+00
1.038810000000000011e+00,-2.911000000000000046e-02,-4.852666754517265951e-02,0.000000000000000000e+00
1.054840000000000000e+00,-2.992999999999999827e-02,-5.140654155846439977e-02,0.000000000000000000e+00
1.056249999999999911e+00,-3.002000000000000154e-02,-5.170960984765099466e-02,0.000000000000000000e+00
1.070650000000000102e+00,-3.084999999999999895e-02,-5.248195790852160092e-02,0.000000000000000000e+00
1.095339999999999980e+00,-3.373999999999999916e-02,-5.065828083213730348e-02,0.000000000000000000e+00
1.095339999999999980e+00,-3.373999999999999916e-02,-5.065828083213730348e-02,0.000000000000000000e+00
1.112859999999999960e+00,-3.518000000000000294e-02,-5.132525235942460989e-02,0.000000000000000000e+00
1.112859999999999960e+00,-3.518000000000000294e-02,-5.132525235942460989e-02,0.000000000000000000e+00
1.129490000000000105e+00,-3.661999999999999977e-02,-5.211965180622468025e-02,0.000000000000000000e+00
1.130600000000000049e+00,-3.670999999999999958e-02,-5.217134612520890613e-02,0.000000000000000000e+00
1.130600000000000049e+00,-3.670999999999999958e-02,-5.217134612520890613e-02,0.000000000000000000e+00
1.130600000000000049e+00,-3.670999999999999958e-02,-5.217134612520890613e-02,0.000000000000000000e+00
1.130600000000000049e+00,-3.670999999999999958e-02,-5.217134612520890613e-02,0.000000000000000000e+00
1.130600000000000049e+00,-3.670999999999999958e-02,-5.217134612520890613e-02,0.000000000000000000e+00
1.130600000000000049e+00,-3.670999999999999958e-02,-5.217134612520890613e-02,0.000000000000000000e+00
1.130600000000000049e+00,-3.670999999999999958e-02,-5.217134612520890613e-02,0.000000000000000000e+00
1.130600000000000049e+00,-3.670999999999999958e-02,-5.217134612520890613e-02,0.000000000000000000e+00
1.130600000000000049e+00,-3.670999999999999958e-02,-5.217134612520890613e-02,0.000000000000000000e+00
1.130600000000000049e+00,-3.670999999999999958e-02,-5.217134612520890613e-02,0.000000000000000000e+00
1.228820000000000023e+00,-4.320999999999999841e-02,-6.359134037498213876e-02,0.000000000000000000e+00
1.245649999999999924e+00,-4.363000000000000211e-02,-6.387080720351934193e-02,0.000000000000000000e+00
1.262760000000000105e+00,-4.415000000000000174e-02,-6.406787082582718340e-02,0.000000000000000000e+00
1.262760000000000105e+00,-4.415000000000000174e-02,-6.406787082582718340e-02,0.000000000000000000e+00
1.280790000000000095e+00,-4.517999999999999794e-02,-6.275163733079910933e-02,0.000000000000000000e+00
1.282200000000000006e+00,-4.526000000000000162e-02,-6.263774279876857531e-02,0.000000000000000000e+00
1.293400000000000105e+00,-4.619000000000000189e-02,-6.056272012032731800e-02,0.000000000000000000e+00
1.321939999999999893e+00,-4.707000000000000073e-02,-6.159790643365477270e-02,0.000000000000000000e+00
1.321939999999999893e+00,-4.707000000000000073e-02,-6.159790643365477270e-02,0.000000000000000000e+00
1.321939999999999893e+00,-4.707000000000000073e-02,-6.159790643365477270e-02,0.000000000000000000e+00
1.324200000000000044e+00,-4.714000000000000135e-02,-6.169876602816002503e-02,0.000000000000000000e+00
1.352649999999999908e+00,-4.961000000000000132e-02,-6.353824425572025814e-02,0.000000000000000000e+00
1.370800000000000018e+00,-5.149999999999999717e-02,-6.411660094648384545e-02,0.000000000000000000e+00
1.370800000000000018e+00,-5.149999999999999717e-02,-6.411660094648384545e-02,0.000000000000000000e+00
1.377439999999999998e+00,-5.301999999999999769e-02,-6.209224662350045637e-02,0.000000000000000000e+00
1.377439999999999998e+00,-5.301999999999999769e-02,-6.209224662350045637e-02,0.000000000000000000e+00
1.399869999999999948e+00,-5.371000000000000080e-02,-6.765551513613730916e-02,0.000000000000000000e+00
1.413459999999999939e+00,-5.444000000000000228e-02,-6.883372585391371590e-02,0.000000000000000000e+00
1.413459999999999939e+00,-5.444000000000000228e-02,-6.883372585391371590e-02,0.000000000000000000e+00
1.430339999999999945e+00,-5.553999999999999909e-02,-7.186462296498061231e-02,0.000000000000000000e+00
1.430339999999999945e+00,-5.553999999999999909e-02,-7.186462296498061231e-02,0.000000000000000000e+00
1.448890000000000011e+00,-5.698000000000000287e-02,-7.249768653911778382e-02,0.000000000000000000e+00
1.467309999999999892e+00,-5.818999999999999867e-02,-7.310080475968000480e-02,0.000000000000000000e+00
1.467309999999999892e+00,-5.818999999999999867e-02,-7.310080475968000480e-02,0.000000000000000000e+00
1.486089999999999911e+00,-5.913999999999999813e-02,-7.083129346815011940e-02,0.000000000000000000e+00
1.486089999999999911e+00,-5.913999999999999813e-02,-7.083129346815011940e-02,0.000000000000000000e+00
1.499400000000000066e+00,-5.958999999999999714e-02,-7.140715049616794263e-02,0.000000000000000000e+00
1.512320000000000109e+00,-6.022000000000000269e-02,-6.913272812034410020e-02,0.000000000000000000e+00
1.512320000000000109e+00,-6.022000000000000269e-02,-6.913272812034410020e-02,0.000000000000000000e+00
1.535539999999999905e+00,-6.217999999999999916e-02,-7.210396973133886833e-02,0.000000000000000000e+00
1.535539999999999905e+00,-6.217999999999999916e-02,-7.210396973133886833e-02,0.000000000000000000e+00
1.550049999999999928e+00,-6.331000000000000516e-02,-7.049850437781771118e-02,0.000000000000000000e+00
1.551220000000000043e+00,-6.339000000000000190e-02,-7.031021344654876659e-02,0.000000000000000000e+00
1.562789999999999901e+00,-6.443999999999999728e-02,-7.135579194734868735e-02,0.000000000000000000e+00
1.582149999999999945e+00,-6.642000000000000681e-02,-6.951429608989853626e-02,0.000000000000000000e+00
1.582149999999999945e+00,-6.642000000000000681e-02,-6.951429608989853626e-02,0.000000000000000000e+00
1.601069999999999993e+00,-6.822000000000000286e-02,-7.241268427523961382e-02,0.000000000000000000e+00
1.601069999999999993e+00,-6.822000000000000286e-02,-7.241268427523961382e-02,0.000000000000000000e+00
1.608470000000000066e+00,-6.865000000000000269e-02,-7.332259274753978595e-02,0.000000000000000000e+00
1.627220000000000111e+00,-7.022000000000000464e-02,-7.437997131934655226e-02,0.000000000000000000e+00
1.627220000000000111e+00,-7.022000000000000464e-02,-7.437997131934655226e-02,0.000000000000000000e+00
1.628670000000000062e+00,-7.033999999999999975e-02,-7.446009129018521522e-02,0.000000000000000000e+00
1.645920000000000050e+00,-7.180000000000000271e-02,-8.022424060838595494e-02,0.000000000000000000e+00
1.665480000000000071e+00,-7.326000000000000567e-02,-8.132044878339912686e-02,0.000000000000000000e+00
1.665480000000000071e+00,-7.326000000000000567e-02,-8.132044878339912686e-02,0.000000000000000000e+00
1.679319999999999924e+00,-7.438999999999999779e-02,-8.202357028303787490e-02,0.000000000000000000e+00
1.679319999999999924e+00,-7.438999999999999779e-02,-8.202357028303787490e-02,0.000000000000000000e+00
1.692430000000000101e+00,-7.527000000000000357e-02,-8.234475870107384188e-02,0.000000000000000000e+00
1.693550000000000111e+00,-7.534000000000000419e-02,-8.236909791666173486e-02,0.000000000000000000e+00
1.718730000000000091e+00,-7.756000000000000394e-02,-8.318457883987463719e-02,0.000000000000000000e+00
1.740180000000000060e+00,-7.968000000000000083e-02,-8.169578660579444873e-02,0.000000000000000000e+00
1.740180000000000060e+00,-7.968000000000000083e-02,-8.169578660579444873e-02,0.000000000000000000e+00
1.747060000000000057e+00,-8.050000000000000211e-02,-8.465877447225730879e-02,0.000000000000000000e+00
1.747060000000000057e+00,-8.050000000000000211e-02,-8.465877447225730879e-02,0.000000000000000000e+00
1.774459999999999926e+00,-8.303000000000000658e-02,-8.258010004784134550e-02,0.000000000000000000e+00
1.776350000000000096e+00,-8.321000000000000618e-02,-8.241527496231949856e-02,0.000000000000000000e+00
1.789050000000000029e+00,-8.422000000000000319e-02,-8.352064247972215694e-02,0.000000000000000000e+00
1.802429999999999977e+00,-8.601999999999999924e-02,-8.443081500715902965e-02,0.000000000000000000e+00
1.802429999999999977e+00,-8.601999999999999924e-02,-8.443081500715902965e-02,0.000000000000000000e+00
1.827809999999999935e+00,-8.742999999999999383e-02,-8.536373679291461847e-02,0.000000000000000000e+00
1.827809999999999935e+00,-8.742999999999999383e-02,-8.536373679291461847e-02,0.000000000000000000e+00
1.842819999999999903e+00,-8.891000000000000292e-02,-8.873315140907041265e-02,0.000000000000000000e+00
1.843869999999999898e+00,-8.902999999999999803e-02,-8.901667662589435315e-02,0.000000000000000000e+00
1.856959999999999944e+00,-9.045999999999999874e-02,-8.701251697178497002e-02,0.000000000000000000e+00
1.876870000000000038e+00,-9.203000000000000069e-02,-9.287136071116053326e-02,0.000000000000000000e+00
1.876870000000000038e+00,-9.203000000000000069e-02,-9.287136071116053326e-02,0.000000000000000000e+00
1.891219999999999901e+00,-9.365999999999999326e-02,-9.454369044876126393e-02,0.000000000000000000e+00
1.891219999999999901e+00,-9.365999999999999326e-02,-9.454369044876126393e-02,0.000000000000000000e+00
1.906099999999999905e+00,-9.500999999999999723e-02,-9.184167444494460708e-02,0.000000000000000000e+00
1.926020000000000065e+00,-9.675000000000000266e-02,-9.824906242435200998e-02,0.000000000000000000e+00
1.926020000000000065e+00,-9.675000000000000266e-02,-9.824906242435200998e-02,0.000000000000000000e+00
1.941140000000000088e+00,-9.758999999999999619e-02,-9.592397686930967393e-02,0.000000000000000000e+00
1.941140000000000088e+00,-9.758999999999999619e-02,-9.592397686930967393e-02,0.000000000000000000e+00
1.954979999999999940e+00,-9.865000000000000158e-02,-9.704175142780897823e-02,0.000000000000000000e+00
1.976539999999999964e+00,-1.004799999999999999e-01,-9.764715294715303751e-02,0.000000000000000000e+00
1.976539999999999964e+00,-1.004799999999999999e-01,-9.764715294715303751e-02,0.000000000000000000e+00
1.991179999999999950e+00,-1.023499999999999965e-01,-9.569338810440257415e-02,0.000000000000000000e+00
1.991179999999999950e+00,-1.023499999999999965e-01,-9.569338810440257415e-02,0.000000000000000000e+00
1.996439999999999992e+00,-1.031299999999999994e-01,-9.555733641309745174e-02,0.000000000000000000e+00
1.996799999999999908e+00,-1.031799999999999939e-01,-9.556227242265301347e-02,0.000000000000000000e+00
2.008119999999999905e+00,-1.040100000000000052e-01,-9.598488136281518868e-02,0.000000000000000000e+00
2.020340000000000025e+00,-1.052799999999999986e-01,-9.671179812413716048e-02,0.000000000000000000e+00
2.020340000000000025e+00,-1.052799999999999986e-01,-9.671179812413716048e-02,0.000000000000000000e+00
2.023940000000000072e+00,-1.060299999999999992e-01,-9.695073845724690165e-02,0.000000000000000000e+00
2.023940000000000072e+00,-1.060299999999999992e-01,-9.695073845724690165e-02,0.000000000000000000e+00
2.026559999999999917e+00,-1.069599999999999995e-01,-9.747334713739694290e-02,0.000000000000000000e+00
2.026769999999999960e+00,-1.070399999999999963e-01,-9.751647810792266058e-02,0.000000000000000000e+00
2.044840000000000213e+00,-1.089399999999999952e-01,-9.771324984068013864e-02,0.000000000000000000e+00
2.046590000000000131e+00,-1.091199999999999948e-01,-9.773222354461857941e-02,0.000000000000000000e+00
2.040210000000000079e+00,-1.087499999999999994e-01,-9.838637376699368997e-02,0.000000000000000000e+00
2.040020000000000167e+00,-1.089900000000000035e-01,-1.014014113497290481e-01,0.000000000000000000e+00
2.040020000000000167e+00,-1.089900000000000035e-01,-1.014014113497290481e-01,0.000000000000000000e+00
2.066230000000000011e+00,-1.113699999999999968e-01,-9.903567392018042259e-02,0.000000000000000000e+00
2.066230000000000011e+00,-1.113699999999999968e-01,-9.903567392018042259e-02,0.000000000000000000e+00
2.052529999999999966e+00,-1.104500000000000065e-01,-1.012435987962130024e-01,0.000000000000000000e+00
2.052529999999999966e+00,-1.104500000000000065e-01,-1.012435987962130024e-01,0.000000000000000000e+00
2.059890000000000221e+00,-1.110199999999999937e-01,-1.015730828401904540e-01,0.000000000000000000e+00
2.061350000000000016e+00,-1.112100000000000033e-01,-9.853869923434650790e-02,0.000000000000000000e+00
2.061409999999999965e+00,-1.112199999999999994e-01,-9.831491345704064522e-02,0.000000000000000000e+00
2.053059999999999885e+00,-1.106300000000000061e-01,-9.868761667615495725e-02,0.000000000000000000e+00
2.052389999999999937e+00,-1.105799999999999977e-01,-9.871801614696536220e-02,0.000000000000000000e+00
2.060020000000000184e+00,-1.111199999999999966e-01,-1.019926878858980618e-01,0.000000000000000000e+00
2.059860000000000024e+00,-1.111199999999999966e-01,-1.016321327308577493e-01,0.000000000000000000e+00
2.069150000000000045e+00,-1.117299999999999960e-01,-9.859234448230486114e-02,0.000000000000000000e+00
2.069150000000000045e+00,-1.117299999999999960e-01,-9.859234448230486114e-02,0.000000000000000000e+00
2.060979999999999812e+00,-1.111800000000000010e-01,-1.016365025690457863e-01,0.000000000000000000e+00
2.059969999999999857e+00,-1.111199999999999966e-01,-1.019953827697911847e-01,0.000000000000000000e+00
2.059969999999999857e+00,-1.111199999999999966e-01,-1.019953827697911847e-01,0.000000000000000000e+00
2.059940000000000104e+00,-1.111400000000000027e-01,-1.016335519775014018e-01,0.000000000000000000e+00
2.059940000000000104e+00,-1.111400000000000027e-01,-1.016335519775014018e-01,0.000000000000000000e+00
2.059860000000000024e+00,-1.111300000000000066e-01,-1.016037451379320500e-01,0.000000000000000000e+00
2.068220000000000169e+00,-1.115700000000000025e-01,-1.016648120323082188e-01,0.000000000000000000e+00
2.068789999999999907e+00,-1.116299999999999931e-01,-1.020447111027331794e-01,0.000000000000000000e+00
2.068789999999999907e+00,-1.116299999999999931e-01,-1.020447111027331794e-01,0.000000000000000000e+00
2.068779999999999841e+00,-1.116299999999999931e-01,-1.020726528411765727e-01,0.000000000000000000e+00
2.068779999999999841e+00,-1.116299999999999931e-01,-1.020726528411765727e-01,0.000000000000000000e+00
2.060540000000000038e+00,-1.111899999999999972e-01,-1.014353386272353885e-01,0.000000000000000000e+00
2.060540000000000038e+00,-1.111899999999999972e-01,-1.014353386272353885e-01,0.000000000000000000e+00
2.060540000000000038e+00,-1.111899999999999972e-01,-1.014353386272353885e-01,0.000000000000000000e+00
2.060540000000000038e+00,-1.111899999999999972e-01,-1.014353386272353885e-01,0.000000000000000000e+00
6.899999999999999667e-04,-1.299999999999999886e-04,0.000000000000000000e+00,1.000000000000000000e+00
6.899999999999999667e-04,-1.299999999999999886e-04,0.000000000000000000e+00,1.000000000000000000e+00
-1.499999999999999869e-04,-4.000000000000000327e-05,2.114254074871648901e-04,1.000000000000000000e+00
-1.499999999999999869e-04,-4.000000000000000327e-05,2.114254074871648901e-04,1.000000000000000000e+00
-5.500000000000000331e-04,-2.000000000000000164e-05,2.029038238114962795e-04,1.000000000000000000e+00
-5.800000000000000034e-04,-2.000000000000000164e-05,2.005135363971239119e-04,1.000000000000000000e+00
7.399999999999999894e-04,0.000000000000000000e+00,3.210731893970106146e-04,1.000000000000000000e+00
7.799999999999999859e-04,-3.000000000000000076e-05,-1.134100319768770572e-03,1.000000000000000000e+00
7.799999999999999859e-04,-3.000000000000000076e-05,-1.134100319768770572e-03,1.000000000000000000e+00
-2.300000000000000070e-04,1.200000000000000030e-04,-4.427471782235837400e-05,1.000000000000000000e+00
-2.300000000000000070e-04,1.200000000000000030e-04,-4.427471782235837400e-05,1.000000000000000000e+00
-3.800000000000000209e-04,-1.000000000000000082e-05,1.944411292893703921e-04,1.000000000000000000e+00
1.299999999999999886e-04,-1.399999999999999877e-04,1.468283268314349603e-04,1.000000000000000000e+00
1.299999999999999886e-04,-1.399999999999999877e-04,1.468283268314349603e-04,1.000000000000000000e+00
1.700000000000000122e-04,-1.499999999999999869e-04,1.411899044336686979e-04,1.000000000000000000e+00
3.099999999999999891e-03,-4.299999999999999894e-04,-3.794501697680106107e-04,1.000000000000000000e+00
7.300000000000000065e-03,-2.300000000000000070e-04,4.260008082708611685e-03,1.000000000000000000e+00
7.300000000000000065e-03,-2.300000000000000070e-04,4.260008082708611685e-03,1.000000000000000000e+00
1.667000000000000079e-02,-2.000000000000000164e-05,4.974965623611995839e-03,1.000000000000000000e+00
2.428999999999999909e-02,2.400000000000000061e-04,8.077395207145300279e-03,1.000000000000000000e+00
2.428999999999999909e-02,2.400000000000000061e-04,8.077395207145300279e-03,1.000000000000000000e+00
3.139000000000000123e-02,6.899999999999999667e-04,1.093208871009178178e-02,1.000000000000000000e+00
3.139000000000000123e-02,6.899999999999999667e-04,1.093208871009178178e-02,1.000000000000000000e+00
4.279999999999999777e-02,4.600000000000000139e-04,1.098372646691305084e-02,1.000000000000000000e+00
4.370999999999999885e-02,4.400000000000000157e-04,1.096851247964077472e-02,1.000000000000000000e+00
5.340999999999999914e-02,4.299999999999999894e-04,1.267546208068811783e-02,1.000000000000000000e+00
6.464000000000000301e-02,8.499999999999999526e-04,1.569869801537444529e-02,1.000000000000000000e+00
6.464000000000000301e-02,8.499999999999999526e-04,1.569869801537444529e-02,1.000000000000000000e+00
7.649999999999999856e-02,1.299999999999999940e-03,1.598284229212873844e-02,1.000000000000000000e+00
7.750999999999999557e-02,1.340000000000000045e-03,1.598768651419932643e-02,1.000000000000000000e+00
8.982999999999999319e-02,1.789999999999999925e-03,1.730056855562488866e-02,1.000000000000000000e+00
1.011900000000000022e-01,2.520000000000000104e-03,1.736363399339597990e-02,1.000000000000000000e+00
1.011900000000000022e-01,2.520000000000000104e-03,1.736363399339597990e-02,1.000000000000000000e+00
1.243200000000000000e-01,3.889999999999999795e-03,1.703939833016925032e-02,1.000000000000000000e+00
1.243200000000000000e-01,3.889999999999999795e-03,1.703939833016925032e-02,1.000000000000000000e+00
1.381600000000000050e-01,4.429999999999999910e-03,1.836083124775670164e-02,1.000000000000000000e+00
1.393500000000000016e-01,4.470000000000000015e-03,1.849649159848771804e-02,1.000000000000000000e+00
1.529399999999999926e-01,4.709999999999999777e-03,1.858718835438306211e-02,1.000000000000000000e+00
1.681699999999999862e-01,5.640000000000000048e-03,1.892508640762238792e-02,1.000000000000000000e+00
1.681699999999999862e-01,5.640000000000000048e-03,1.892508640762238792e-02,1.000000000000000000e+00
1.821599999999999886e-01,6.530000000000000214e-03,1.555259295406350925e-02,1.000000000000000000e+00
1.821599999999999886e-01,6.530000000000000214e-03,1.555259295406350925e-02,1.000000000000000000e+00
1.990999999999999992e-01,7.110000000000000001e-03,1.994378936874699124e-02,1.000000000000000000e+00
2.007799999999999863e-01,7.170000000000000158e-03,2.044552547064212161e-02,1.000000000000000000e+00
2.120900000000000007e-01,7.879999999999999852e-03,2.010964912882146419e-02,1.000000000000000000e+00
2.311999999999999889e-01,8.529999999999999388e-03,2.213598410757296880e-02,1.000000000000000000e+00
2.311999999999999889e-01,8.529999999999999388e-03,2.213598410757296880e-02,1.000000000000000000e+00
2.438299999999999912e-01,9.209999999999999437e-03,2.721190408788228335e-02,1.000000000000000000e+00
2.438299999999999912e-01,9.209999999999999437e-03,2.721190408788228335e-02,1.000000000000000000e+00
2.580999999999999961e-01,1.001999999999999939e-02,3.114806986169348785e-02,1.000000000000000000e+00
2.594400000000000039e-01,1.010999999999999920e-02,3.149814941836320825e-02,1.000000000000000000e+00
2.756700000000000261e-01,1.060000000000000005e-02,3.525705615733026876e-02,1.000000000000000000e+00
2.927799999999999847e-01,1.084000000000000068e-02,3.028184713034963449e-02,1.000000000000000000e+00
2.927799999999999847e-01,1.084000000000000068e-02,3.028184713034963449e-02,1.000000000000000000e+00
3.077300000000000035e-01,1.136999999999999990e-02,3.147580162885790095e-02,1.000000000000000000e+00
3.077300000000000035e-01,1.136999999999999990e-02,3.147580162885790095e-02,1.000000000000000000e+00
3.225600000000000134e-01,1.217000000000000026e-02,3.153743315679730097e-02,1.000000000000000000e+00
3.394699999999999940e-01,1.308999999999999921e-02,3.012430369506040317e-02,1.000000000000000000e+00
3.394699999999999940e-01,1.308999999999999921e-02,3.012430369506040317e-02,1.000000000000000000e+00
3.565800000000000081e-01,1.379000000000000017e-02,3.016211623523966032e-02,1.000000000000000000e+00
3.565800000000000081e-01,1.379000000000000017e-02,3.016211623523966032e-02,1.000000000000000000e+00
3.778699999999999837e-01,1.435999999999999950e-02,3.191539453186788278e-02,1.000000000000000000e+00
3.798599999999999755e-01,1.442000000000000053e-02,3.208868913260530531e-02,1.000000000000000000e+00
3.938099999999999934e-01,1.548000000000000070e-02,3.396048694873594204e-02,1.000000000000000000e+00
4.112299999999999844e-01,1.644999999999999934e-02,3.259671622693687681e-02,1.000000000000000000e+00
4.112299999999999844e-01,1.644999999999999934e-02,3.259671622693687681e-02,1.000000000000000000e+00
4.272299999999999986e-01,1.719000000000000042e-02,3.643832964248504280e-02,1.000000000000000000e+00
4.272299999999999986e-01,1.719000000000000042e-02,3.643832964248504280e-02,1.000000000000000000e+00
4.450399999999999912e-01,1.807999999999999885e-02,3.712647477743730856e-02,1.000000000000000000e+00
4.466399999999999815e-01,1.815999999999999906e-02,3.715565640920293067e-02,1.000000000000000000e+00
4.466399999999999815e-01,1.815999999999999906e-02,3.715565640920293067e-02,1.000000000000000000e+00
4.589500000000000246e-01,1.899999999999999953e-02,3.849850007819543424e-02,1.000000000000000000e+00
4.767000000000000126e-01,1.975999999999999979e-02,3.735139894170038527e-02,1.000000000000000000e+00
4.903299999999999881e-01,2.040000000000000147e-02,4.080021155574926894e-02,1.000000000000000000e+00
5.063600000000000323e-01,2.079999999999999905e-02,3.902056036261788985e-02,1.000000000000000000e+00
5.063600000000000323e-01,2.079999999999999905e-02,3.902056036261788985e-02,1.000000000000000000e+00
5.224900000000000100e-01,2.120999999999999969e-02,3.882514003770377170e-02,1.000000000000000000e+00
5.224900000000000100e-01,2.120999999999999969e-02,3.882514003770377170e-02,1.000000000000000000e+00
5.387499999999999512e-01,2.220000000000000098e-02,3.887472638683404924e-02,1.000000000000000000e+00
5.401599999999999735e-01,2.228000000000000119e-02,3.887936500608268203e-02,1.000000000000000000e+00
5.524900000000000366e-01,2.336999999999999841e-02,4.072162767416286078e-02,1.000000000000000000e+00
5.736999999999999877e-01,2.440000000000000155e-02,4.175820018645226561e-02,1.000000000000000000e+00
5.736999999999999877e-01,2.440000000000000155e-02,4.175820018645226561e-02,1.000000000000000000e+00
5.954599999999999893e-01,2.594000000000000125e-02,4.147532777572725260e-02,1.000000000000000000e+00
5.974500000000000366e-01,2.607999999999999902e-02,4.143851793237738473e-02,1.000000000000000000e+00
5.974500000000000366e-01,2.607999999999999902e-02,4.143851793237738473e-02,1.000000000000000000e+00
5.974500000000000366e-01,2.607999999999999902e-02,4.143851793237738473e-02,1.000000000000000000e+00
5.974500000000000366e-01,2.607999999999999902e-02,4.143851793237738473e-02,1.000000000000000000e+00
6.360200000000000298e-01,2.837999999999999898e-02,4.429272678438681693e-02,1.000000000000000000e+00
6.397699999999999498e-01,2.860000000000000042e-02,4.457086519740753594e-02,1.000000000000000000e+00
6.494999999999999662e-01,2.957999999999999866e-02,4.048695119955744021e-02,1.000000000000000000e+00
6.690000000000000391e-01,3.040999999999999953e-02,4.447933262942416893e-02,1.000000000000000000e+00
6.690000000000000391e-01,3.040999999999999953e-02,4.447933262942416893e-02,1.000000000000000000e+00
6.836499999999999799e-01,3.118999999999999898e-02,4.658578052597998204e-02,1.000000000000000000e+00
7.007200000000000095e-01,3.198999999999999760e-02,4.533439119537721607e-02,1.000000000000000000e+00
7.007200000000000095e-01,3.198999999999999760e-02,4.533439119537721607e-02,1.000000000000000000e+00
7.182899999999999840e-01,3.291999999999999788e-02,4.945489921312862247e-02,1.000000000000000000e+00
7.182899999999999840e-01,3.291999999999999788e-02,4.945489921312862247e-02,1.000000000000000000e+00
7.297000000000000153e-01,3.345999999999999669e-02,4.946769710828514272e-02,1.000000000000000000e+00
7.306899999999999507e-01,3.350000000000000200e-02,4.942959998873671518e-02,1.000000000000000000e+00
7.472100000000000408e-01,3.427000000000000185e-02,4.951628325541480857e-02,1.000000000000000000e+00
7.648700000000000498e-01,3.520999999999999824e-02,4.990480310025903476e-02,1.000000000000000000e+00
7.648700000000000498e-01,3.520999999999999824e-02,4.990480310025903476e-02,1.000000000000000000e+00
7.833099999999999508e-01,3.652999999999999997e-02,5.015779537419229328e-02,1.000000000000000000e+00
7.833099999999999508e-01,3.652999999999999997e-02,5.015779537419229328e-02,1.000000000000000000e+00
7.980300000000000171e-01,3.760999999999999760e-02,5.030678847267013032e-02,1.000000000000000000e+00
8.123500000000000165e-01,3.855000000000000093e-02,5.048210520087847292e-02,1.000000000000000000e+00
8.123500000000000165e-01,3.855000000000000093e-02,5.048210520087847292e-02,1.000000000000000000e+00
8.345799999999999885e-01,4.018000000000000044e-02,5.001715297403024063e-02,1.000000000000000000e+00
8.361899999999999888e-01,4.030000000000000249e-02,4.998150876644397167e-02,1.000000000000000000e+00
8.562899999999999956e-01,4.148000000000000298e-02,4.845433502079747601e-02,1.000000000000000000e+00
8.644699999999999607e-01,4.291999999999999982e-02,4.787351276529210053e-02,1.000000000000000000e+00
8.644699999999999607e-01,4.291999999999999982e-02,4.787351276529210053e-02,1.000000000000000000e+00
8.864300000000000512e-01,4.390000000000000152e-02,4.843684674934142786e-02,1.000000000000000000e+00
8.864300000000000512e-01,4.390000000000000152e-02,4.843684674934142786e-02,1.000000000000000000e+00
9.018399999999999750e-01,4.499999999999999833e-02,5.077573390410212995e-02,1.000000000000000000e+00
9.169100000000000028e-01,4.587000000000000105e-02,5.100542972431428013e-02,1.000000000000000000e+00
9.169100000000000028e-01,4.587000000000000105e-02,5.100542972431428013e-02,1.000000000000000000e+00
9.321500000000000341e-01,4.682999999999999663e-02,5.103276623492784131e-02,1.000000000000000000e+00
9.321500000000000341e-01,4.682999999999999663e-02,5.103276623492784131e-02,1.000000000000000000e+00
9.474900000000000544e-01,4.755999999999999811e-02,5.554792990933152957e-02,1.000000000000000000e+00
9.487200000000000077e-01,4.762000000000000260e-02,5.593930859420803009e-02,1.000000000000000000e+00
9.670100000000000362e-01,4.827000000000000041e-02,5.857486696892189038e-02,1.000000000000000000e+00
9.826700000000000434e-01,4.905999999999999944e-02,5.645927200493188608e-02,1.000000000000000000e+00
9.826700000000000434e-01,4.905999999999999944e-02,5.645927200493188608e-02,1.000000000000000000e+00
1.001940000000000053e+00,5.007999999999999952e-02,5.873206337635261676e-02,1.000000000000000000e+00
1.013910000000000089e+00,5.122000000000000164e-02,5.694564930508343864e-02,1.000000000000000000e+00
1.013910000000000089e+00,5.122000000000000164e-02,5.694564930508343864e-02,1.000000000000000000e+00
1.033579999999999943e+00,5.247000000000000275e-02,5.695096592137864622e-02,1.000000000000000000e+00
1.033579999999999943e+00,5.247000000000000275e-02,5.695096592137864622e-02,1.000000000000000000e+00
1.049790000000000001e+00,5.347999999999999976e-02,5.718084634358447382e-02,1.000000000000000000e+00
1.065620000000000012e+00,5.428999999999999798e-02,5.482645180069890128e-02,1.000000000000000000e+00
1.065620000000000012e+00,5.428999999999999798e-02,5.482645180069890128e-02,1.000000000000000000e+00
1.081820000000000004e+00,5.591000000000000136e-02,5.740209259709782436e-02,1.000000000000000000e+00
1.081820000000000004e+00,5.591000000000000136e-02,5.740209259709782436e-02,1.000000000000000000e+00
1.101739999999999942e+00,5.736999999999999739e-02,5.335668898642048630e-02,1.000000000000000000e+00
1.113699999999999912e+00,5.847999999999999726e-02,5.541542213585556181e-02,1.000000000000000000e+00
1.113699999999999912e+00,5.847999999999999726e-02,5.541542213585556181e-02,1.000000000000000000e+00
1.129699999999999926e+00,5.974000000000000143e-02,5.588535623308901745e-02,1.000000000000000000e+00
1.129699999999999926e+00,5.974000000000000143e-02,5.588535623308901745e-02,1.000000000000000000e+00
1.146269999999999900e+00,6.063999999999999946e-02,5.597716034358993231e-02,1.000000000000000000e+00
1.147869999999999946e+00,6.072999999999999926e-02,5.598417030920442572e-02,1.000000000000000000e+00
1.162889999999999979e+00,6.176000000000000240e-02,6.100765757027820646e-02,1.000000000000000000e+00
1.175429999999999975e+00,6.289999999999999758e-02,6.380067318836403489e-02,1.000000000000000000e+00
1.175429999999999975e+00,6.289999999999999758e-02,6.380067318836403489e-02,1.000000000000000000e+00
1.196090000000000098e+00,6.357000000000000151e-02,6.173759678935896583e-02,1.000000000000000000e+00
1.213459999999999983e+00,6.449000000000000565e-02,6.428325013542647570e-02,1.000000000000000000e+00
1.213459999999999983e+00,6.449000000000000565e-02,6.428325013542647570e-02,1.000000000000000000e+00
1.225680000000000103e+00,6.565999999999999615e-02,6.463171354210528463e-02,1.000000000000000000e+00
1.225680000000000103e+00,6.565999999999999615e-02,6.463171354210528463e-02,1.000000000000000000e+00
1.241880000000000095e+00,6.711999999999999911e-02,6.246041726538293509e-02,1.000000000000000000e+00
1.243319999999999981e+00,6.725000000000000422e-02,6.225150613444224018e-02,1.000000000000000000e+00
1.259130000000000082e+00,6.841999999999999471e-02,6.254190377723746475e-02,1.000000000000000000e+00
1.260650000000000048e+00,6.852999999999999370e-02,6.256963863732481479e-02,1.000000000000000000e+00
1.276529999999999943e+00,6.948000000000000009e-02,6.294320843503493912e-02,1.000000000000000000e+00
1.293670000000000098e+00,7.062999999999999834e-02,6.296192716288492863e-02,1.000000000000000000e+00
1.295179999999999998e+00,7.073000000000000120e-02,6.295945244245168548e-02,1.000000000000000000e+00
1.305819999999999981e+00,7.216999999999999804e-02,6.321623807844808929e-02,1.000000000000000000e+00
1.306890000000000107e+00,7.231999999999999540e-02,6.324207621722527373e-02,1.000000000000000000e+00
1.322750000000000092e+00,7.374999999999999611e-02,6.342678427674540431e-02,1.000000000000000000e+00
1.340219999999999967e+00,7.510999999999999621e-02,6.388081151111375811e-02,1.000000000000000000e+00
1.340219999999999967e+00,7.510999999999999621e-02,6.388081151111375811e-02,1.000000000000000000e+00
1.352319999999999967e+00,7.656999999999999917e-02,6.404042986148877903e-02,1.000000000000000000e+00
1.353439999999999976e+00,7.671000000000000041e-02,6.405234569577374082e-02,1.000000000000000000e+00
1.375129999999999963e+00,7.778000000000000191e-02,6.961554851919080078e-02,1.000000000000000000e+00
1.388370000000000104e+00,7.882000000000000117e-02,6.783666808609908894e-02,1.000000000000000000e+00
1.388370000000000104e+00,7.882000000000000117e-02,6.783666808609908894e-02,1.000000000000000000e+00
1.400859999999999994e+00,8.001999999999999391e-02,6.752002030815039413e-02,1.000000000000000000e+00
1.400859999999999994e+00,8.001999999999999391e-02,6.752002030815039413e-02,1.000000000000000000e+00
1.418369999999999909e+00,8.079000000000000070e-02,7.015571187952167331e-02,1.000000000000000000e+00
1.442900000000000071e+00,8.212999999999999468e-02,7.088298999395767352e-02,1.000000000000000000e+00
1.442900000000000071e+00,8.212999999999999468e-02,7.088298999395767352e-02,1.000000000000000000e+00
1.456099999999999950e+00,8.336000000000000354e-02,7.083493261718748490e-02,1.000000000000000000e+00
1.456099999999999950e+00,8.336000000000000354e-02,7.083493261718748490e-02,1.000000000000000000e+00
1.468199999999999950e+00,8.472999999999999976e-02,7.117922044858192299e-02,1.000000000000000000e+00
1.468199999999999950e+00,8.472999999999999976e-02,7.117922044858192299e-02,1.000000000000000000e+00
1.486799999999999899e+00,8.623000000000000109e-02,7.131289000047792703e-02,1.000000000000000000e+00
1.488469999999999960e+00,8.636000000000000620e-02,7.132319861458445709e-02,1.000000000000000000e+00
1.499689999999999968e+00,8.737999999999999934e-02,7.144385717167828220e-02,1.000000000000000000e+00
1.517889999999999961e+00,8.892999999999999516e-02,6.941647928161474856e-02,1.000000000000000000e+00
1.517889999999999961e+00,8.892999999999999516e-02,6.941647928161474856e-02,1.000000000000000000e+00
1.536520000000000108e+00,9.034999999999999976e-02,6.949134481356993021e-02,1.000000000000000000e+00
1.537949999999999928e+00,9.045000000000000262e-02,6.951418311551878226e-02,1.000000000000000000e+00
1.549860000000000015e+00,9.181000000000000272e-02,7.234585893101766474e-02,1.000000000000000000e+00
1.568510000000000071e+00,9.336999999999999467e-02,7.296259059753151810e-02,1.000000000000000000e+00
1.568510000000000071e+00,9.336999999999999467e-02,7.296259059753151810e-02,1.000000000000000000e+00
1.593750000000000000e+00,9.551999999999999380e-02,7.365386810378765636e-02,1.000000000000000000e+00
1.595699999999999896e+00,9.568000000000000116e-02,7.370851353577978493e-02,1.000000000000000000e+00
1.614230000000000054e+00,9.675999999999999879e-02,7.410988937389263731e-02,1.000000000000000000e+00
1.621059999999999945e+00,9.791999999999999316e-02,7.683546608759128649e-02,1.000000000000000000e+00
1.621059999999999945e+00,9.791999999999999316e-02,7.683546608759128649e-02,1.000000000000000000e+00
1.647119999999999918e+00,9.911999999999999977e-02,8.288593912687940157e-02,1.000000000000000000e+00
1.647119999999999918e+00,9.911999999999999977e-02,8.288593912687940157e-02,1.000000000000000000e+00
1.654539999999999900e+00,1.003600000000000048e-01,7.790825274016301150e-02,1.000000000000000000e+00
1.655019999999999936e+00,1.004599999999999937e-01,7.741791354167733286e-02,1.000000000000000000e+00
1.680609999999999937e+00,1.017699999999999994e-01,7.791507231891564578e-02,1.000000000000000000e+00
1.694129999999999914e+00,1.035999999999999976e-01,7.814543611407592794e-02,1.000000000000000000e+00
1.694129999999999914e+00,1.035999999999999976e-01,7.814543611407592794e-02,1.000000000000000000e+00
1.707289999999999974e+00,1.051399999999999973e-01,8.123115297962316128e-02,1.000000000000000000e+00
1.707289999999999974e+00,1.051399999999999973e-01,8.123115297962316128e-02,1.000000000000000000e+00
1.720939999999999914e+00,1.067499999999999977e-01,8.167434716323530852e-02,1.000000000000000000e+00
1.740539999999999976e+00,1.084799999999999931e-01,7.930775028795249149e-02,1.000000000000000000e+00
1.740539999999999976e+00,1.084799999999999931e-01,7.930775028795249149e-02,1.000000000000000000e+00
1.753959999999999964e+00,1.099200000000000038e-01,7.931083485610117279e-02,1.000000000000000000e+00
1.755160000000000053e+00,1.100499999999999950e-01,7.933008622637222063e-02,1.000000000000000000e+00
1.775160000000000071e+00,1.117900000000000005e-01,7.956733897597023653e-02,1.000000000000000000e+00
1.788669999999999982e+00,1.134200000000000069e-01,7.987281259187706262e-02,1.000000000000000000e+00
1.789670000000000094e+00,1.135400000000000020e-01,7.989698860947221093e-02,1.000000000000000000e+00
1.809090000000000087e+00,1.152600000000000013e-01,8.027397527306461000e-02,1.000000000000000000e+00
1.815669999999999895e+00,1.162699999999999984e-01,8.033958197801170653e-02,1.000000000000000000e+00
1.815669999999999895e+00,1.162699999999999984e-01,8.033958197801170653e-02,1.000000000000000000e+00
1.836570000000000036e+00,1.174700000000000050e-01,8.381907220512194168e-02,1.000000000000000000e+00
1.836570000000000036e+00,1.174700000000000050e-01,8.381907220512194168e-02,1.000000000000000000e+00
1.849949999999999983e+00,1.190500000000000030e-01,8.420440282917594776e-02,1.000000000000000000e+00
1.872290000000000010e+00,1.203599999999999948e-01,8.761823253439683656e-02,1.000000000000000000e+00
1.872290000000000010e+00,1.203599999999999948e-01,8.761823253439683656e-02,1.000000000000000000e+00
1.873809999999999976e+00,1.204500000000000015e-01,8.785934908222320372e-02,1.000000000000000000e+00
1.887159999999999949e+00,1.217199999999999949e-01,8.779138802927813345e-02,1.000000000000000000e+00
1.901200000000000001e+00,1.232100000000000001e-01,8.800018819325786112e-02,1.000000000000000000e+00
1.922029999999999905e+00,1.251800000000000135e-01,8.555419883561879435e-02,1.000000000000000000e+00
1.922029999999999905e+00,1.251800000000000135e-01,8.555419883561879435e-02,1.000000000000000000e+00
1.929389999999999938e+00,1.265999999999999903e-01,8.243506679153049521e-02,1.000000000000000000e+00
1.929389999999999938e+00,1.265999999999999903e-01,8.243506679153049521e-02,1.000000000000000000e+00
1.950590000000000046e+00,1.282200000000000006e-01,8.839237819282143305e-02,1.000000000000000000e+00
1.952239999999999975e+00,1.283499999999999919e-01,8.888417954437843882e-02,1.000000000000000000e+00
1.964539999999999953e+00,1.296299999999999952e-01,8.634430444120454184e-02,1.000000000000000000e+00
1.978380000000000027e+00,1.309400000000000008e-01,8.632751148927542140e-02,1.000000000000000000e+00
1.978380000000000027e+00,1.309400000000000008e-01,8.632751148927542140e-02,1.000000000000000000e+00
1.982529999999999903e+00,1.317200000000000037e-01,8.633341264030916506e-02,1.000000000000000000e+00
1.982799999999999896e+00,1.317800000000000082e-01,8.633203546431848785e-02,1.000000000000000000e+00
1.993500000000000050e+00,1.333499999999999963e-01,8.963184824908930481e-02,1.000000000000000000e+00
2.005380000000000162e+00,1.344799999999999884e-01,8.714442864454362281e-02,1.000000000000000000e+00
2.005380000000000162e+00,1.344799999999999884e-01,8.714442864454362281e-02,1.000000000000000000e+00
2.019120000000000026e+00,1.353699999999999903e-01,8.713030307888772197e-02,1.000000000000000000e+00
2.019120000000000026e+00,1.353699999999999903e-01,8.713030307888772197e-02,1.000000000000000000e+00
2.029599999999999849e+00,1.360699999999999965e-01,8.721860472768148964e-02,1.000000000000000000e+00
2.032869999999999955e+00,1.368600000000000094e-01,9.027610692028802120e-02,1.000000000000000000e+00
2.032869999999999955e+00,1.368600000000000094e-01,9.027610692028802120e-02,1.000000000000000000e+00
2.034429999999999961e+00,1.375099999999999933e-01,9.058643403239580172e-02,1.000000000000000000e+00
2.034429999999999961e+00,1.375099999999999933e-01,9.058643403239580172e-02,1.000000000000000000e+00
2.035309999999999953e+00,1.375000000000000111e-01,9.066401380447079716e-02,1.000000000000000000e+00
2.044340000000000046e+00,1.380200000000000038e-01,9.074028358465142940e-02,1.000000000000000000e+00
2.044340000000000046e+00,1.380200000000000038e-01,9.074028358465142940e-02,1.000000000000000000e+00
2.036389999999999922e+00,1.379100000000000048e-01,9.059655491408298567e-02,1.000000000000000000e+00
2.036389999999999922e+00,1.379100000000000048e-01,9.059655491408298567e-02,1.000000000000000000e+00
2.036200000000000010e+00,1.378999999999999948e-01,9.075809156892751528e-02,1.000000000000000000e+00
2.036249999999999893e+00,1.379100000000000048e-01,9.077467719716525441e-02,1.000000000000000000e+00
2.044200000000000017e+00,1.382700000000000040e-01,8.797806469592280021e-02,1.000000000000000000e+00
2.035870000000000068e+00,1.375800000000000078e-01,9.042445049936763402e-02,1.000000000000000000e+00
2.035870000000000068e+00,1.375800000000000078e-01,9.042445049936763402e-02,1.000000000000000000e+00
2.044220000000000148e+00,1.380000000000000115e-01,9.089917115956189231e-02,1.000000000000000000e+00
2.044880000000000031e+00,1.379700000000000093e-01,8.792589173652483325e-02,1.000000000000000000e+00
2.044880000000000031e+00,1.379700000000000093e-01,8.792589173652483325e-02,1.000000000000000000e+00
2.044360000000000177e+00,1.380300000000000138e-01,9.064201191858513307e-02,1.000000000000000000e+00
2.044360000000000177e+00,1.380300000000000138e-01,9.064201191858513307e-02,1.000000000000000000e+00
2.036389999999999922e+00,1.375699999999999978e-01,9.069481969930168197e-02,1.000000000000000000e+00
2.035730000000000040e+00,1.375300000000000133e-01,9.067822664765348706e-02,1.000000000000000000e+00
2.044210000000000083e+00,1.380000000000000115e-01,9.105311826757128690e-02,1.000000000000000000e+00
2.044649999999999856e+00,1.380200000000000038e-01,9.091562867506347567e-02,1.000000000000000000e+00
2.044649999999999856e+00,1.380200000000000038e-01,9.091562867506347567e-02,1.000000000000000000e+00
2.044669999999999987e+00,1.379599999999999993e-01,8.794020219481178680e-02,1.000000000000000000e+00
2.044680000000000053e+00,1.379499999999999893e-01,8.767786745950660598e-02,1.000000000000000000e+00
2.036309999999999842e+00,1.378600000000000103e-01,9.054560278945937568e-02,1.000000000000000000e+00
2.035880000000000134e+00,1.378699999999999926e-01,9.076529641868623377e-02,1.000000000000000000e+00
2.035880000000000134e+00,1.378699999999999926e-01,9.076529641868623377e-02,1.000000000000000000e+00
2.043919999999999959e+00,1.382299999999999918e-01,8.794435820811150051e-02,1.000000000000000000e+00
2.044480000000000075e+00,1.382500000000000118e-01,8.774873217445156026e-02,1.000000000000000000e+00
2.036350000000000104e+00,1.378900000000000126e-01,9.053204142979569269e-02,1.000000000000000000e+00
2.044119999999999937e+00,1.379599999999999993e-01,8.792807279406236742e-02,1.000000000000000000e+00
2.044119999999999937e+00,1.379599999999999993e-01,8.792807279406236742e-02,1.000000000000000000e+00
-1.299999999999999886e-04,2.000000000000000164e-05,0.000000000000000000e+00,1.000000000000000000e+00
-1.299999999999999886e-04,2.000000000000000164e-05,0.000000000000000000e+00,1.000000000000000000e+00
-8.000000000000000654e-05,4.000000000000000327e-05,-1.517515392946957621e-03,1.000000000000000000e+00
-8.000000000000000654e-05,4.000000000000000327e-05,-1.517515392946957621e-03,1.000000000000000000e+00
1.059999999999999961e-03,-1.600000000000000131e-04,-1.545806389541440166e-03,1.000000000000000000e+00
1.170000000000000033e-03,-1.800000000000000113e-04,-1.531973999934075920e-03,1.000000000000000000e+00
-5.000000000000000240e-05,-1.000000000000000082e-05,-1.377211759864739745e-04,1.000000000000000000e+00
-1.700000000000000122e-04,1.000000000000000082e-05,9.246904753490090001e-08,1.000000000000000000e+00
-6.999999999999999387e-05,4.000000000000000327e-05,-1.511439936914988572e-03,1.000000000000000000e+00
-5.000000000000000240e-05,6.000000000000000152e-05,-1.434835794948397230e-03,1.000000000000000000e+00
-5.000000000000000240e-05,6.000000000000000152e-05,-1.434835794948397230e-03,1.000000000000000000e+00
-1.600000000000000131e-04,2.000000000000000164e-05,-1.379030975906372697e-04,1.000000000000000000e+00
-1.600000000000000131e-04,2.000000000000000164e-05,-1.379030975906372697e-04,1.000000000000000000e+00
-1.700000000000000122e-04,1.000000000000000082e-05,9.246904753490090001e-08,1.000000000000000000e+00
-1.700000000000000122e-04,1.000000000000000082e-05,9.246904753490090001e-08,1.000000000000000000e+00
-1.700000000000000122e-04,1.000000000000000082e-05,9.246904753490090001e-08,1.000000000000000000e+00
-1.700000000000000122e-04,1.000000000000000082e-05,9.246904753490090001e-08,1.000000000000000000e+00
1.900000000000000105e-04,-2.300000000000000070e-04,-1.718720741443196739e-03,1.000000000000000000e+00
1.900000000000000105e-04,-2.300000000000000070e-04,-1.718720741443196739e-03,1.000000000000000000e+00
2.200000000000000078e-04,-2.500000000000000052e-04,-1.843244910422866829e-03,1.000000000000000000e+00
3.000000000000000062e-03,-2.700000000000000035e-04,2.484095940779955207e-03,1.000000000000000000e+00
7.239999999999999908e-03,2.799999999999999755e-04,1.791055554428139414e-03,1.000000000000000000e+00
7.239999999999999908e-03,2.799999999999999755e-04,1.791055554428139414e-03,1.000000000000000000e+00
1.037000000000000074e-02,1.020000000000000073e-03,2.705620164961645199e-03,1.000000000000000000e+00
1.037000000000000074e-02,1.020000000000000073e-03,2.705620164961645199e-03,1.000000000000000000e+00
2.232999999999999916e-02,8.800000000000000313e-04,6.240013158299617321e-03,1.000000000000000000e+00
2.232999999999999916e-02,8.800000000000000313e-04,6.240013158299617321e-03,1.000000000000000000e+00
2.232999999999999916e-02,8.800000000000000313e-04,6.240013158299617321e-03,1.000000000000000000e+00
2.360999999999999904e-02,8.499999999999999526e-04,6.606135249349396991e-03,1.000000000000000000e+00
3.114000000000000101e-02,1.399999999999999986e-03,6.674685190945447467e-03,1.000000000000000000e+00
5.763999999999999679e-02,2.799999999999999972e-03,1.221970017386209834e-02,1.000000000000000000e+00
5.763999999999999679e-02,2.799999999999999972e-03,1.221970017386209834e-02,1.000000000000000000e+00
5.947000000000000203e-02,2.980000000000000010e-03,1.233723111848692919e-02,1.000000000000000000e+00
7.305999999999999994e-02,3.139999999999999996e-03,1.236917046746773344e-02,1.000000000000000000e+00
8.372000000000000275e-02,3.779999999999999940e-03,1.466007105654068034e-02,1.000000000000000000e+00
8.495999999999999386e-02,3.850000000000000124e-03,1.496401162508996172e-02,1.000000000000000000e+00
1.003899999999999931e-01,3.899999999999999821e-03,1.667588585663035486e-02,1.000000000000000000e+00
1.105899999999999939e-01,4.129999999999999991e-03,1.803929552156218266e-02,1.000000000000000000e+00
1.105899999999999939e-01,4.129999999999999991e-03,1.803929552156218266e-02,1.000000000000000000e+00
1.267199999999999993e-01,4.329999999999999648e-03,1.646612866543464490e-02,1.000000000000000000e+00
1.267199999999999993e-01,4.329999999999999648e-03,1.646612866543464490e-02,1.000000000000000000e+00
1.398699999999999943e-01,4.890000000000000249e-03,1.736440757421232883e-02,1.000000000000000000e+00
1.398699999999999943e-01,4.890000000000000249e-03,1.736440757421232883e-02,1.000000000000000000e+00
1.548400000000000054e-01,5.510000000000000141e-03,1.939036123953053262e-02,1.000000000000000000e+00
1.686100000000000099e-01,6.400000000000000307e-03,1.924304056445862512e-02,1.000000000000000000e+00
1.686100000000000099e-01,6.400000000000000307e-03,1.924304056445862512e-02,1.000000000000000000e+00
1.843799999999999883e-01,6.779999999999999569e-03,1.724950742927736091e-02,1.000000000000000000e+00
1.843799999999999883e-01,6.779999999999999569e-03,1.724950742927736091e-02,1.000000000000000000e+00
1.855499999999999927e-01,6.799999999999999621e-03,1.709233345562826550e-02,1.000000000000000000e+00
2.010000000000000120e-01,7.239999999999999908e-03,1.724694885278386589e-02,1.000000000000000000e+00
2.238100000000000089e-01,7.860000000000000667e-03,2.210818338846643610e-02,1.000000000000000000e+00
2.389799999999999980e-01,8.850000000000000228e-03,2.756097491546556644e-02,1.000000000000000000e+00
2.389799999999999980e-01,8.850000000000000228e-03,2.756097491546556644e-02,1.000000000000000000e+00
2.534299999999999886e-01,1.017000000000000022e-02,3.024286872202006787e-02,1.000000000000000000e+00
2.534299999999999886e-01,1.017000000000000022e-02,3.024286872202006787e-02,1.000000000000000000e+00
2.714199999999999946e-01,1.076000000000000047e-02,3.240915294304804600e-02,1.000000000000000000e+00
2.714199999999999946e-01,1.076000000000000047e-02,3.240915294304804600e-02,1.000000000000000000e+00
2.481099999999999972e-01,1.256999999999999958e-02,8.419790697725544615e-02,1.000000000000000000e+00
2.481099999999999972e-01,1.256999999999999958e-02,8.419790697725544615e-02,1.000000000000000000e+00
2.949700000000000100e-01,1.515999999999999986e-02,3.201355615687258294e-02,1.000000000000000000e+00
2.949700000000000100e-01,1.515999999999999986e-02,3.201355615687258294e-02,1.000000000000000000e+00
3.267800000000000149e-01,1.370000000000000037e-02,3.126011975734990789e-02,1.000000000000000000e+00
3.420599999999999752e-01,1.413999999999999979e-02,2.920124817615789639e-02,1.000000000000000000e+00
3.591400000000000148e-01,1.456999999999999962e-02,2.921307003152324999e-02,1.000000000000000000e+00
3.591400000000000148e-01,1.456999999999999962e-02,2.921307003152324999e-02,1.000000000000000000e+00
3.603000000000000091e-01,1.459000000000000054e-02,2.922745330040707815e-02,1.000000000000000000e+00
3.603000000000000091e-01,1.459000000000000054e-02,2.922745330040707815e-02,1.000000000000000000e+00
3.603000000000000091e-01,1.459000000000000054e-02,2.922745330040707815e-02,1.000000000000000000e+00
3.905600000000000183e-01,1.637999999999999873e-02,3.307731134230005449e-02,1.000000000000000000e+00
4.047000000000000042e-01,1.712999999999999939e-02,3.483353841980610377e-02,1.000000000000000000e+00
4.201900000000000079e-01,1.797999999999999945e-02,3.475721483611897422e-02,1.000000000000000000e+00
4.201900000000000079e-01,1.797999999999999945e-02,3.475721483611897422e-02,1.000000000000000000e+00
4.377800000000000025e-01,1.848999999999999949e-02,3.653637032959144298e-02,1.000000000000000000e+00
4.393799999999999928e-01,1.854000000000000092e-02,3.671426651935029428e-02,1.000000000000000000e+00
4.557999999999999829e-01,1.964000000000000121e-02,3.726221272181793470e-02,1.000000000000000000e+00
4.717199999999999727e-01,2.117000000000000132e-02,3.784403395524754687e-02,1.000000000000000000e+00
4.717199999999999727e-01,2.117000000000000132e-02,3.784403395524754687e-02,1.000000000000000000e+00
4.728200000000000180e-01,2.127000000000000071e-02,3.788734939783165029e-02,1.000000000000000000e+00
4.873600000000000154e-01,2.265999999999999959e-02,3.971178794968509979e-02,1.000000000000000000e+00
5.005800000000000249e-01,2.359999999999999945e-02,4.146192398050029676e-02,1.000000000000000000e+00
5.163999999999999702e-01,2.428999999999999909e-02,4.177108831665271582e-02,1.000000000000000000e+00
5.163999999999999702e-01,2.428999999999999909e-02,4.177108831665271582e-02,1.000000000000000000e+00
5.329500000000000348e-01,2.504999999999999935e-02,4.147226138985003752e-02,1.000000000000000000e+00
5.329500000000000348e-01,2.504999999999999935e-02,4.147226138985003752e-02,1.000000000000000000e+00
5.489199999999999635e-01,2.593000000000000166e-02,4.333320859034767852e-02,1.000000000000000000e+00
5.489199999999999635e-01,2.593000000000000166e-02,4.333320859034767852e-02,1.000000000000000000e+00
5.626999999999999780e-01,2.645000000000000129e-02,4.525901748064590363e-02,1.000000000000000000e+00
5.812699999999999534e-01,2.714000000000000093e-02,4.553920832881507008e-02,1.000000000000000000e+00
5.812699999999999534e-01,2.714000000000000093e-02,4.553920832881507008e-02,1.000000000000000000e+00
5.952100000000000168e-01,2.796999999999999834e-02,4.986438165740775946e-02,1.000000000000000000e+00
5.952100000000000168e-01,2.796999999999999834e-02,4.986438165740775946e-02,1.000000000000000000e+00
6.140999999999999792e-01,2.913999999999999924e-02,4.857510119802427306e-02,1.000000000000000000e+00
6.283600000000000296e-01,3.036000000000000157e-02,5.021041692365271064e-02,1.000000000000000000e+00
6.283600000000000296e-01,3.036000000000000157e-02,5.021041692365271064e-02,1.000000000000000000e+00
6.452999999999999847e-01,3.130000000000000143e-02,4.863085663694684951e-02,1.000000000000000000e+00
6.452999999999999847e-01,3.130000000000000143e-02,4.863085663694684951e-02,1.000000000000000000e+00
6.588899999999999757e-01,3.203000000000000291e-02,4.861355877137813614e-02,1.000000000000000000e+00
6.600899999999999546e-01,3.209000000000000047e-02,4.862450751076524691e-02,1.000000000000000000e+00
6.755100000000000549e-01,3.364000000000000323e-02,4.899653663968894096e-02,1.000000000000000000e+00
6.896700000000000053e-01,3.506000000000000089e-02,4.934774766499878951e-02,1.000000000000000000e+00
6.896700000000000053e-01,3.506000000000000089e-02,4.934774766499878951e-02,1.000000000000000000e+00
7.063800000000000079e-01,3.660000000000000059e-02,5.145283936988005041e-02,1.000000000000000000e+00
7.063800000000000079e-01,3.660000000000000059e-02,5.145283936988005041e-02,1.000000000000000000e+00
7.266299999999999981e-01,3.776999999999999802e-02,5.423899736292416701e-02,1.000000000000000000e+00
7.411999999999999700e-01,3.894000000000000239e-02,5.433204466950779937e-02,1.000000000000000000e+00
7.411999999999999700e-01,3.894000000000000239e-02,5.433204466950779937e-02,1.000000000000000000e+00
7.591499999999999915e-01,3.989999999999999797e-02,5.649755043137429100e-02,1.000000000000000000e+00
7.591499999999999915e-01,3.989999999999999797e-02,5.649755043137429100e-02,1.000000000000000000e+00
7.731500000000000039e-01,4.086999999999999661e-02,5.865367232328970448e-02,1.000000000000000000e+00
7.731500000000000039e-01,4.086999999999999661e-02,5.865367232328970448e-02,1.000000000000000000e+00
7.947999999999999510e-01,4.148999999999999910e-02,5.911819464277190406e-02,1.000000000000000000e+00
8.131899999999999684e-01,4.265000000000000041e-02,5.928943622770239258e-02,1.000000000000000000e+00
8.131899999999999684e-01,4.265000000000000041e-02,5.928943622770239258e-02,1.000000000000000000e+00
8.315399999999999459e-01,4.374999999999999722e-02,5.992221091945568179e-02,1.000000000000000000e+00
8.331199999999999717e-01,4.385000000000000009e-02,5.997887679449835641e-02,1.000000000000000000e+00
8.432800000000000296e-01,4.521000000000000019e-02,5.778221798036965035e-02,1.000000000000000000e+00
8.610100000000000531e-01,4.617999999999999883e-02,5.552812475164698586e-02,1.000000000000000000e+00
8.610100000000000531e-01,4.617999999999999883e-02,5.552812475164698586e-02,1.000000000000000000e+00
8.762900000000000134e-01,4.687999999999999806e-02,5.708857383363771798e-02,1.000000000000000000e+00
8.762900000000000134e-01,4.687999999999999806e-02,5.708857383363771798e-02,1.000000000000000000e+00
8.914400000000000102e-01,4.855000000000000288e-02,5.551853378240789727e-02,1.000000000000000000e+00
9.104200000000000070e-01,5.027999999999999831e-02,6.026380486162644101e-02,1.000000000000000000e+00
9.104200000000000070e-01,5.027999999999999831e-02,6.026380486162644101e-02,1.000000000000000000e+00
9.253000000000000114e-01,5.204000000000000292e-02,6.099665387011557471e-02,1.000000000000000000e+00
9.253000000000000114e-01,5.204000000000000292e-02,6.099665387011557471e-02,1.000000000000000000e+00
9.266600000000000392e-01,5.220000000000000334e-02,6.103587523028411455e-02,1.000000000000000000e+00
9.557799999999999629e-01,5.430000000000000104e-02,6.582449109451295188e-02,1.000000000000000000e+00
9.557799999999999629e-01,5.430000000000000104e-02,6.582449109451295188e-02,1.000000000000000000e+00
9.710600000000000342e-01,5.519999999999999907e-02,6.615032879419317779e-02,1.000000000000000000e+00
9.710600000000000342e-01,5.519999999999999907e-02,6.615032879419317779e-02,1.000000000000000000e+00
9.905500000000000416e-01,5.639000000000000262e-02,6.885047459169531259e-02,1.000000000000000000e+00
9.905500000000000416e-01,5.639000000000000262e-02,6.885047459169531259e-02,1.000000000000000000e+00
1.006850000000000023e+00,5.725000000000000228e-02,7.115703354158572913e-02,1.000000000000000000e+00
1.022729999999999917e+00,5.806999999999999662e-02,6.924979076489400087e-02,1.000000000000000000e+00
1.022729999999999917e+00,5.806999999999999662e-02,6.924979076489400087e-02,1.000000000000000000e+00
1.038559999999999928e+00,5.942000000000000060e-02,7.142850278586015955e-02,1.000000000000000000e+00
1.039819999999999967e+00,5.954000000000000264e-02,7.163128556911019240e-02,1.000000000000000000e+00
1.054289999999999949e+00,6.085000000000000131e-02,6.963287355691875902e-02,1.000000000000000000e+00
1.055679999999999952e+00,6.097000000000000336e-02,6.944095774887192041e-02,1.000000000000000000e+00
1.070370000000000044e+00,6.241000000000000020e-02,6.751191150977073341e-02,1.000000000000000000e+00
1.086209999999999898e+00,6.357999999999999763e-02,6.739293016167650918e-02,1.000000000000000000e+00
1.098200000000000065e+00,6.482999999999999874e-02,6.499051453221707519e-02,1.000000000000000000e+00
1.098200000000000065e+00,6.482999999999999874e-02,6.499051453221707519e-02,1.000000000000000000e+00
1.099180000000000046e+00,6.493999999999999773e-02,6.477135447290646719e-02,1.000000000000000000e+00
1.124689999999999968e+00,6.714000000000000523e-02,6.757166062413670626e-02,1.000000000000000000e+00
1.141899999999999915e+00,6.913999999999999313e-02,6.583780450623942515e-02,1.000000000000000000e+00
1.141899999999999915e+00,6.913999999999999313e-02,6.583780450623942515e-02,1.000000000000000000e+00
1.157859999999999889e+00,7.098000000000000143e-02,6.826734144953608419e-02,1.000000000000000000e+00
1.174209999999999976e+00,7.234999999999999765e-02,7.113629417876746186e-02,1.000000000000000000e+00
1.174209999999999976e+00,7.234999999999999765e-02,7.113629417876746186e-02,1.000000000000000000e+00
1.174209999999999976e+00,7.234999999999999765e-02,7.113629417876746186e-02,1.000000000000000000e+00
1.191270000000000051e+00,7.355000000000000426e-02,7.145980501615956104e-02,1.000000000000000000e+00
1.208269999999999955e+00,7.500999999999999335e-02,7.430569564684906536e-02,1.000000000000000000e+00
1.225309999999999899e+00,7.646999999999999631e-02,7.467766131702882615e-02,1.000000000000000000e+00
1.225309999999999899e+00,7.646999999999999631e-02,7.467766131702882615e-02,1.000000000000000000e+00
1.242629999999999901e+00,7.742000000000000270e-02,7.991721648565208724e-02,1.000000000000000000e+00
1.242629999999999901e+00,7.742000000000000270e-02,7.991721648565208724e-02,1.000000000000000000e+00
1.254569999999999963e+00,7.840999999999999359e-02,7.771492718494868446e-02,1.000000000000000000e+00
1.266410000000000036e+00,7.942000000000000448e-02,7.527386634038382707e-02,1.000000000000000000e+00
1.266410000000000036e+00,7.942000000000000448e-02,7.527386634038382707e-02,1.000000000000000000e+00
1.292899999999999938e+00,8.143000000000000238e-02,7.794238941139257359e-02,1.000000000000000000e+00
1.292899999999999938e+00,8.143000000000000238e-02,7.794238941139257359e-02,1.000000000000000000e+00
1.300980000000000025e+00,8.305999999999999495e-02,7.595616305414759628e-02,1.000000000000000000e+00
1.322990000000000110e+00,8.451999999999999791e-02,7.604526625682392349e-02,1.000000000000000000e+00
1.322990000000000110e+00,8.451999999999999791e-02,7.604526625682392349e-02,1.000000000000000000e+00
1.341050000000000075e+00,8.562000000000000166e-02,7.636053048980290248e-02,1.000000000000000000e+00
1.341050000000000075e+00,8.562000000000000166e-02,7.636053048980290248e-02,1.000000000000000000e+00
1.347809999999999953e+00,8.744000000000000383e-02,7.663117793962896662e-02,1.000000000000000000e+00
1.369729999999999892e+00,8.966999999999999971e-02,8.232324352729028516e-02,1.000000000000000000e+00
1.369729999999999892e+00,8.966999999999999971e-02,8.232324352729028516e-02,1.000000000000000000e+00
1.371439999999999992e+00,8.984999999999999931e-02,8.277133751583114207e-02,1.000000000000000000e+00
1.387809999999999988e+00,9.198000000000000620e-02,8.348503831559089816e-02,1.000000000000000000e+00
1.405589999999999895e+00,9.356000000000000427e-02,8.348360315357064576e-02,1.000000000000000000e+00
1.418530000000000069e+00,9.486999999999999600e-02,8.631098293420642886e-02,1.000000000000000000e+00
1.418530000000000069e+00,9.486999999999999600e-02,8.631098293420642886e-02,1.000000000000000000e+00
1.436229999999999896e+00,9.664999999999999980e-02,8.697435061835673276e-02,1.000000000000000000e+00
1.436229999999999896e+00,9.664999999999999980e-02,8.697435061835673276e-02,1.000000000000000000e+00
1.448930000000000051e+00,9.815000000000000113e-02,8.703652760637228814e-02,1.000000000000000000e+00
1.467309999999999892e+00,9.926000000000000101e-02,8.980441790539794855e-02,1.000000000000000000e+00
1.467309999999999892e+00,9.926000000000000101e-02,8.980441790539794855e-02,1.000000000000000000e+00
1.467309999999999892e+00,9.926000000000000101e-02,8.980441790539794855e-02,1.000000000000000000e+00
1.480550000000000033e+00,1.003499999999999948e-01,9.005983419745951235e-02,1.000000000000000000e+00
1.498450000000000060e+00,1.018600000000000061e-01,9.058477766708350476e-02,1.000000000000000000e+00
1.517549999999999955e+00,1.036200000000000038e-01,8.848711405011569497e-02,1.000000000000000000e+00
1.517549999999999955e+00,1.036200000000000038e-01,8.848711405011569497e-02,1.000000000000000000e+00
1.530159999999999965e+00,1.055399999999999949e-01,8.848877290462571488e-02,1.000000000000000000e+00
1.530159999999999965e+00,1.055399999999999949e-01,8.848877290462571488e-02,1.000000000000000000e+00
1.548740000000000006e+00,1.070399999999999963e-01,8.890327752423085594e-02,1.000000000000000000e+00
1.550200000000000022e+00,1.071499999999999952e-01,8.893620506735959441e-02,1.000000000000000000e+00
1.562159999999999993e+00,1.084399999999999947e-01,8.902345240853398733e-02,1.000000000000000000e+00
1.580410000000000093e+00,1.105300000000000032e-01,8.966894522254853506e-02,1.000000000000000000e+00
1.580410000000000093e+00,1.105300000000000032e-01,8.966894522254853506e-02,1.000000000000000000e+00
1.586929999999999952e+00,1.124399999999999983e-01,8.996729692999030914e-02,1.000000000000000000e+00
1.586929999999999952e+00,1.124399999999999983e-01,8.996729692999030914e-02,1.000000000000000000e+00
1.605040000000000022e+00,1.146800000000000042e-01,9.312181024665021345e-02,1.000000000000000000e+00
1.605040000000000022e+00,1.146800000000000042e-01,9.312181024665021345e-02,1.000000000000000000e+00
1.631129999999999969e+00,1.167799999999999949e-01,9.683834758712150936e-02,1.000000000000000000e+00
1.638360000000000039e+00,1.182300000000000018e-01,9.427231723825034437e-02,1.000000000000000000e+00
1.638360000000000039e+00,1.182300000000000018e-01,9.427231723825034437e-02,1.000000000000000000e+00
1.657410000000000050e+00,1.199599999999999972e-01,9.692125269387315278e-02,1.000000000000000000e+00
1.658860000000000001e+00,1.200900000000000023e-01,9.714530985824193499e-02,1.000000000000000000e+00
1.677869999999999973e+00,1.221899999999999931e-01,9.784857990070258693e-02,1.000000000000000000e+00
1.684900000000000064e+00,1.228999999999999954e-01,1.032221698794448667e-01,1.000000000000000000e+00
1.684900000000000064e+00,1.228999999999999954e-01,1.032221698794448667e-01,1.000000000000000000e+00
1.710599999999999898e+00,1.247999999999999943e-01,1.017827332685327102e-01,1.000000000000000000e+00
1.712900000000000089e+00,1.249600000000000016e-01,1.016110496138128566e-01,1.000000000000000000e+00
1.725009999999999932e+00,1.265600000000000058e-01,1.019578284668179458e-01,1.000000000000000000e+00
1.744899999999999896e+00,1.288199999999999901e-01,1.023162715312229826e-01,1.000000000000000000e+00
1.744899999999999896e+00,1.288199999999999901e-01,1.023162715312229826e-01,1.000000000000000000e+00
1.746729999999999894e+00,1.290300000000000058e-01,1.023480442858506895e-01,1.000000000000000000e+00
1.751779999999999893e+00,1.304299999999999904e-01,9.962412398491279908e-02,1.000000000000000000e+00
1.770739999999999981e+00,1.321499999999999897e-01,9.968668246976433722e-02,1.000000000000000000e+00
1.770739999999999981e+00,1.321499999999999897e-01,9.968668246976433722e-02,1.000000000000000000e+00
1.772620000000000084e+00,1.323100000000000109e-01,9.972138421819980170e-02,1.000000000000000000e+00
1.785630000000000051e+00,1.339799999999999880e-01,9.989635696075004068e-02,1.000000000000000000e+00
1.785630000000000051e+00,1.339799999999999880e-01,9.989635696075004068e-02,1.000000000000000000e+00
1.785630000000000051e+00,1.339799999999999880e-01,9.989635696075004068e-02,1.000000000000000000e+00
1.797889999999999988e+00,1.360699999999999965e-01,1.004003754678869514e-01,1.000000000000000000e+00
1.839609999999999967e+00,1.409799999999999942e-01,1.047074866484119654e-01,1.000000000000000000e+00
1.846139999999999892e+00,1.425599999999999923e-01,1.080300964059542068e-01,1.000000000000000000e+00
1.846139999999999892e+00,1.425599999999999923e-01,1.080300964059542068e-01,1.000000000000000000e+00
1.846139999999999892e+00,1.425599999999999923e-01,1.080300964059542068e-01,1.000000000000000000e+00
1.888840000000000074e+00,1.468200000000000061e-01,1.090962712485893382e-01,1.000000000000000000e+00
1.888840000000000074e+00,1.468200000000000061e-01,1.090962712485893382e-01,1.000000000000000000e+00
1.902700000000000058e+00,1.489399999999999891e-01,1.095189176737387665e-01,1.000000000000000000e+00
1.902700000000000058e+00,1.489399999999999891e-01,1.095189176737387665e-01,1.000000000000000000e+00
1.902700000000000058e+00,1.489399999999999891e-01,1.095189176737387665e-01,1.000000000000000000e+00
1.902700000000000058e+00,1.489399999999999891e-01,1.095189176737387665e-01,1.000000000000000000e+00
1.902700000000000058e+00,1.489399999999999891e-01,1.095189176737387665e-01,1.000000000000000000e+00
1.903799999999999937e+00,1.491200000000000025e-01,1.095550875380550127e-01,1.000000000000000000e+00
1.903799999999999937e+00,1.491200000000000025e-01,1.095550875380550127e-01,1.000000000000000000e+00
1.903799999999999937e+00,1.491200000000000025e-01,1.095550875380550127e-01,1.000000000000000000e+00
1.903799999999999937e+00,1.491200000000000025e-01,1.095550875380550127e-01,1.000000000000000000e+00
1.903799999999999937e+00,1.491200000000000025e-01,1.095550875380550127e-01,1.000000000000000000e+00
1.903799999999999937e+00,1.491200000000000025e-01,1.095550875380550127e-01,1.000000000000000000e+00
1.969580000000000108e+00,1.570300000000000029e-01,1.113275319941063879e-01,1.000000000000000000e+00
1.969580000000000108e+00,1.570300000000000029e-01,1.113275319941063879e-01,1.000000000000000000e+00
1.969580000000000108e+00,1.570300000000000029e-01,1.113275319941063879e-01,1.000000000000000000e+00
1.969580000000000108e+00,1.570300000000000029e-01,1.113275319941063879e-01,1.000000000000000000e+00
1.989870000000000028e+00,1.584200000000000053e-01,1.172818858250666008e-01,1.000000000000000000e+00
2.008929999999999882e+00,1.614599999999999924e-01,1.151756472840644169e-01,1.000000000000000000e+00
2.010260000000000158e+00,1.621700000000000086e-01,1.150489718661675681e-01,1.000000000000000000e+00
2.028220000000000134e+00,1.633000000000000007e-01,1.158333508704289666e-01,1.000000000000000000e+00
2.028220000000000134e+00,1.633000000000000007e-01,1.158333508704289666e-01,1.000000000000000000e+00
2.031649999999999956e+00,1.635900000000000132e-01,1.157680745151187379e-01,1.000000000000000000e+00
2.031649999999999956e+00,1.635900000000000132e-01,1.157680745151187379e-01,1.000000000000000000e+00
2.031800000000000050e+00,1.635999999999999954e-01,1.157588268905220541e-01,1.000000000000000000e+00
2.032729999999999926e+00,1.646799999999999931e-01,1.159985584211461890e-01,1.000000000000000000e+00
2.032729999999999926e+00,1.646799999999999931e-01,1.159985584211461890e-01,1.000000000000000000e+00
2.025329999999999853e+00,1.644200000000000106e-01,1.155388167257176690e-01,1.000000000000000000e+00
2.024690000000000101e+00,1.643900000000000083e-01,1.154985754684030586e-01,1.000000000000000000e+00
2.032739999999999991e+00,1.644500000000000128e-01,1.157400833466613460e-01,1.000000000000000000e+00
2.033450000000000202e+00,1.644500000000000128e-01,1.157614907424667772e-01,1.000000000000000000e+00
2.033279999999999976e+00,1.644299999999999928e-01,1.157570591103482954e-01,1.000000000000000000e+00
2.033209999999999962e+00,1.641900000000000026e-01,1.126309880080844095e-01,1.000000000000000000e+00
2.033209999999999962e+00,1.641900000000000026e-01,1.126309880080844095e-01,1.000000000000000000e+00
2.033079999999999998e+00,1.645300000000000096e-01,1.155710467585173429e-01,1.000000000000000000e+00
2.033079999999999998e+00,1.645300000000000096e-01,1.155710467585173429e-01,1.000000000000000000e+00
2.033079999999999998e+00,1.645600000000000118e-01,1.158828738894581989e-01,1.000000000000000000e+00
2.033160000000000078e+00,1.647200000000000053e-01,1.160175905007482244e-01,1.000000000000000000e+00
2.033160000000000078e+00,1.647200000000000053e-01,1.160175905007482244e-01,1.000000000000000000e+00
2.033090000000000064e+00,1.644100000000000006e-01,1.157519851344808726e-01,1.000000000000000000e+00
2.033269999999999911e+00,1.644200000000000106e-01,1.157615615369274875e-01,1.000000000000000000e+00
2.033269999999999911e+00,1.644200000000000106e-01,1.157615615369274875e-01,1.000000000000000000e+00
2.033189999999999831e+00,1.644200000000000106e-01,1.159288132730060955e-01,1.000000000000000000e+00
2.033189999999999831e+00,1.644200000000000106e-01,1.159288132730060955e-01,1.000000000000000000e+00
2.033100000000000129e+00,1.644100000000000006e-01,1.157653225488080168e-01,1.000000000000000000e+00
2.033189999999999831e+00,1.641900000000000026e-01,1.126561459119865272e-01,1.000000000000000000e+00
2.033189999999999831e+00,1.641900000000000026e-01,1.126561459119865272e-01,1.000000000000000000e+00
2.033090000000000064e+00,1.643999999999999906e-01,1.154769982397831213e-01,1.000000000000000000e+00
5.000000000000000104e-04,-9.000000000000000567e-05,0.000000000000000000e+00,1.000000000000000000e+00
-3.699999999999999947e-04,1.000000000000000048e-04,-1.245352842678851095e-04,1.000000000000000000e+00
-1.479999999999999979e-03,1.499999999999999869e-04,-1.813702456154339931e-03,1.000000000000000000e+00
-1.479999999999999979e-03,1.499999999999999869e-04,-1.813702456154339931e-03,1.000000000000000000e+00
-5.400000000000000069e-04,-1.000000000000000082e-05,-8.957309348265880648e-05,1.000000000000000000e+00
-5.400000000000000069e-04,-1.000000000000000082e-05,-8.957309348265880648e-05,1.000000000000000000e+00
-3.200000000000000262e-04,-1.499999999999999869e-04,-1.543905500119410008e-03,1.000000000000000000e+00
-6.199999999999999999e-04,-2.000000000000000164e-05,-9.804352587666634658e-05,1.000000000000000000e+00
-6.199999999999999999e-04,-2.000000000000000164e-05,-9.804352587666634658e-05,1.000000000000000000e+00
8.899999999999999491e-04,-6.000000000000000152e-05,-3.072256135523002314e-03,1.000000000000000000e+00
8.899999999999999491e-04,-6.000000000000000152e-05,-3.072256135523002314e-03,1.000000000000000000e+00
-2.400000000000000061e-04,-2.000000000000000164e-05,-1.980401525760194185e-03,1.000000000000000000e+00
-2.400000000000000061e-04,-2.000000000000000164e-05,-1.980401525760194185e-03,1.000000000000000000e+00
-6.700000000000000226e-04,6.000000000000000152e-05,-4.798411561904644814e-04,1.000000000000000000e+00
-6.899999999999999667e-04,6.999999999999999387e-05,-3.650040878081889329e-04,1.000000000000000000e+00
7.799999999999999859e-04,-1.900000000000000105e-04,-1.954581366462942397e-03,1.000000000000000000e+00
5.150000000000000064e-03,5.000000000000000240e-05,1.099562453361877445e-03,1.000000000000000000e+00
5.150000000000000064e-03,5.000000000000000240e-05,1.099562453361877445e-03,1.000000000000000000e+00
9.530000000000000276e-03,7.699999999999999597e-04,-1.871050178399755008e-04,1.000000000000000000e+00
9.530000000000000276e-03,7.699999999999999597e-04,-1.871050178399755008e-04,1.000000000000000000e+00
1.536000000000000039e-02,1.100000000000000066e-03,-5.298870409442570355e-04,1.000000000000000000e+00
1.593999999999999931e-02,1.129999999999999928e-03,-5.493200979778974482e-04,1.000000000000000000e+00
2.586000000000000104e-02,1.149999999999999981e-03,2.570108394038108333e-03,1.000000000000000000e+00
2.586000000000000104e-02,1.149999999999999981e-03,2.570108394038108333e-03,1.000000000000000000e+00
3.846000000000000113e-02,1.110000000000000092e-03,6.347616236133571399e-03,1.000000000000000000e+00
4.780000000000000221e-02,1.430000000000000064e-03,7.809399063757241528e-03,1.000000000000000000e+00
4.780000000000000221e-02,1.430000000000000064e-03,7.809399063757241528e-03,1.000000000000000000e+00
6.144999999999999768e-02,1.719999999999999958e-03,9.912155366216663516e-03,1.000000000000000000e+00
6.144999999999999768e-02,1.719999999999999958e-03,9.912155366216663516e-03,1.000000000000000000e+00
8.132000000000000339e-02,2.700000000000000143e-03,1.068802682352532930e-02,1.000000000000000000e+00
8.315000000000000169e-02,2.820000000000000024e-03,1.073587241376158623e-02,1.000000000000000000e+00
9.453000000000000291e-02,3.350000000000000113e-03,1.230003851159707125e-02,1.000000000000000000e+00
1.068299999999999944e-01,3.540000000000000178e-03,1.344423935018503567e-02,1.000000000000000000e+00
1.068299999999999944e-01,3.540000000000000178e-03,1.344423935018503567e-02,1.000000000000000000e+00
1.237400000000000028e-01,3.599999999999999901e-03,1.436210113275916515e-02,1.000000000000000000e+00
1.237400000000000028e-01,3.599999999999999901e-03,1.436210113275916515e-02,1.000000000000000000e+00
1.366300000000000014e-01,4.020000000000000136e-03,1.401866822466373355e-02,1.000000000000000000e+00
1.366300000000000014e-01,4.020000000000000136e-03,1.401866822466373355e-02,1.000000000000000000e+00
1.524699999999999944e-01,4.340000000000000108e-03,1.574445628463452124e-02,1.000000000000000000e+00
1.539699999999999958e-01,4.369999999999999753e-03,1.592081306677203129e-02,1.000000000000000000e+00
1.651700000000000113e-01,4.989999999999999644e-03,1.507507615945701505e-02,1.000000000000000000e+00
1.817499999999999949e-01,5.490000000000000088e-03,1.388821885486577444e-02,1.000000000000000000e+00
1.817499999999999949e-01,5.490000000000000088e-03,1.388821885486577444e-02,1.000000000000000000e+00
1.832100000000000117e-01,5.530000000000000193e-03,1.378519964274234171e-02,1.000000000000000000e+00
1.963000000000000023e-01,6.230000000000000294e-03,1.518616036715636670e-02,1.000000000000000000e+00
1.963000000000000023e-01,6.230000000000000294e-03,1.518616036715636670e-02,1.000000000000000000e+00
2.094900000000000095e-01,6.989999999999999686e-03,1.824807534589168584e-02,1.000000000000000000e+00
2.289700000000000069e-01,7.570000000000000340e-03,1.902986836318246860e-02,1.000000000000000000e+00
2.309400000000000064e-01,7.620000000000000037e-03,1.911224682240376949e-02,1.000000000000000000e+00
2.403899999999999926e-01,8.989999999999999727e-03,2.405612218866566565e-02,1.000000000000000000e+00
2.403899999999999926e-01,8.989999999999999727e-03,2.405612218866566565e-02,1.000000000000000000e+00
2.747999999999999887e-01,1.067000000000000066e-02,2.703671832460483385e-02,1.000000000000000000e+00
2.747999999999999887e-01,1.067000000000000066e-02,2.703671832460483385e-02,1.000000000000000000e+00
2.747999999999999887e-01,1.067000000000000066e-02,2.703671832460483385e-02,1.000000000000000000e+00
2.965900000000000203e-01,1.085000000000000027e-02,3.143227117012566824e-02,1.000000000000000000e+00
3.139299999999999868e-01,1.128000000000000010e-02,2.807604385069956132e-02,1.000000000000000000e+00
3.139299999999999868e-01,1.128000000000000010e-02,2.807604385069956132e-02,1.000000000000000000e+00
3.294300000000000006e-01,1.150999999999999940e-02,2.777044942307210426e-02,1.000000000000000000e+00
3.305000000000000160e-01,1.152000000000000073e-02,2.777863829757981629e-02,1.000000000000000000e+00
3.443399999999999794e-01,1.200000000000000025e-02,2.762580616787302032e-02,1.000000000000000000e+00
3.443399999999999794e-01,1.200000000000000025e-02,2.762580616787302032e-02,1.000000000000000000e+00
3.592299999999999938e-01,1.280000000000000061e-02,2.918876187641680428e-02,1.000000000000000000e+00
3.764199999999999768e-01,1.320999999999999952e-02,3.128705966413602990e-02,1.000000000000000000e+00
3.776100000000000012e-01,1.324000000000000003e-02,3.143239460334677771e-02,1.000000000000000000e+00
3.919599999999999751e-01,1.400999999999999988e-02,2.974010494690780895e-02,1.000000000000000000e+00
4.072399999999999909e-01,1.482999999999999943e-02,3.125330139317815392e-02,1.000000000000000000e+00
4.084200000000000053e-01,1.490000000000000005e-02,3.139112817400558503e-02,1.000000000000000000e+00
4.248799999999999799e-01,1.565000000000000072e-02,3.169625763016222647e-02,1.000000000000000000e+00
4.260900000000000243e-01,1.570999999999999827e-02,3.171841029342881840e-02,1.000000000000000000e+00
4.383699999999999819e-01,1.671999999999999875e-02,3.372565027557188760e-02,1.000000000000000000e+00
4.383699999999999819e-01,1.671999999999999875e-02,3.372565027557188760e-02,1.000000000000000000e+00
4.573200000000000043e-01,1.805999999999999966e-02,3.638025971130754571e-02,1.000000000000000000e+00
4.737700000000000244e-01,1.907999999999999974e-02,3.714054102691993070e-02,1.000000000000000000e+00
4.898700000000000276e-01,2.001000000000000001e-02,3.916589044209616011e-02,1.000000000000000000e+00
4.898700000000000276e-01,2.001000000000000001e-02,3.916589044209616011e-02,1.000000000000000000e+00
5.010900000000000354e-01,2.100000000000000130e-02,3.873241966311051498e-02,1.000000000000000000e+00
5.010900000000000354e-01,2.100000000000000130e-02,3.873241966311051498e-02,1.000000000000000000e+00
5.185999999999999499e-01,2.136000000000000051e-02,3.874612397494778954e-02,1.000000000000000000e+00
5.185999999999999499e-01,2.136000000000000051e-02,3.874612397494778954e-02,1.000000000000000000e+00
5.203299999999999592e-01,2.138999999999999929e-02,3.875359243962448602e-02,1.000000000000000000e+00
5.486699999999999910e-01,2.308999999999999941e-02,4.112126369305799112e-02,1.000000000000000000e+00
5.486699999999999910e-01,2.308999999999999941e-02,4.112126369305799112e-02,1.000000000000000000e+00
5.723300000000000054e-01,2.426000000000000031e-02,4.267491296380013233e-02,1.000000000000000000e+00
5.723300000000000054e-01,2.426000000000000031e-02,4.267491296380013233e-02,1.000000000000000000e+00
5.891199999999999770e-01,2.514999999999999875e-02,4.318205846436679735e-02,1.000000000000000000e+00
6.057200000000000362e-01,2.631000000000000005e-02,4.359997441674128005e-02,1.000000000000000000e+00
6.057200000000000362e-01,2.631000000000000005e-02,4.359997441674128005e-02,1.000000000000000000e+00
6.223800000000000443e-01,2.716000000000000011e-02,4.564114062554024132e-02,1.000000000000000000e+00
6.235100000000000087e-01,2.722000000000000114e-02,4.578818336383909393e-02,1.000000000000000000e+00
6.361099999999999532e-01,2.792000000000000037e-02,4.384523706453399838e-02,1.000000000000000000e+00
6.529199999999999449e-01,2.903999999999999984e-02,4.571034352190268130e-02,1.000000000000000000e+00
6.529199999999999449e-01,2.903999999999999984e-02,4.571034352190268130e-02,1.000000000000000000e+00
6.696199999999999930e-01,3.019000000000000156e-02,4.427340349638961975e-02,1.000000000000000000e+00
6.707499999999999574e-01,3.025999999999999870e-02,4.415981049935027020e-02,1.000000000000000000e+00
6.834400000000000475e-01,3.185000000000000331e-02,4.684118235600032154e-02,1.000000000000000000e+00
6.834400000000000475e-01,3.185000000000000331e-02,4.684118235600032154e-02,1.000000000000000000e+00
7.002300000000000191e-01,3.323999999999999871e-02,4.941918361062427184e-02,1.000000000000000000e+00
7.172699999999999632e-01,3.427999999999999797e-02,4.975346890088522267e-02,1.000000000000000000e+00
7.186000000000000165e-01,3.436000000000000165e-02,4.976471383699804935e-02,1.000000000000000000e+00
7.246299999999999963e-01,3.454000000000000126e-02,5.234957196187269707e-02,1.000000000000000000e+00
7.483999999999999542e-01,3.631000000000000200e-02,5.250149757320605320e-02,1.000000000000000000e+00
7.483999999999999542e-01,3.631000000000000200e-02,5.250149757320605320e-02,1.000000000000000000e+00
7.565899999999999848e-01,3.649999999999999772e-02,5.293692888575936978e-02,1.000000000000000000e+00
7.570900000000000407e-01,3.649999999999999772e-02,5.297217422631211176e-02,1.000000000000000000e+00
7.735699999999999799e-01,3.715999999999999859e-02,5.540158747349110263e-02,1.000000000000000000e+00
7.735699999999999799e-01,3.715999999999999859e-02,5.540158747349110263e-02,1.000000000000000000e+00
7.917199999999999793e-01,3.749000000000000249e-02,5.773678343395337309e-02,1.000000000000000000e+00
7.930399999999999672e-01,3.751999999999999780e-02,5.790436738625298618e-02,1.000000000000000000e+00
8.042000000000000259e-01,3.855000000000000093e-02,5.553548922354938078e-02,1.000000000000000000e+00
8.211899999999999755e-01,3.971000000000000224e-02,5.580817050502893950e-02,1.000000000000000000e+00
8.359100000000000419e-01,4.091999999999999804e-02,5.394417479858348158e-02,1.000000000000000000e+00
8.359100000000000419e-01,4.091999999999999804e-02,5.394417479858348158e-02,1.000000000000000000e+00
8.541299999999999448e-01,4.229999999999999732e-02,5.437420671347558548e-02,1.000000000000000000e+00
8.694300000000000361e-01,4.311999999999999861e-02,5.647921124701631157e-02,1.000000000000000000e+00
8.694300000000000361e-01,4.311999999999999861e-02,5.647921124701631157e-02,1.000000000000000000e+00
8.705699999999999550e-01,4.318000000000000310e-02,5.664814109129093916e-02,1.000000000000000000e+00
8.844699999999999784e-01,4.431999999999999829e-02,5.436406165779042454e-02,1.000000000000000000e+00
8.994799999999999462e-01,4.599999999999999922e-02,5.673660817245462784e-02,1.000000000000000000e+00
9.004999999999999671e-01,4.612000000000000127e-02,5.692912720424621320e-02,1.000000000000000000e+00
9.144299999999999651e-01,4.750000000000000056e-02,5.945413132749239465e-02,1.000000000000000000e+00
9.144299999999999651e-01,4.750000000000000056e-02,5.945413132749239465e-02,1.000000000000000000e+00
9.332599999999999785e-01,4.918000000000000149e-02,6.254965218226957169e-02,1.000000000000000000e+00
9.481199999999999628e-01,5.022000000000000075e-02,6.493944070535703772e-02,1.000000000000000000e+00
9.636599999999999611e-01,5.142000000000000043e-02,6.528116867168187731e-02,1.000000000000000000e+00
9.636599999999999611e-01,5.142000000000000043e-02,6.528116867168187731e-02,1.000000000000000000e+00
9.830799999999999539e-01,5.244999999999999662e-02,6.372278489898401677e-02,1.000000000000000000e+00
9.830799999999999539e-01,5.244999999999999662e-02,6.372278489898401677e-02,1.000000000000000000e+00
9.986500000000000377e-01,5.333999999999999853e-02,6.612050862901597270e-02,1.000000000000000000e+00
1.014389999999999903e+00,5.396999999999999714e-02,6.619958979578043079e-02,1.000000000000000000e+00
1.014389999999999903e+00,5.396999999999999714e-02,6.619958979578043079e-02,1.000000000000000000e+00
1.026180000000000092e+00,5.476999999999999924e-02,6.606849713251065903e-02,1.000000000000000000e+00
1.026180000000000092e+00,5.476999999999999924e-02,6.606849713251065903e-02,1.000000000000000000e+00
1.047020000000000062e+00,5.664999999999999897e-02,6.398178053912149943e-02,1.000000000000000000e+00
1.047020000000000062e+00,5.664999999999999897e-02,6.398178053912149943e-02,1.000000000000000000e+00
1.047020000000000062e+00,5.664999999999999897e-02,6.398178053912149943e-02,1.000000000000000000e+00
1.068310000000000093e+00,5.797000000000000069e-02,6.635262494654885213e-02,1.000000000000000000e+00
1.084659999999999958e+00,5.945999999999999897e-02,6.472187371450685567e-02,1.000000000000000000e+00
1.084659999999999958e+00,5.945999999999999897e-02,6.472187371450685567e-02,1.000000000000000000e+00
1.100440000000000085e+00,6.047999999999999904e-02,6.455288685138639571e-02,1.000000000000000000e+00
1.101900000000000102e+00,6.056999999999999884e-02,6.455588254767351264e-02,1.000000000000000000e+00
1.112419999999999964e+00,6.205999999999999711e-02,6.267203483847810785e-02,1.000000000000000000e+00
1.132460000000000022e+00,6.338000000000000578e-02,6.532921691582806167e-02,1.000000000000000000e+00
1.132460000000000022e+00,6.338000000000000578e-02,6.532921691582806167e-02,1.000000000000000000e+00
1.144370000000000109e+00,6.506000000000000671e-02,6.560976925727550479e-02,1.000000000000000000e+00
1.144370000000000109e+00,6.506000000000000671e-02,6.560976925727550479e-02,1.000000000000000000e+00
1.159659999999999913e+00,6.694999999999999563e-02,6.840626672558398902e-02,1.000000000000000000e+00
1.190369999999999928e+00,6.880999999999999617e-02,7.221646237758351516e-02,1.000000000000000000e+00
1.190369999999999928e+00,6.880999999999999617e-02,7.221646237758351516e-02,1.000000000000000000e+00
1.208220000000000072e+00,6.990999999999999992e-02,7.262481567374014235e-02,1.000000000000000000e+00
1.208220000000000072e+00,6.990999999999999992e-02,7.262481567374014235e-02,1.000000000000000000e+00
1.220620000000000038e+00,7.123000000000000165e-02,7.284900568710329927e-02,1.000000000000000000e+00
1.220620000000000038e+00,7.123000000000000165e-02,7.284900568710329927e-02,1.000000000000000000e+00
1.237230000000000052e+00,7.216999999999999804e-02,7.299776893390551302e-02,1.000000000000000000e+00
1.254490000000000105e+00,7.309999999999999831e-02,7.574463536892046822e-02,1.000000000000000000e+00
1.254490000000000105e+00,7.309999999999999831e-02,7.574463536892046822e-02,1.000000000000000000e+00
1.271649999999999947e+00,7.427999999999999881e-02,7.396273551309605343e-02,1.000000000000000000e+00
1.271649999999999947e+00,7.427999999999999881e-02,7.396273551309605343e-02,1.000000000000000000e+00
1.289029999999999898e+00,7.563999999999999890e-02,7.163102096929335749e-02,1.000000000000000000e+00
1.290519999999999889e+00,7.575999999999999401e-02,7.143123776351273380e-02,1.000000000000000000e+00
1.301250000000000018e+00,7.749999999999999944e-02,7.176434805039291764e-02,1.000000000000000000e+00
1.301250000000000018e+00,7.749999999999999944e-02,7.176434805039291764e-02,1.000000000000000000e+00
1.302240000000000064e+00,7.767000000000000293e-02,7.179501102122193279e-02,1.000000000000000000e+00
1.342430000000000012e+00,8.093000000000000194e-02,7.228189669217228996e-02,1.000000000000000000e+00
1.343849999999999989e+00,8.101999999999999480e-02,7.209314645146100431e-02,1.000000000000000000e+00
1.359850000000000003e+00,8.278000000000000635e-02,7.538359514241813053e-02,1.000000000000000000e+00
1.377070000000000016e+00,8.488999999999999324e-02,7.601997755784298261e-02,1.000000000000000000e+00
1.377070000000000016e+00,8.488999999999999324e-02,7.601997755784298261e-02,1.000000000000000000e+00
1.389489999999999892e+00,8.704000000000000625e-02,7.900052687042972976e-02,1.000000000000000000e+00
1.390490000000000004e+00,8.722000000000000586e-02,7.927164996013223719e-02,1.000000000000000000e+00
1.406949999999999923e+00,8.858000000000000596e-02,7.956127477321474351e-02,1.000000000000000000e+00
1.420199999999999907e+00,9.005000000000000504e-02,8.232468078703658598e-02,1.000000000000000000e+00
1.420199999999999907e+00,9.005000000000000504e-02,8.232468078703658598e-02,1.000000000000000000e+00
1.436960000000000015e+00,9.135999999999999677e-02,8.039304771510834280e-02,1.000000000000000000e+00
1.436960000000000015e+00,9.135999999999999677e-02,8.039304771510834280e-02,1.000000000000000000e+00
1.456069999999999975e+00,9.278000000000000136e-02,8.289245794686239677e-02,1.000000000000000000e+00
1.456069999999999975e+00,9.278000000000000136e-02,8.289245794686239677e-02,1.000000000000000000e+00
1.463680000000000092e+00,9.357999999999999652e-02,8.296906527755011640e-02,1.000000000000000000e+00
1.481559999999999988e+00,9.464000000000000190e-02,8.345071856962751888e-02,1.000000000000000000e+00
1.481559999999999988e+00,9.464000000000000190e-02,8.345071856962751888e-02,1.000000000000000000e+00
1.505130000000000079e+00,9.608999999999999486e-02,8.429510668516865257e-02,1.000000000000000000e+00
1.505130000000000079e+00,9.608999999999999486e-02,8.429510668516865257e-02,1.000000000000000000e+00
1.519430000000000058e+00,9.786999999999999866e-02,8.166344296483035725e-02,1.000000000000000000e+00
1.519430000000000058e+00,9.786999999999999866e-02,8.166344296483035725e-02,1.000000000000000000e+00
1.531870000000000065e+00,9.961000000000000409e-02,8.447980019390273487e-02,1.000000000000000000e+00
1.532850000000000046e+00,9.975000000000000533e-02,8.474370610454749764e-02,1.000000000000000000e+00
1.550769999999999982e+00,1.010699999999999932e-01,8.493745844808726908e-02,1.000000000000000000e+00
1.563469999999999915e+00,1.028799999999999992e-01,8.533848968747177743e-02,1.000000000000000000e+00
1.563469999999999915e+00,1.028799999999999992e-01,8.533848968747177743e-02,1.000000000000000000e+00
1.581839999999999913e+00,1.044800000000000034e-01,8.623029960251728243e-02,1.000000000000000000e+00
1.583290000000000086e+00,1.045999999999999985e-01,8.630333349119294339e-02,1.000000000000000000e+00
1.594799999999999995e+00,1.064200000000000007e-01,8.645945270203550526e-02,1.000000000000000000e+00
1.594799999999999995e+00,1.064200000000000007e-01,8.645945270203550526e-02,1.000000000000000000e+00
1.619769999999999932e+00,1.088800000000000046e-01,8.732291002878324326e-02,1.000000000000000000e+00
1.621599999999999930e+00,1.090499999999999942e-01,8.738849041283068553e-02,1.000000000000000000e+00
1.627010000000000067e+00,1.104399999999999965e-01,9.013228816416497813e-02,1.000000000000000000e+00
1.651299999999999990e+00,1.121800000000000019e-01,9.092380218072886044e-02,1.000000000000000000e+00
1.653710000000000013e+00,1.123399999999999954e-01,9.098348723136637228e-02,1.000000000000000000e+00
1.665429999999999966e+00,1.135899999999999965e-01,9.391217379208631477e-02,1.000000000000000000e+00
1.692250000000000032e+00,1.160199999999999981e-01,9.772010676876159707e-02,1.000000000000000000e+00
1.692250000000000032e+00,1.160199999999999981e-01,9.772010676876159707e-02,1.000000000000000000e+00
1.706860000000000044e+00,1.173199999999999937e-01,9.820599131876144028e-02,1.000000000000000000e+00
1.708040000000000003e+00,1.174300000000000066e-01,9.822220274141914287e-02,1.000000000000000000e+00
1.727249999999999952e+00,1.190400000000000069e-01,9.615796613200312815e-02,1.000000000000000000e+00
1.740990000000000038e+00,1.207400000000000001e-01,9.886772710222478666e-02,1.000000000000000000e+00
1.740990000000000038e+00,1.207400000000000001e-01,9.886772710222478666e-02,1.000000000000000000e+00
1.754240000000000022e+00,1.228800000000000031e-01,9.114303725340357210e-02,1.000000000000000000e+00
1.754240000000000022e+00,1.228800000000000031e-01,9.114303725340357210e-02,1.000000000000000000e+00
1.767339999999999911e+00,1.246199999999999947e-01,9.368790763315273940e-02,1.000000000000000000e+00
1.780650000000000066e+00,1.262800000000000034e-01,9.414330228440512260e-02,1.000000000000000000e+00
1.780650000000000066e+00,1.262800000000000034e-01,9.414330228440512260e-02,1.000000000000000000e+00
1.800650000000000084e+00,1.281400000000000039e-01,1.001962757761106770e-01,1.000000000000000000e+00
1.800650000000000084e+00,1.281400000000000039e-01,1.001962757761106770e-01,1.000000000000000000e+00
1.815430000000000099e+00,1.303700000000000137e-01,9.845054418876018898e-02,1.000000000000000000e+00
1.815430000000000099e+00,1.303700000000000137e-01,9.845054418876018898e-02,1.000000000000000000e+00
1.834819999999999895e+00,1.325199999999999989e-01,9.877609241723743494e-02,1.000000000000000000e+00
1.853669999999999929e+00,1.350300000000000111e-01,1.018593436645042205e-01,1.000000000000000000e+00
1.853669999999999929e+00,1.350300000000000111e-01,1.018593436645042205e-01,1.000000000000000000e+00
1.867110000000000047e+00,1.367200000000000082e-01,9.969501555532993275e-02,1.000000000000000000e+00
1.868370000000000086e+00,1.368699999999999917e-01,9.943443047591041251e-02,1.000000000000000000e+00
1.888120000000000021e+00,1.386999999999999900e-01,1.027196568162235119e-01,1.000000000000000000e+00
1.903359999999999941e+00,1.409199999999999897e-01,1.036081012237826948e-01,1.000000000000000000e+00
1.903359999999999941e+00,1.409199999999999897e-01,1.036081012237826948e-01,1.000000000000000000e+00
1.917689999999999895e+00,1.423200000000000021e-01,1.065095565056716209e-01,1.000000000000000000e+00
1.917689999999999895e+00,1.423200000000000021e-01,1.065095565056716209e-01,1.000000000000000000e+00
1.930839999999999890e+00,1.435099999999999987e-01,1.070958880427154841e-01,1.000000000000000000e+00
1.932190000000000074e+00,1.436300000000000077e-01,1.071324214693439164e-01,1.000000000000000000e+00
1.951929999999999943e+00,1.454400000000000137e-01,1.107186777236333908e-01,1.000000000000000000e+00
1.953549999999999898e+00,1.456000000000000072e-01,1.110105170667224361e-01,1.000000000000000000e+00
1.957170000000000076e+00,1.466800000000000048e-01,1.079140205066795866e-01,1.000000000000000000e+00
1.957480000000000109e+00,1.467700000000000116e-01,1.076547718208791943e-01,1.000000000000000000e+00
1.970180000000000042e+00,1.478299999999999892e-01,1.079998600616795951e-01,1.000000000000000000e+00
1.980809999999999960e+00,1.490900000000000003e-01,1.055899614680950171e-01,1.000000000000000000e+00
1.980809999999999960e+00,1.490900000000000003e-01,1.055899614680950171e-01,1.000000000000000000e+00
1.991950000000000109e+00,1.504500000000000004e-01,1.086121318629982291e-01,1.000000000000000000e+00
1.994939999999999936e+00,1.508200000000000096e-01,1.089480917381817626e-01,1.000000000000000000e+00
1.994939999999999936e+00,1.508200000000000096e-01,1.089480917381817626e-01,1.000000000000000000e+00
2.005669999999999842e+00,1.518200000000000105e-01,1.089938609872209280e-01,1.000000000000000000e+00
2.005669999999999842e+00,1.518200000000000105e-01,1.089938609872209280e-01,1.000000000000000000e+00
2.008249999999999869e+00,1.523799999999999877e-01,1.091189682942965422e-01,1.000000000000000000e+00
2.017759999999999998e+00,1.531700000000000006e-01,1.095590968290634792e-01,1.000000000000000000e+00
2.017759999999999998e+00,1.531700000000000006e-01,1.095590968290634792e-01,1.000000000000000000e+00
2.027249999999999996e+00,1.537900000000000100e-01,1.098778423629748341e-01,1.000000000000000000e+00
2.027249999999999996e+00,1.537900000000000100e-01,1.098778423629748341e-01,1.000000000000000000e+00
2.011870000000000047e+00,1.534399999999999931e-01,1.091862786418543174e-01,1.000000000000000000e+00
2.011870000000000047e+00,1.534399999999999931e-01,1.091862786418543174e-01,1.000000000000000000e+00
2.019169999999999909e+00,1.537499999999999978e-01,1.094687772258560871e-01,1.000000000000000000e+00
2.020360000000000156e+00,1.538599999999999968e-01,1.125019659989043019e-01,1.000000000000000000e+00
2.020360000000000156e+00,1.538599999999999968e-01,1.125019659989043019e-01,1.000000000000000000e+00
2.020239999999999814e+00,1.538499999999999868e-01,1.127199234554370072e-01,1.000000000000000000e+00
2.020239999999999814e+00,1.538499999999999868e-01,1.127199234554370072e-01,1.000000000000000000e+00
2.019390000000000018e+00,1.537199999999999955e-01,1.097303297783184806e-01,1.000000000000000000e+00
2.019589999999999996e+00,1.535799999999999943e-01,1.093736366061586057e-01,1.000000000000000000e+00
2.019589999999999996e+00,1.535799999999999943e-01,1.093736366061586057e-01,1.000000000000000000e+00
2.019589999999999996e+00,1.535799999999999943e-01,1.093736366061586057e-01,1.000000000000000000e+00
2.020090000000000163e+00,1.534399999999999931e-01,1.094299821513189941e-01,1.000000000000000000e+00
2.011540000000000106e+00,1.534099999999999908e-01,1.091610133736028027e-01,1.000000000000000000e+00
2.010670000000000179e+00,1.534099999999999908e-01,1.091327712522304899e-01,1.000000000000000000e+00
2.018699999999999939e+00,1.536899999999999933e-01,1.096418000389334652e-01,1.000000000000000000e+00
2.019420000000000215e+00,1.537199999999999955e-01,1.096874484144271800e-01,1.000000000000000000e+00
2.019420000000000215e+00,1.537199999999999955e-01,1.096874484144271800e-01,1.000000000000000000e+00
2.019489999999999785e+00,1.537300000000000055e-01,1.095025502935530332e-01,1.000000000000000000e+00
2.020070000000000032e+00,1.537399999999999878e-01,1.095088194007726307e-01,1.000000000000000000e+00
2.020070000000000032e+00,1.537399999999999878e-01,1.095088194007726307e-01,1.000000000000000000e+00
2.019559999999999800e+00,1.537300000000000055e-01,1.094886059247732052e-01,1.000000000000000000e+00
2.019559999999999800e+00,1.537300000000000055e-01,1.094886059247732052e-01,1.000000000000000000e+00
2.019429999999999836e+00,1.537199999999999955e-01,1.096716868314330934e-01,1.000000000000000000e+00
2.019429999999999836e+00,1.537199999999999955e-01,1.096716868314330934e-01,1.000000000000000000e+00
2.020059999999999967e+00,1.537399999999999878e-01,1.095240379677867443e-01,1.000000000000000000e+00
2.020119999999999916e+00,1.537399999999999878e-01,1.095106426292150881e-01,1.000000000000000000e+00
2.020119999999999916e+00,1.537399999999999878e-01,1.095106426292150881e-01,1.000000000000000000e+00
6.999999999999999929e-04,-4.000000000000000327e-05,0.000000000000000000e+00,1.000000000000000000e+00
-4.200000000000000174e-04,1.299999999999999886e-04,1.248193883120903101e-03,1.000000000000000000e+00
-4.200000000000000174e-04,1.299999999999999886e-04,1.248193883120903101e-03,1.000000000000000000e+00
-5.100000000000000366e-04,1.499999999999999869e-04,1.361433892785062459e-03,1.000000000000000000e+00
-6.499999999999999702e-04,1.499999999999999869e-04,1.342986388462149173e-03,1.000000000000000000e+00
4.400000000000000157e-04,-1.499999999999999869e-04,3.032291414718995583e-03,1.000000000000000000e+00
4.400000000000000157e-04,-1.499999999999999869e-04,3.032291414718995583e-03,1.000000000000000000e+00
-3.200000000000000262e-04,-4.000000000000000327e-05,1.693843195084248233e-03,1.000000000000000000e+00
6.800000000000000488e-04,5.000000000000000240e-05,3.070008605271805704e-03,1.000000000000000000e+00
6.800000000000000488e-04,5.000000000000000240e-05,3.070008605271805704e-03,1.000000000000000000e+00
-9.000000000000000567e-05,-5.000000000000000240e-05,-2.331036222200100205e-06,1.000000000000000000e+00
-9.000000000000000567e-05,-5.000000000000000240e-05,-2.331036222200100205e-06,1.000000000000000000e+00
2.840000000000000076e-03,-2.999999999999999737e-04,2.599457219084232856e-03,1.000000000000000000e+00
2.840000000000000076e-03,-2.999999999999999737e-04,2.599457219084232856e-03,1.000000000000000000e+00
5.290000000000000431e-03,6.000000000000000152e-05,2.014992404952360445e-03,1.000000000000000000e+00
1.179999999999999973e-02,4.499999999999999877e-04,3.743846120811116646e-03,1.000000000000000000e+00
1.179999999999999973e-02,4.499999999999999877e-04,3.743846120811116646e-03,1.000000000000000000e+00
2.181999999999999912e-02,6.499999999999999702e-04,5.827245444961712435e-03,1.000000000000000000e+00
2.181999999999999912e-02,6.499999999999999702e-04,5.827245444961712435e-03,1.000000000000000000e+00
3.088000000000000120e-02,9.600000000000000243e-04,4.368300506379114295e-03,1.000000000000000000e+00
3.088000000000000120e-02,9.600000000000000243e-04,4.368300506379114295e-03,1.000000000000000000e+00
4.127000000000000113e-02,1.670000000000000043e-03,5.637176863838104166e-03,1.000000000000000000e+00
4.216999999999999915e-02,1.740000000000000010e-03,5.769921543373118106e-03,1.000000000000000000e+00
5.247000000000000275e-02,2.069999999999999792e-03,5.388977541925781684e-03,1.000000000000000000e+00
6.277000000000000635e-02,2.599999999999999881e-03,8.041508897938868389e-03,1.000000000000000000e+00
6.277000000000000635e-02,2.599999999999999881e-03,8.041508897938868389e-03,1.000000000000000000e+00
7.881000000000000505e-02,2.909999999999999826e-03,1.164237674158822428e-02,1.000000000000000000e+00
8.021999999999999964e-02,2.939999999999999905e-03,1.195020945617549651e-02,1.000000000000000000e+00
9.028999999999999526e-02,3.599999999999999901e-03,1.147676875451458106e-02,1.000000000000000000e+00
1.024899999999999978e-01,3.799999999999999992e-03,1.406692162001043148e-02,1.000000000000000000e+00
1.024899999999999978e-01,3.799999999999999992e-03,1.406692162001043148e-02,1.000000000000000000e+00
1.174199999999999966e-01,3.939999999999999926e-03,1.434789969634443427e-02,1.000000000000000000e+00
1.174199999999999966e-01,3.939999999999999926e-03,1.434789969634443427e-02,1.000000000000000000e+00
1.377299999999999913e-01,3.599999999999999901e-03,1.744385766221103612e-02,1.000000000000000000e+00
1.537000000000000033e-01,3.550000000000000204e-03,1.422804301126914805e-02,1.000000000000000000e+00
1.537000000000000033e-01,3.550000000000000204e-03,1.422804301126914805e-02,1.000000000000000000e+00
1.675200000000000022e-01,3.799999999999999992e-03,1.685743544973377153e-02,1.000000000000000000e+00
1.675200000000000022e-01,3.799999999999999992e-03,1.685743544973377153e-02,1.000000000000000000e+00
1.797400000000000109e-01,4.470000000000000015e-03,1.654781868395183847e-02,1.000000000000000000e+00
1.807799999999999963e-01,4.530000000000000172e-03,1.649352103516022253e-02,1.000000000000000000e+00
1.983099999999999863e-01,4.680000000000000132e-03,1.658497510055168683e-02,1.000000000000000000e+00
1.983099999999999863e-01,4.680000000000000132e-03,1.658497510055168683e-02,1.000000000000000000e+00
2.145600000000000007e-01,5.619999999999999996e-03,1.801115951465748558e-02,1.000000000000000000e+00
2.275099999999999900e-01,6.669999999999999714e-03,2.453234888478825204e-02,1.000000000000000000e+00
2.275099999999999900e-01,6.669999999999999714e-03,2.453234888478825204e-02,1.000000000000000000e+00
2.452600000000000058e-01,6.939999999999999988e-03,2.680210938844804561e-02,1.000000000000000000e+00
2.601399999999999824e-01,8.319999999999999271e-03,2.570533165821169835e-02,1.000000000000000000e+00
2.601399999999999824e-01,8.319999999999999271e-03,2.570533165821169835e-02,1.000000000000000000e+00
2.865400000000000169e-01,1.016000000000000063e-02,2.709065487537690511e-02,1.000000000000000000e+00
2.865400000000000169e-01,1.016000000000000063e-02,2.709065487537690511e-02,1.000000000000000000e+00
3.006400000000000183e-01,1.099999999999999936e-02,2.508577311027218246e-02,1.000000000000000000e+00
3.006400000000000183e-01,1.099999999999999936e-02,2.508577311027218246e-02,1.000000000000000000e+00
3.204500000000000126e-01,1.156000000000000083e-02,2.158773944615349077e-02,1.000000000000000000e+00
3.225299999999999834e-01,1.161000000000000053e-02,2.122408709408982533e-02,1.000000000000000000e+00
3.322700000000000098e-01,1.212000000000000056e-02,2.592678583526602035e-02,1.000000000000000000e+00
3.505900000000000127e-01,1.235999999999999946e-02,2.271549315739273406e-02,1.000000000000000000e+00
3.505900000000000127e-01,1.235999999999999946e-02,2.271549315739273406e-02,1.000000000000000000e+00
3.664600000000000080e-01,1.264000000000000019e-02,2.394028112770430969e-02,1.000000000000000000e+00
3.664600000000000080e-01,1.264000000000000019e-02,2.394028112770430969e-02,1.000000000000000000e+00
3.794299999999999895e-01,1.295999999999999930e-02,2.862808862751701697e-02,1.000000000000000000e+00
3.794299999999999895e-01,1.295999999999999930e-02,2.862808862751701697e-02,1.000000000000000000e+00
3.987600000000000033e-01,1.322000000000000085e-02,2.928839150607976879e-02,1.000000000000000000e+00
4.002600000000000047e-01,1.324000000000000003e-02,2.930397860193002801e-02,1.000000000000000000e+00
4.142500000000000071e-01,1.353999999999999995e-02,2.893373744439213177e-02,1.000000000000000000e+00
4.338600000000000234e-01,1.409999999999999969e-02,3.090433478386801769e-02,1.000000000000000000e+00
4.338600000000000234e-01,1.409999999999999969e-02,3.090433478386801769e-02,1.000000000000000000e+00
4.521100000000000119e-01,1.495999999999999934e-02,3.137870226315916250e-02,1.000000000000000000e+00
4.521100000000000119e-01,1.495999999999999934e-02,3.137870226315916250e-02,1.000000000000000000e+00
4.683300000000000241e-01,1.598000000000000115e-02,3.142504889647088767e-02,1.000000000000000000e+00
4.683300000000000241e-01,1.598000000000000115e-02,3.142504889647088767e-02,1.000000000000000000e+00
4.933699999999999752e-01,1.786000000000000087e-02,2.951990186579477038e-02,1.000000000000000000e+00
4.962500000000000244e-01,1.807999999999999885e-02,2.928533291357507395e-02,1.000000000000000000e+00
5.082600000000000451e-01,1.904000000000000137e-02,3.076501944053003368e-02,1.000000000000000000e+00
5.094199999999999839e-01,1.914000000000000076e-02,3.090504905141334968e-02,1.000000000000000000e+00
5.238300000000000178e-01,1.974000000000000060e-02,2.924464431420753865e-02,1.000000000000000000e+00
5.372000000000000108e-01,2.036999999999999922e-02,3.043318241256538770e-02,1.000000000000000000e+00
5.372000000000000108e-01,2.036999999999999922e-02,3.043318241256538770e-02,1.000000000000000000e+00
5.531899999999999595e-01,2.128000000000000030e-02,3.251561807714484914e-02,1.000000000000000000e+00
5.531899999999999595e-01,2.128000000000000030e-02,3.251561807714484914e-02,1.000000000000000000e+00
5.546299999999999564e-01,2.137000000000000011e-02,3.270511737103675570e-02,1.000000000000000000e+00
5.889100000000000446e-01,2.211000000000000118e-02,3.483880891381434253e-02,1.000000000000000000e+00
5.889100000000000446e-01,2.211000000000000118e-02,3.483880891381434253e-02,1.000000000000000000e+00
6.023600000000000065e-01,2.256999999999999978e-02,3.829104420264355796e-02,1.000000000000000000e+00
6.023600000000000065e-01,2.256999999999999978e-02,3.829104420264355796e-02,1.000000000000000000e+00
6.159900000000000375e-01,2.310999999999999860e-02,3.684727705956846594e-02,1.000000000000000000e+00
6.159900000000000375e-01,2.310999999999999860e-02,3.684727705956846594e-02,1.000000000000000000e+00
6.159900000000000375e-01,2.310999999999999860e-02,3.684727705956846594e-02,1.000000000000000000e+00
6.490000000000000213e-01,2.425000000000000072e-02,3.674794913920389344e-02,1.000000000000000000e+00
6.490000000000000213e-01,2.425000000000000072e-02,3.674794913920389344e-02,1.000000000000000000e+00
6.662200000000000344e-01,2.529999999999999957e-02,3.677543660709105960e-02,1.000000000000000000e+00
6.662200000000000344e-01,2.529999999999999957e-02,3.677543660709105960e-02,1.000000000000000000e+00
6.676999999999999602e-01,2.539999999999999897e-02,3.677674133114871430e-02,1.000000000000000000e+00
6.816200000000000037e-01,2.636000000000000149e-02,3.888357300729733401e-02,1.000000000000000000e+00
6.942099999999999937e-01,2.713000000000000134e-02,3.703725913423424471e-02,1.000000000000000000e+00
7.108400000000000274e-01,2.793999999999999956e-02,3.903693881383551306e-02,1.000000000000000000e+00
7.108400000000000274e-01,2.793999999999999956e-02,3.903693881383551306e-02,1.000000000000000000e+00
7.279700000000000060e-01,2.931999999999999884e-02,3.949924530001035911e-02,1.000000000000000000e+00
7.296799999999999953e-01,2.946000000000000008e-02,3.952673204707753130e-02,1.000000000000000000e+00
7.426000000000000378e-01,3.054000000000000117e-02,4.117931324060193632e-02,1.000000000000000000e+00
7.599799999999999889e-01,3.126000000000000306e-02,4.163794609445495981e-02,1.000000000000000000e+00
7.599799999999999889e-01,3.126000000000000306e-02,4.163794609445495981e-02,1.000000000000000000e+00
7.614800000000000457e-01,3.132000000000000062e-02,4.166515371276006963e-02,1.000000000000000000e+00
7.843200000000000172e-01,3.210999999999999965e-02,4.394665095064528154e-02,1.000000000000000000e+00
7.995299999999999629e-01,3.289999999999999869e-02,4.401356196499622842e-02,1.000000000000000000e+00
8.179600000000000204e-01,3.314000000000000279e-02,4.630952984184350668e-02,1.000000000000000000e+00
8.179600000000000204e-01,3.314000000000000279e-02,4.630952984184350668e-02,1.000000000000000000e+00
8.326299999999999812e-01,3.361999999999999711e-02,4.406242314738643973e-02,1.000000000000000000e+00
8.326299999999999812e-01,3.361999999999999711e-02,4.406242314738643973e-02,1.000000000000000000e+00
8.339100000000000401e-01,3.366000000000000242e-02,4.382381336072120603e-02,1.000000000000000000e+00
8.339100000000000401e-01,3.366000000000000242e-02,4.382381336072120603e-02,1.000000000000000000e+00
8.658799999999999830e-01,3.500999999999999945e-02,4.149113034989357351e-02,1.000000000000000000e+00
8.674100000000000144e-01,3.506000000000000089e-02,4.129469267316764752e-02,1.000000000000000000e+00
8.812200000000000033e-01,3.606000000000000177e-02,4.350681175137272039e-02,1.000000000000000000e+00
8.964999999999999636e-01,3.710999999999999716e-02,4.349744299141147796e-02,1.000000000000000000e+00
8.964999999999999636e-01,3.710999999999999716e-02,4.349744299141147796e-02,1.000000000000000000e+00
8.964999999999999636e-01,3.710999999999999716e-02,4.349744299141147796e-02,1.000000000000000000e+00
8.964999999999999636e-01,3.710999999999999716e-02,4.349744299141147796e-02,1.000000000000000000e+00
9.265400000000000302e-01,3.883000000000000340e-02,4.587146248330219167e-02,1.000000000000000000e+00
9.411100000000000021e-01,4.046999999999999903e-02,4.639199297419427381e-02,1.000000000000000000e+00
9.411100000000000021e-01,4.046999999999999903e-02,4.639199297419427381e-02,1.000000000000000000e+00
9.668099999999999472e-01,4.248999999999999999e-02,4.615647684234851916e-02,1.000000000000000000e+00
9.689799999999999525e-01,4.265999999999999653e-02,4.613085467520031124e-02,1.000000000000000000e+00
9.828400000000000469e-01,4.313999999999999779e-02,4.628699455958491110e-02,1.000000000000000000e+00
9.982299999999999507e-01,4.404999999999999888e-02,4.866855881720465876e-02,1.000000000000000000e+00
9.982299999999999507e-01,4.404999999999999888e-02,4.866855881720465876e-02,1.000000000000000000e+00
1.014159999999999950e+00,4.485999999999999710e-02,4.882700491649412389e-02,1.000000000000000000e+00
1.014159999999999950e+00,4.485999999999999710e-02,4.882700491649412389e-02,1.000000000000000000e+00
1.014159999999999950e+00,4.485999999999999710e-02,4.882700491649412389e-02,1.000000000000000000e+00
1.015509999999999913e+00,4.492000000000000159e-02,4.881870831439224373e-02,1.000000000000000000e+00
1.045500000000000096e+00,4.649999999999999967e-02,5.104631347720253731e-02,1.000000000000000000e+00
1.065399999999999903e+00,4.705999999999999767e-02,5.140751531416012932e-02,1.000000000000000000e+00
1.065399999999999903e+00,4.705999999999999767e-02,5.140751531416012932e-02,1.000000000000000000e+00
1.077730000000000077e+00,4.775000000000000078e-02,4.889047797350772745e-02,1.000000000000000000e+00
1.077730000000000077e+00,4.775000000000000078e-02,4.889047797350772745e-02,1.000000000000000000e+00
1.078640000000000043e+00,4.780000000000000221e-02,4.866376141634411179e-02,1.000000000000000000e+00
1.078640000000000043e+00,4.780000000000000221e-02,4.866376141634411179e-02,1.000000000000000000e+00
1.078640000000000043e+00,4.780000000000000221e-02,4.866376141634411179e-02,1.000000000000000000e+00
1.130649999999999933e+00,5.072000000000000119e-02,4.896666260895372880e-02,1.000000000000000000e+00
1.142579999999999929e+00,5.186999999999999944e-02,4.927318058567004000e-02,1.000000000000000000e+00
1.142579999999999929e+00,5.186999999999999944e-02,4.927318058567004000e-02,1.000000000000000000e+00
1.162700000000000067e+00,5.276999999999999746e-02,5.181882817544380959e-02,1.000000000000000000e+00
1.162700000000000067e+00,5.276999999999999746e-02,5.181882817544380959e-02,1.000000000000000000e+00
1.175329999999999986e+00,5.423999999999999655e-02,5.217145615231073841e-02,1.000000000000000000e+00
1.175329999999999986e+00,5.423999999999999655e-02,5.217145615231073841e-02,1.000000000000000000e+00
1.195920000000000094e+00,5.543000000000000010e-02,5.467437803539870744e-02,1.000000000000000000e+00
1.197780000000000067e+00,5.553000000000000297e-02,5.491084917583616970e-02,1.000000000000000000e+00
1.208250000000000046e+00,5.679000000000000020e-02,5.505816956187220557e-02,1.000000000000000000e+00
1.224320000000000075e+00,5.782999999999999946e-02,5.287735938979317568e-02,1.000000000000000000e+00
1.224320000000000075e+00,5.782999999999999946e-02,5.287735938979317568e-02,1.000000000000000000e+00
1.241679999999999895e+00,5.870000000000000218e-02,5.494837663690577828e-02,1.000000000000000000e+00
1.243090000000000028e+00,5.877000000000000279e-02,5.515150889768157677e-02,1.000000000000000000e+00
1.253900000000000015e+00,5.956000000000000183e-02,5.535215729514691985e-02,1.000000000000000000e+00
1.253900000000000015e+00,5.956000000000000183e-02,5.535215729514691985e-02,1.000000000000000000e+00
1.270939999999999959e+00,6.006999999999999840e-02,5.767466605837231336e-02,1.000000000000000000e+00
1.288270000000000026e+00,6.078999999999999682e-02,5.537887939213653049e-02,1.000000000000000000e+00
1.288270000000000026e+00,6.078999999999999682e-02,5.537887939213653049e-02,1.000000000000000000e+00
1.305299999999999905e+00,6.151000000000000217e-02,5.281517373275580046e-02,1.000000000000000000e+00
1.322910000000000030e+00,6.232000000000000040e-02,5.266088892882199446e-02,1.000000000000000000e+00
1.322910000000000030e+00,6.232000000000000040e-02,5.266088892882199446e-02,1.000000000000000000e+00
1.340659999999999963e+00,6.336999999999999578e-02,5.280393818572301501e-02,1.000000000000000000e+00
1.340659999999999963e+00,6.336999999999999578e-02,5.280393818572301501e-02,1.000000000000000000e+00
1.347599999999999909e+00,6.464000000000000301e-02,5.294033142142796217e-02,1.000000000000000000e+00
1.364759999999999973e+00,6.623999999999999333e-02,5.822103471637832262e-02,1.000000000000000000e+00
1.364759999999999973e+00,6.623999999999999333e-02,5.822103471637832262e-02,1.000000000000000000e+00
1.387539999999999996e+00,6.733999999999999708e-02,5.891920237057070991e-02,1.000000000000000000e+00
1.387539999999999996e+00,6.733999999999999708e-02,5.891920237057070991e-02,1.000000000000000000e+00
1.400419999999999998e+00,6.897000000000000353e-02,5.915576229442507522e-02,1.000000000000000000e+00
1.401389999999999914e+00,6.911000000000000476e-02,5.917476072364294404e-02,1.000000000000000000e+00
1.418029999999999902e+00,7.061000000000000609e-02,5.930474305383534595e-02,1.000000000000000000e+00
1.430139999999999967e+00,7.177000000000000046e-02,5.937777836527930592e-02,1.000000000000000000e+00
1.430139999999999967e+00,7.177000000000000046e-02,5.937777836527930592e-02,1.000000000000000000e+00
1.447850000000000081e+00,7.299999999999999545e-02,5.948023580305993735e-02,1.000000000000000000e+00
1.449400000000000022e+00,7.309999999999999831e-02,5.948927558788598413e-02,1.000000000000000000e+00
1.460890000000000022e+00,7.409999999999999920e-02,6.233915921825224082e-02,1.000000000000000000e+00
1.479289999999999994e+00,7.495999999999999885e-02,6.270833082223903343e-02,1.000000000000000000e+00
1.479289999999999994e+00,7.495999999999999885e-02,6.270833082223903343e-02,1.000000000000000000e+00
1.492550000000000043e+00,7.588000000000000300e-02,6.511888005224658604e-02,1.000000000000000000e+00
1.492550000000000043e+00,7.588000000000000300e-02,6.511888005224658604e-02,1.000000000000000000e+00
1.510930000000000106e+00,7.653999999999999693e-02,6.293949596847296657e-02,1.000000000000000000e+00
1.536189999999999944e+00,7.749000000000000332e-02,6.302122183252277521e-02,1.000000000000000000e+00
1.536189999999999944e+00,7.749000000000000332e-02,6.302122183252277521e-02,1.000000000000000000e+00
1.538350000000000106e+00,7.757000000000000006e-02,6.304915628542313855e-02,1.000000000000000000e+00
1.549800000000000066e+00,7.888000000000000567e-02,6.337498725767799768e-02,1.000000000000000000e+00
1.568540000000000045e+00,8.043999999999999762e-02,6.339630537747600880e-02,1.000000000000000000e+00
1.568540000000000045e+00,8.043999999999999762e-02,6.339630537747600880e-02,1.000000000000000000e+00
1.587599999999999900e+00,8.161999999999999811e-02,6.372509466734346817e-02,1.000000000000000000e+00
1.600850000000000106e+00,8.278000000000000635e-02,6.401091540588908779e-02,1.000000000000000000e+00
1.600850000000000106e+00,8.278000000000000635e-02,6.401091540588908779e-02,1.000000000000000000e+00
1.618579999999999908e+00,8.497000000000000386e-02,6.373404260077181194e-02,1.000000000000000000e+00
1.618579999999999908e+00,8.497000000000000386e-02,6.373404260077181194e-02,1.000000000000000000e+00
1.643939999999999957e+00,8.669999999999999929e-02,6.678856182226458604e-02,1.000000000000000000e+00
1.643939999999999957e+00,8.669999999999999929e-02,6.678856182226458604e-02,1.000000000000000000e+00
1.646060000000000079e+00,8.684000000000000052e-02,6.706273357267925062e-02,1.000000000000000000e+00
1.658090000000000064e+00,8.798000000000000265e-02,6.461781531660337752e-02,1.000000000000000000e+00
1.658090000000000064e+00,8.798000000000000265e-02,6.461781531660337752e-02,1.000000000000000000e+00
1.658090000000000064e+00,8.798000000000000265e-02,6.461781531660337752e-02,1.000000000000000000e+00
1.658090000000000064e+00,8.798000000000000265e-02,6.461781531660337752e-02,1.000000000000000000e+00
1.703840000000000021e+00,9.188000000000000334e-02,6.787956425976318653e-02,1.000000000000000000e+00
1.724169999999999980e+00,9.296000000000000096e-02,6.777177427637347262e-02,1.000000000000000000e+00
1.724169999999999980e+00,9.296000000000000096e-02,6.777177427637347262e-02,1.000000000000000000e+00
1.738490000000000091e+00,9.378000000000000225e-02,7.074450333807949520e-02,1.000000000000000000e+00
1.738490000000000091e+00,9.378000000000000225e-02,7.074450333807949520e-02,1.000000000000000000e+00
1.751530000000000031e+00,9.457999999999999741e-02,6.810991436351773731e-02,1.000000000000000000e+00
1.771679999999999922e+00,9.576999999999999402e-02,6.817440819979952993e-02,1.000000000000000000e+00
1.771679999999999922e+00,9.576999999999999402e-02,6.817440819979952993e-02,1.000000000000000000e+00
1.778399999999999981e+00,9.697000000000000064e-02,6.538492400492827705e-02,1.000000000000000000e+00
1.778399999999999981e+00,9.697000000000000064e-02,6.538492400492827705e-02,1.000000000000000000e+00
1.798419999999999908e+00,9.855999999999999484e-02,6.791274907842459463e-02,1.000000000000000000e+00
1.800249999999999906e+00,9.869999999999999607e-02,6.817592287815413266e-02,1.000000000000000000e+00
1.805569999999999897e+00,9.983000000000000207e-02,7.129997171573691783e-02,1.000000000000000000e+00
1.825190000000000090e+00,1.012699999999999989e-01,6.903052410357216062e-02,1.000000000000000000e+00
1.825190000000000090e+00,1.012699999999999989e-01,6.903052410357216062e-02,1.000000000000000000e+00
1.846400000000000041e+00,1.030900000000000011e-01,7.488127067399184822e-02,1.000000000000000000e+00
1.848340000000000094e+00,1.032700000000000007e-01,7.548966492336024736e-02,1.000000000000000000e+00
1.860440000000000094e+00,1.047099999999999975e-01,7.258620927380882160e-02,1.000000000000000000e+00
1.880830000000000002e+00,1.063700000000000062e-01,7.000265890235934929e-02,1.000000000000000000e+00
1.880830000000000002e+00,1.063700000000000062e-01,7.000265890235934929e-02,1.000000000000000000e+00
1.895319999999999894e+00,1.076700000000000018e-01,7.271610725433620692e-02,1.000000000000000000e+00
1.895319999999999894e+00,1.076700000000000018e-01,7.271610725433620692e-02,1.000000000000000000e+00
1.908330000000000082e+00,1.091499999999999970e-01,7.309317705340528937e-02,1.000000000000000000e+00
1.922830000000000039e+00,1.103299999999999975e-01,7.592265980015462656e-02,1.000000000000000000e+00
1.922830000000000039e+00,1.103299999999999975e-01,7.592265980015462656e-02,1.000000000000000000e+00
1.936579999999999968e+00,1.114799999999999958e-01,7.642957459103856543e-02,1.000000000000000000e+00
1.936579999999999968e+00,1.114799999999999958e-01,7.642957459103856543e-02,1.000000000000000000e+00
1.957189999999999985e+00,1.120700000000000029e-01,7.664488338233360620e-02,1.000000000000000000e+00
1.959060000000000024e+00,1.121199999999999974e-01,7.666337747646266576e-02,1.000000000000000000e+00
1.962970000000000104e+00,1.125400000000000011e-01,7.658834591867660913e-02,1.000000000000000000e+00
1.974650000000000016e+00,1.132399999999999934e-01,7.962140129022876600e-02,1.000000000000000000e+00
1.974650000000000016e+00,1.132399999999999934e-01,7.962140129022876600e-02,1.000000000000000000e+00
1.978220000000000089e+00,1.139899999999999941e-01,7.690210368833182153e-02,1.000000000000000000e+00
1.978220000000000089e+00,1.139899999999999941e-01,7.690210368833182153e-02,1.000000000000000000e+00
1.988310000000000022e+00,1.145700000000000052e-01,7.673026767226608091e-02,1.000000000000000000e+00
1.989239999999999897e+00,1.146199999999999997e-01,7.674009159999981011e-02,1.000000000000000000e+00
1.999509999999999899e+00,1.148900000000000060e-01,7.970420849917186912e-02,1.000000000000000000e+00
1.994420000000000082e+00,1.151100000000000040e-01,7.695212235080160779e-02,1.000000000000000000e+00
1.994420000000000082e+00,1.151100000000000040e-01,7.695212235080160779e-02,1.000000000000000000e+00
2.002870000000000150e+00,1.158399999999999985e-01,7.699811742574462492e-02,1.000000000000000000e+00
2.002870000000000150e+00,1.158399999999999985e-01,7.699811742574462492e-02,1.000000000000000000e+00
2.013030000000000097e+00,1.164400000000000018e-01,7.723587379287132071e-02,1.000000000000000000e+00
2.015169999999999906e+00,1.165999999999999953e-01,7.728386192022961010e-02,1.000000000000000000e+00
2.015169999999999906e+00,1.165999999999999953e-01,7.728386192022961010e-02,1.000000000000000000e+00
2.023600000000000065e+00,1.169300000000000062e-01,7.734180987297499532e-02,1.000000000000000000e+00
2.023600000000000065e+00,1.169300000000000062e-01,7.734180987297499532e-02,1.000000000000000000e+00
2.016950000000000021e+00,1.169599999999999945e-01,8.035461139784945417e-02,1.000000000000000000e+00
2.016249999999999876e+00,1.170400000000000051e-01,7.749535186232696382e-02,1.000000000000000000e+00
2.016249999999999876e+00,1.170400000000000051e-01,7.749535186232696382e-02,1.000000000000000000e+00
2.015629999999999811e+00,1.169400000000000023e-01,8.034297714735823270e-02,1.000000000000000000e+00
2.015629999999999811e+00,1.169400000000000023e-01,8.034297714735823270e-02,1.000000000000000000e+00
2.023260000000000058e+00,1.170100000000000029e-01,7.464727242147826958e-02,1.000000000000000000e+00
2.024039999999999839e+00,1.172200000000000047e-01,7.731591057814909962e-02,1.000000000000000000e+00
2.024039999999999839e+00,1.172200000000000047e-01,7.731591057814909962e-02,1.000000000000000000e+00
2.016379999999999839e+00,1.168600000000000055e-01,7.727004069431231414e-02,1.000000000000000000e+00
2.016379999999999839e+00,1.168600000000000055e-01,7.727004069431231414e-02,1.000000000000000000e+00
2.015320000000000000e+00,1.169700000000000045e-01,7.735820997230105633e-02,1.000000000000000000e+00
2.015089999999999826e+00,1.169000000000000039e-01,7.443912416684281275e-02,1.000000000000000000e+00
2.015089999999999826e+00,1.169000000000000039e-01,7.443912416684281275e-02,1.000000000000000000e+00
2.015190000000000037e+00,1.169700000000000045e-01,7.689230317865705655e-02,1.000000000000000000e+00
2.015190000000000037e+00,1.169700000000000045e-01,7.689230317865705655e-02,1.000000000000000000e+00
2.015379999999999949e+00,1.169100000000000000e-01,8.033996836300107136e-02,1.000000000000000000e+00
2.015400000000000080e+00,1.169000000000000039e-01,8.062683169321363530e-02,1.000000000000000000e+00
2.015309999999999935e+00,1.166800000000000059e-01,7.757467454430565235e-02,1.000000000000000000e+00
2.015289999999999804e+00,1.169599999999999945e-01,7.736335149878560691e-02,1.000000000000000000e+00
2.015289999999999804e+00,1.169599999999999945e-01,7.736335149878560691e-02,1.000000000000000000e+00
2.015210000000000168e+00,1.169800000000000006e-01,7.718329147121982814e-02,1.000000000000000000e+00
2.015210000000000168e+00,1.169800000000000006e-01,7.718329147121982814e-02,1.000000000000000000e+00
2.023579999999999934e+00,1.170199999999999990e-01,8.043433123671513141e-02,1.000000000000000000e+00
2.024259999999999948e+00,1.169499999999999984e-01,7.782139496658005418e-02,1.000000000000000000e+00
2.024259999999999948e+00,1.169499999999999984e-01,7.782139496658005418e-02,1.000000000000000000e+00
2.016300000000000203e+00,1.166100000000000053e-01,7.421714796571707295e-02,1.000000000000000000e+00
2.016300000000000203e+00,1.166100000000000053e-01,7.421714796571707295e-02,1.000000000000000000e+00
-9.899999999999999946e-04,1.000000000000000048e-04,0.000000000000000000e+00,1.000000000000000000e+00
-9.899999999999999946e-04,1.000000000000000048e-04,0.000000000000000000e+00,1.000000000000000000e+00
-9.899999999999999946e-04,1.000000000000000048e-04,0.000000000000000000e+00,1.000000000000000000e+00
-2.200000000000000078e-04,-5.000000000000000240e-05,1.544889530921950962e-03,1.000000000000000000e+00
4.000000000000000327e-05,5.000000000000000240e-05,1.933514364386937779e-04,1.000000000000000000e+00
6.999999999999999387e-05,6.000000000000000152e-05,7.920925142033673227e-05,1.000000000000000000e+00
2.000000000000000164e-05,-9.000000000000000567e-05,-2.648167215181448930e-04,1.000000000000000000e+00
1.209999999999999921e-03,-1.000000000000000048e-04,9.247586587610869924e-05,1.000000000000000000e+00
1.209999999999999921e-03,-1.000000000000000048e-04,9.247586587610869924e-05,1.000000000000000000e+00
1.299999999999999886e-04,-6.999999999999999387e-05,-1.544888179882427867e-03,1.000000000000000000e+00
1.299999999999999886e-04,-6.999999999999999387e-05,-1.544888179882427867e-03,1.000000000000000000e+00
2.000000000000000164e-05,-6.999999999999999387e-05,-1.705589187002431529e-03,1.000000000000000000e+00
6.999999999999999387e-05,-1.000000000000000048e-04,-1.351018585238547294e-04,1.000000000000000000e+00
3.000000000000000076e-05,6.000000000000000152e-05,4.606611259649841163e-05,1.000000000000000000e+00
1.420000000000000038e-03,-1.399999999999999877e-04,4.552268654076974813e-03,1.000000000000000000e+00
1.420000000000000038e-03,-1.399999999999999877e-04,4.552268654076974813e-03,1.000000000000000000e+00
7.170000000000000158e-03,-2.000000000000000096e-04,1.277096968386183225e-03,1.000000000000000000e+00
7.609999999999999577e-03,-2.100000000000000087e-04,9.954614570319433257e-04,1.000000000000000000e+00
1.132999999999999979e-02,2.000000000000000096e-04,2.229409583933279673e-03,1.000000000000000000e+00
1.132999999999999979e-02,2.000000000000000096e-04,2.229409583933279673e-03,1.000000000000000000e+00
1.132999999999999979e-02,2.000000000000000096e-04,2.229409583933279673e-03,1.000000000000000000e+00
1.132999999999999979e-02,2.000000000000000096e-04,2.229409583933279673e-03,1.000000000000000000e+00
1.132999999999999979e-02,2.000000000000000096e-04,2.229409583933279673e-03,1.000000000000000000e+00
1.166000000000000023e-02,2.300000000000000070e-04,2.337173452357622829e-03,1.000000000000000000e+00
4.723999999999999727e-02,1.709999999999999932e-03,5.451121967467315206e-03,1.000000000000000000e+00
4.723999999999999727e-02,1.709999999999999932e-03,5.451121967467315206e-03,1.000000000000000000e+00
6.099000000000000254e-02,1.840000000000000056e-03,8.835164689881656527e-03,1.000000000000000000e+00
6.099000000000000254e-02,1.840000000000000056e-03,8.835164689881656527e-03,1.000000000000000000e+00
7.316000000000000281e-02,2.220000000000000185e-03,9.019769949726854849e-03,1.000000000000000000e+00
7.416000000000000369e-02,2.249999999999999830e-03,9.008540453516766452e-03,1.000000000000000000e+00
8.400000000000000522e-02,3.089999999999999865e-03,8.707341264259368246e-03,1.000000000000000000e+00
1.006699999999999956e-01,3.370000000000000166e-03,1.035400540682233569e-02,1.000000000000000000e+00
1.006699999999999956e-01,3.370000000000000166e-03,1.035400540682233569e-02,1.000000000000000000e+00
1.124300000000000022e-01,4.210000000000000200e-03,1.030597862871118590e-02,1.000000000000000000e+00
1.134000000000000008e-01,4.290000000000000410e-03,1.028887136585441946e-02,1.000000000000000000e+00
1.267600000000000116e-01,4.470000000000000015e-03,1.193596723848250676e-02,1.000000000000000000e+00
1.431699999999999917e-01,4.879999999999999789e-03,1.031504472806867023e-02,1.000000000000000000e+00
1.431699999999999917e-01,4.879999999999999789e-03,1.031504472806867023e-02,1.000000000000000000e+00
1.567900000000000127e-01,5.230000000000000274e-03,1.346067433659370316e-02,1.000000000000000000e+00
1.567900000000000127e-01,5.230000000000000274e-03,1.346067433659370316e-02,1.000000000000000000e+00
1.706399999999999861e-01,5.769999999999999955e-03,1.365923712755236739e-02,1.000000000000000000e+00
1.717299999999999938e-01,5.819999999999999653e-03,1.365275829605453947e-02,1.000000000000000000e+00
1.862000000000000044e-01,5.449999999999999983e-03,1.457996410316600433e-02,1.000000000000000000e+00
2.017299999999999927e-01,5.579999999999999891e-03,1.274589817280752900e-02,1.000000000000000000e+00
2.017299999999999927e-01,5.579999999999999891e-03,1.274589817280752900e-02,1.000000000000000000e+00
2.161200000000000065e-01,6.210000000000000242e-03,1.719959732663667654e-02,1.000000000000000000e+00
2.161200000000000065e-01,6.210000000000000242e-03,1.719959732663667654e-02,1.000000000000000000e+00
2.334799999999999931e-01,6.599999999999999964e-03,1.945321028625499743e-02,1.000000000000000000e+00
2.483799999999999897e-01,7.040000000000000251e-03,1.925639476874365860e-02,1.000000000000000000e+00
2.483799999999999897e-01,7.040000000000000251e-03,1.925639476874365860e-02,1.000000000000000000e+00
2.642499999999999849e-01,7.860000000000000667e-03,2.148438855381415782e-02,1.000000000000000000e+00
2.642499999999999849e-01,7.860000000000000667e-03,2.148438855381415782e-02,1.000000000000000000e+00
2.865900000000000114e-01,8.550000000000000308e-03,2.254045367141424214e-02,1.000000000000000000e+00
3.019100000000000117e-01,9.119999999999999635e-03,2.066295371638935882e-02,1.000000000000000000e+00
3.019100000000000117e-01,9.119999999999999635e-03,2.066295371638935882e-02,1.000000000000000000e+00
3.204600000000000226e-01,9.570000000000000381e-03,2.216635734784736661e-02,1.000000000000000000e+00
3.221499999999999919e-01,9.620000000000000079e-03,2.232933350438431885e-02,1.000000000000000000e+00
3.358700000000000019e-01,1.052999999999999943e-02,1.848520888139929333e-02,1.000000000000000000e+00
3.528499999999999970e-01,1.089000000000000037e-02,2.002930896371686240e-02,1.000000000000000000e+00
3.528499999999999970e-01,1.089000000000000037e-02,2.002930896371686240e-02,1.000000000000000000e+00
3.662099999999999800e-01,1.175999999999999962e-02,2.172917161735421487e-02,1.000000000000000000e+00
3.662099999999999800e-01,1.175999999999999962e-02,2.172917161735421487e-02,1.000000000000000000e+00
3.836600000000000010e-01,1.213000000000000016e-02,2.364558466362959299e-02,1.000000000000000000e+00
4.011399999999999966e-01,1.234000000000000027e-02,2.539748564601148825e-02,1.000000000000000000e+00
4.011399999999999966e-01,1.234000000000000027e-02,2.539748564601148825e-02,1.000000000000000000e+00
4.147700000000000276e-01,1.222999999999999955e-02,2.894827576434605074e-02,1.000000000000000000e+00
4.147700000000000276e-01,1.222999999999999955e-02,2.894827576434605074e-02,1.000000000000000000e+00
4.322599999999999776e-01,1.276000000000000051e-02,2.739079788238752214e-02,1.000000000000000000e+00
4.336800000000000099e-01,1.280000000000000061e-02,2.723381130801607805e-02,1.000000000000000000e+00
4.558200000000000029e-01,1.430999999999999980e-02,2.689739024452841507e-02,1.000000000000000000e+00
4.698100000000000054e-01,1.529999999999999936e-02,2.690867725185158363e-02,1.000000000000000000e+00
4.698100000000000054e-01,1.529999999999999936e-02,2.690867725185158363e-02,1.000000000000000000e+00
4.876300000000000079e-01,1.600000000000000033e-02,2.522775346652550432e-02,1.000000000000000000e+00
4.876300000000000079e-01,1.600000000000000033e-02,2.522775346652550432e-02,1.000000000000000000e+00
5.037099999999999911e-01,1.651999999999999996e-02,2.679585174247735291e-02,1.000000000000000000e+00
5.196600000000000108e-01,1.703999999999999959e-02,2.497296766470252088e-02,1.000000000000000000e+00
5.196600000000000108e-01,1.703999999999999959e-02,2.497296766470252088e-02,1.000000000000000000e+00
5.355199999999999960e-01,1.782999999999999863e-02,2.275587452040927702e-02,1.000000000000000000e+00
5.355199999999999960e-01,1.782999999999999863e-02,2.275587452040927702e-02,1.000000000000000000e+00
5.492399999999999505e-01,1.887000000000000136e-02,2.444504484039777131e-02,1.000000000000000000e+00
5.674700000000000299e-01,1.972000000000000142e-02,2.484372274309442144e-02,1.000000000000000000e+00
5.674700000000000299e-01,1.972000000000000142e-02,2.484372274309442144e-02,1.000000000000000000e+00
5.843300000000000161e-01,2.018999999999999961e-02,2.883635803434168865e-02,1.000000000000000000e+00
5.843300000000000161e-01,2.018999999999999961e-02,2.883635803434168865e-02,1.000000000000000000e+00
5.981199999999999850e-01,2.105999999999999886e-02,2.929379064694904652e-02,1.000000000000000000e+00
5.994099999999999984e-01,2.114999999999999866e-02,2.930212016618541707e-02,1.000000000000000000e+00
6.143899999999999917e-01,2.173999999999999891e-02,3.320604376264751911e-02,1.000000000000000000e+00
6.283499999999999641e-01,2.229000000000000078e-02,3.156566048280522174e-02,1.000000000000000000e+00
6.283499999999999641e-01,2.229000000000000078e-02,3.156566048280522174e-02,1.000000000000000000e+00
6.479599999999999804e-01,2.198999999999999913e-02,3.514545495136808112e-02,1.000000000000000000e+00
6.497300000000000297e-01,2.197999999999999954e-02,3.550471488445017948e-02,1.000000000000000000e+00
6.623499999999999943e-01,2.253000000000000141e-02,3.167947980401147889e-02,1.000000000000000000e+00
6.760599999999999943e-01,2.339000000000000107e-02,3.100506089944711843e-02,1.000000000000000000e+00
6.760599999999999943e-01,2.339000000000000107e-02,3.100506089944711843e-02,1.000000000000000000e+00
6.931500000000000439e-01,2.418000000000000010e-02,3.133832466620484203e-02,1.000000000000000000e+00
6.946799999999999642e-01,2.424000000000000113e-02,3.137413495924432777e-02,1.000000000000000000e+00
7.103800000000000114e-01,2.481999999999999831e-02,3.161281071494786987e-02,1.000000000000000000e+00
7.245000000000000329e-01,2.574999999999999858e-02,3.352678448414219553e-02,1.000000000000000000e+00
7.245000000000000329e-01,2.574999999999999858e-02,3.352678448414219553e-02,1.000000000000000000e+00
7.418900000000000494e-01,2.650999999999999884e-02,3.389815932774409984e-02,1.000000000000000000e+00
7.418900000000000494e-01,2.650999999999999884e-02,3.389815932774409984e-02,1.000000000000000000e+00
7.564899999999999958e-01,2.715000000000000052e-02,3.156850792631119701e-02,1.000000000000000000e+00
7.736399999999999944e-01,2.844999999999999959e-02,3.361604353667447392e-02,1.000000000000000000e+00
7.736399999999999944e-01,2.844999999999999959e-02,3.361604353667447392e-02,1.000000000000000000e+00
7.881299999999999972e-01,2.946000000000000008e-02,3.186163631328092771e-02,1.000000000000000000e+00
7.881299999999999972e-01,2.946000000000000008e-02,3.186163631328092771e-02,1.000000000000000000e+00
8.059600000000000097e-01,3.007999999999999910e-02,3.365062071808364724e-02,1.000000000000000000e+00
8.208499999999999686e-01,3.075999999999999915e-02,3.388513029567076507e-02,1.000000000000000000e+00
8.208499999999999686e-01,3.075999999999999915e-02,3.388513029567076507e-02,1.000000000000000000e+00
8.386799999999999811e-01,3.151000000000000328e-02,3.389199164954376231e-02,1.000000000000000000e+00
8.386799999999999811e-01,3.151000000000000328e-02,3.389199164954376231e-02,1.000000000000000000e+00
8.504899999999999682e-01,3.237999999999999906e-02,3.156806303234576533e-02,1.000000000000000000e+00
8.688500000000000112e-01,3.209999999999999659e-02,3.521740076431464223e-02,1.000000000000000000e+00
8.688500000000000112e-01,3.209999999999999659e-02,3.521740076431464223e-02,1.000000000000000000e+00
8.878399999999999626e-01,3.250999999999999723e-02,3.362083287290874162e-02,1.000000000000000000e+00
8.878399999999999626e-01,3.250999999999999723e-02,3.362083287290874162e-02,1.000000000000000000e+00
8.995699999999999807e-01,3.305999999999999911e-02,3.318493677536394487e-02,1.000000000000000000e+00
9.174200000000000133e-01,3.389999999999999958e-02,3.346399366040150869e-02,1.000000000000000000e+00
9.174200000000000133e-01,3.389999999999999958e-02,3.346399366040150869e-02,1.000000000000000000e+00
9.192500000000000115e-01,3.398000000000000326e-02,3.349809069767719499e-02,1.000000000000000000e+00
9.330500000000000460e-01,3.490999999999999659e-02,3.355593557959733048e-02,1.000000000000000000e+00
9.484900000000000553e-01,3.554999999999999827e-02,3.565162842949143318e-02,1.000000000000000000e+00
9.498799999999999466e-01,3.561000000000000276e-02,3.585923092929162170e-02,1.000000000000000000e+00
9.676599999999999646e-01,3.622999999999999832e-02,3.847326523282559863e-02,1.000000000000000000e+00
9.795300000000000118e-01,3.688999999999999918e-02,3.842194112945256090e-02,1.000000000000000000e+00
9.795300000000000118e-01,3.688999999999999918e-02,3.842194112945256090e-02,1.000000000000000000e+00
9.977700000000000458e-01,3.796999999999999681e-02,3.438063820849215912e-02,1.000000000000000000e+00
9.977700000000000458e-01,3.796999999999999681e-02,3.438063820849215912e-02,1.000000000000000000e+00
1.010140000000000038e+00,3.907999999999999668e-02,3.604088564212533374e-02,1.000000000000000000e+00
1.010140000000000038e+00,3.907999999999999668e-02,3.604088564212533374e-02,1.000000000000000000e+00
1.029439999999999911e+00,3.962000000000000244e-02,3.414854109073645755e-02,1.000000000000000000e+00
1.031079999999999997e+00,3.964999999999999775e-02,3.396271660897597078e-02,1.000000000000000000e+00
1.045670000000000099e+00,4.041999999999999760e-02,3.639811977889870209e-02,1.000000000000000000e+00
1.061439999999999939e+00,4.120000000000000051e-02,3.623340493299290893e-02,1.000000000000000000e+00
1.061439999999999939e+00,4.120000000000000051e-02,3.623340493299290893e-02,1.000000000000000000e+00
1.081730000000000080e+00,4.186000000000000137e-02,3.645484159241776240e-02,1.000000000000000000e+00
1.083509999999999973e+00,4.191999999999999893e-02,3.647831298360770108e-02,1.000000000000000000e+00
1.094049999999999967e+00,4.200999999999999873e-02,3.837136756409893074e-02,1.000000000000000000e+00
1.109669999999999934e+00,4.261000000000000204e-02,3.398463209504154481e-02,1.000000000000000000e+00
1.109669999999999934e+00,4.261000000000000204e-02,3.398463209504154481e-02,1.000000000000000000e+00
1.126079999999999970e+00,4.302999999999999881e-02,3.356029163704998819e-02,1.000000000000000000e+00
1.126079999999999970e+00,4.302999999999999881e-02,3.356029163704998819e-02,1.000000000000000000e+00
1.127620000000000067e+00,4.306999999999999718e-02,3.355913597202239002e-02,1.000000000000000000e+00
1.142249999999999988e+00,4.374999999999999722e-02,3.123316658571292925e-02,1.000000000000000000e+00
1.142249999999999988e+00,4.374999999999999722e-02,3.123316658571292925e-02,1.000000000000000000e+00
1.184960000000000013e+00,4.560999999999999777e-02,3.912996244458593481e-02,1.000000000000000000e+00
1.184960000000000013e+00,4.560999999999999777e-02,3.912996244458593481e-02,1.000000000000000000e+00
1.202460000000000084e+00,4.633000000000000312e-02,3.701534809700084833e-02,1.000000000000000000e+00
1.218769999999999909e+00,4.739999999999999769e-02,3.461500269915209621e-02,1.000000000000000000e+00
1.218769999999999909e+00,4.739999999999999769e-02,3.461500269915209621e-02,1.000000000000000000e+00
1.235770000000000035e+00,4.861000000000000043e-02,3.678797098634319085e-02,1.000000000000000000e+00
1.235770000000000035e+00,4.861000000000000043e-02,3.678797098634319085e-02,1.000000000000000000e+00
1.247670000000000057e+00,4.918000000000000149e-02,3.711042494367065847e-02,1.000000000000000000e+00
1.269379999999999953e+00,4.970999999999999724e-02,3.704467231171002656e-02,1.000000000000000000e+00
1.269379999999999953e+00,4.970999999999999724e-02,3.704467231171002656e-02,1.000000000000000000e+00
1.269379999999999953e+00,4.970999999999999724e-02,3.704467231171002656e-02,1.000000000000000000e+00
1.271379999999999955e+00,4.975999999999999868e-02,3.703736491505853212e-02,1.000000000000000000e+00
1.299120000000000053e+00,5.138999999999999818e-02,3.714034760251140599e-02,1.000000000000000000e+00
1.299120000000000053e+00,5.138999999999999818e-02,3.714034760251140599e-02,1.000000000000000000e+00
1.311940000000000106e+00,5.147999999999999798e-02,3.939419105309522467e-02,1.000000000000000000e+00
1.311940000000000106e+00,5.147999999999999798e-02,3.939419105309522467e-02,1.000000000000000000e+00
1.312880000000000047e+00,5.147999999999999798e-02,3.957585417416178281e-02,1.000000000000000000e+00
1.312880000000000047e+00,5.147999999999999798e-02,3.957585417416178281e-02,1.000000000000000000e+00
1.312880000000000047e+00,5.147999999999999798e-02,3.957585417416178281e-02,1.000000000000000000e+00
1.312880000000000047e+00,5.147999999999999798e-02,3.957585417416178281e-02,1.000000000000000000e+00
1.312880000000000047e+00,5.147999999999999798e-02,3.957585417416178281e-02,1.000000000000000000e+00
1.312880000000000047e+00,5.147999999999999798e-02,3.957585417416178281e-02,1.000000000000000000e+00
1.312880000000000047e+00,5.147999999999999798e-02,3.957585417416178281e-02,1.000000000000000000e+00
1.312880000000000047e+00,5.147999999999999798e-02,3.957585417416178281e-02,1.000000000000000000e+00
1.407270000000000021e+00,5.650000000000000161e-02,4.017527071012500645e-02,1.000000000000000000e+00
1.408830000000000027e+00,5.657999999999999835e-02,4.018669241754431465e-02,1.000000000000000000e+00
1.408830000000000027e+00,5.657999999999999835e-02,4.018669241754431465e-02,1.000000000000000000e+00
1.449459999999999971e+00,5.949000000000000121e-02,3.761540852510283917e-02,1.000000000000000000e+00
1.449459999999999971e+00,5.949000000000000121e-02,3.761540852510283917e-02,1.000000000000000000e+00
1.451170000000000071e+00,5.963999999999999857e-02,3.741074170196176385e-02,1.000000000000000000e+00
1.463459999999999983e+00,6.074000000000000232e-02,4.022768145270382012e-02,1.000000000000000000e+00
1.480320000000000080e+00,6.108999999999999847e-02,4.020037925492767755e-02,1.000000000000000000e+00
1.499479999999999924e+00,6.210999999999999854e-02,4.043663870790575182e-02,1.000000000000000000e+00
1.499479999999999924e+00,6.210999999999999854e-02,4.043663870790575182e-02,1.000000000000000000e+00
1.518019999999999925e+00,6.293999999999999595e-02,4.062257278903139840e-02,1.000000000000000000e+00
1.518019999999999925e+00,6.293999999999999595e-02,4.062257278903139840e-02,1.000000000000000000e+00
1.531179999999999986e+00,6.385000000000000397e-02,4.074649804816444371e-02,1.000000000000000000e+00
1.544030000000000014e+00,6.400999999999999746e-02,4.287259123684286632e-02,1.000000000000000000e+00
1.544030000000000014e+00,6.400999999999999746e-02,4.287259123684286632e-02,1.000000000000000000e+00
1.562950000000000061e+00,6.449000000000000565e-02,4.318136725605632026e-02,1.000000000000000000e+00
1.564689999999999914e+00,6.454000000000000015e-02,4.319160386455901668e-02,1.000000000000000000e+00
1.576500000000000012e+00,6.508999999999999508e-02,4.304946414693668760e-02,1.000000000000000000e+00
1.595380000000000020e+00,6.604000000000000148e-02,4.334563879310149997e-02,1.000000000000000000e+00
1.595380000000000020e+00,6.604000000000000148e-02,4.334563879310149997e-02,1.000000000000000000e+00
1.614579999999999904e+00,6.693000000000000338e-02,4.104579864855509297e-02,1.000000000000000000e+00
1.616319999999999979e+00,6.700000000000000400e-02,4.081742299786123712e-02,1.000000000000000000e+00
1.616319999999999979e+00,6.700000000000000400e-02,4.081742299786123712e-02,1.000000000000000000e+00
1.627820000000000045e+00,6.801000000000000101e-02,4.348784659289685328e-02,1.000000000000000000e+00
1.640970000000000040e+00,6.915999999999999925e-02,4.086640308814615263e-02,1.000000000000000000e+00
1.653469999999999995e+00,6.997000000000000441e-02,4.325115170152742106e-02,1.000000000000000000e+00
1.653469999999999995e+00,6.997000000000000441e-02,4.325115170152742106e-02,1.000000000000000000e+00
1.673389999999999933e+00,7.124999999999999389e-02,4.387319565761553519e-02,1.000000000000000000e+00
1.673389999999999933e+00,7.124999999999999389e-02,4.387319565761553519e-02,1.000000000000000000e+00
1.685759999999999925e+00,7.241999999999999826e-02,4.387041935102751339e-02,1.000000000000000000e+00
1.705279999999999907e+00,7.356000000000000039e-02,4.409516352980526188e-02,1.000000000000000000e+00
1.705279999999999907e+00,7.356000000000000039e-02,4.409516352980526188e-02,1.000000000000000000e+00
1.719289999999999985e+00,7.434999999999999942e-02,4.409115839278678756e-02,1.000000000000000000e+00
1.719289999999999985e+00,7.434999999999999942e-02,4.409115839278678756e-02,1.000000000000000000e+00
1.739400000000000057e+00,7.535999999999999643e-02,4.707641265708154693e-02,1.000000000000000000e+00
1.741389999999999993e+00,7.546999999999999542e-02,4.738421275815690725e-02,1.000000000000000000e+00
1.746790000000000065e+00,7.602000000000000424e-02,4.447100154638591873e-02,1.000000000000000000e+00
1.767039999999999944e+00,7.631999999999999895e-02,4.401772689213228479e-02,1.000000000000000000e+00
1.767039999999999944e+00,7.631999999999999895e-02,4.401772689213228479e-02,1.000000000000000000e+00
1.781539999999999901e+00,7.675999999999999490e-02,4.390941682339802310e-02,1.000000000000000000e+00
1.781539999999999901e+00,7.675999999999999490e-02,4.390941682339802310e-02,1.000000000000000000e+00
1.801609999999999934e+00,7.753000000000000169e-02,4.103572899115272982e-02,1.000000000000000000e+00
1.822419999999999929e+00,7.850000000000000033e-02,4.107972204625373602e-02,1.000000000000000000e+00
1.822419999999999929e+00,7.850000000000000033e-02,4.107972204625373602e-02,1.000000000000000000e+00
1.837309999999999999e+00,7.936999999999999611e-02,4.408365412334400157e-02,1.000000000000000000e+00
1.837309999999999999e+00,7.936999999999999611e-02,4.408365412334400157e-02,1.000000000000000000e+00
1.843420000000000059e+00,8.032000000000000250e-02,4.435062842718640735e-02,1.000000000000000000e+00
1.843839999999999923e+00,8.039000000000000312e-02,4.435306954583290856e-02,1.000000000000000000e+00
1.871599999999999930e+00,8.146000000000000463e-02,4.462687608698437391e-02,1.000000000000000000e+00
1.879240000000000022e+00,8.212999999999999468e-02,4.442623397331477153e-02,1.000000000000000000e+00
1.879240000000000022e+00,8.212999999999999468e-02,4.442623397331477153e-02,1.000000000000000000e+00
1.905990000000000073e+00,8.420999999999999319e-02,4.479562530121376090e-02,1.000000000000000000e+00
1.905990000000000073e+00,8.420999999999999319e-02,4.479562530121376090e-02,1.000000000000000000e+00
1.929589999999999916e+00,8.530999999999999694e-02,4.782831779124409322e-02,1.000000000000000000e+00
1.944099999999999939e+00,8.588999999999999413e-02,4.547212552619502718e-02,1.000000000000000000e+00
1.944099999999999939e+00,8.588999999999999413e-02,4.547212552619502718e-02,1.000000000000000000e+00
1.957219999999999960e+00,8.691000000000000114e-02,4.785824427329351399e-02,1.000000000000000000e+00
1.957219999999999960e+00,8.691000000000000114e-02,4.785824427329351399e-02,1.000000000000000000e+00
1.966749999999999998e+00,8.802999999999999714e-02,4.509094566956029643e-02,1.000000000000000000e+00
1.966749999999999998e+00,8.802999999999999714e-02,4.509094566956029643e-02,1.000000000000000000e+00
1.979319999999999968e+00,8.810999999999999388e-02,4.777178417564052759e-02,1.000000000000000000e+00
1.980669999999999931e+00,8.812000000000000388e-02,4.811215725692880724e-02,1.000000000000000000e+00
1.991120000000000001e+00,8.806999999999999551e-02,4.491130059193107482e-02,1.000000000000000000e+00
2.002740000000000187e+00,8.824999999999999512e-02,4.743207948610772551e-02,1.000000000000000000e+00
2.002740000000000187e+00,8.824999999999999512e-02,4.743207948610772551e-02,1.000000000000000000e+00
2.006499999999999950e+00,8.862000000000000433e-02,4.490094202594856893e-02,1.000000000000000000e+00
2.006499999999999950e+00,8.862000000000000433e-02,4.490094202594856893e-02,1.000000000000000000e+00
2.025240000000000151e+00,8.913000000000000089e-02,4.484000476517543271e-02,1.000000000000000000e+00
2.025240000000000151e+00,8.913000000000000089e-02,4.484000476517543271e-02,1.000000000000000000e+00
2.020820000000000061e+00,8.910999999999999477e-02,4.461295634881973921e-02,1.000000000000000000e+00
2.029240000000000155e+00,8.938999999999999724e-02,4.461001947812528318e-02,1.000000000000000000e+00
2.029240000000000155e+00,8.938999999999999724e-02,4.461001947812528318e-02,1.000000000000000000e+00
2.031750000000000167e+00,8.955000000000000460e-02,4.465370657698092272e-02,1.000000000000000000e+00
2.031750000000000167e+00,8.955000000000000460e-02,4.465370657698092272e-02,1.000000000000000000e+00
2.032509999999999817e+00,8.978999999999999482e-02,4.480095697273905886e-02,1.000000000000000000e+00
2.032509999999999817e+00,8.978999999999999482e-02,4.480095697273905886e-02,1.000000000000000000e+00
2.032700000000000173e+00,8.992999999999999605e-02,4.167969419017564237e-02,1.000000000000000000e+00
2.032719999999999860e+00,8.994000000000000605e-02,4.135098574266080768e-02,1.000000000000000000e+00
2.033230000000000093e+00,8.959999999999999909e-02,4.445035588930648651e-02,1.000000000000000000e+00
2.033329999999999860e+00,8.970999999999999808e-02,4.470570826330155095e-02,1.000000000000000000e+00
2.033329999999999860e+00,8.970999999999999808e-02,4.470570826330155095e-02,1.000000000000000000e+00
2.032519999999999882e+00,8.999000000000000055e-02,4.474985638739852056e-02,1.000000000000000000e+00
2.032519999999999882e+00,8.999000000000000055e-02,4.474985638739852056e-02,1.000000000000000000e+00
2.032750000000000057e+00,8.970999999999999808e-02,4.468581465137830278e-02,1.000000000000000000e+00
2.032750000000000057e+00,8.970999999999999808e-02,4.468581465137830278e-02,1.000000000000000000e+00
2.041479999999999961e+00,8.959999999999999909e-02,4.774024089988735536e-02,1.000000000000000000e+00
2.033659999999999801e+00,8.937000000000000499e-02,4.491565365575582447e-02,1.000000000000000000e+00
2.033659999999999801e+00,8.937000000000000499e-02,4.491565365575582447e-02,1.000000000000000000e+00
2.032789999999999875e+00,8.964999999999999358e-02,4.467362789114384669e-02,1.000000000000000000e+00
2.032789999999999875e+00,8.964999999999999358e-02,4.467362789114384669e-02,1.000000000000000000e+00
2.040970000000000173e+00,9.010999999999999566e-02,4.492600428975336568e-02,1.000000000000000000e+00
2.040970000000000173e+00,9.010999999999999566e-02,4.492600428975336568e-02,1.000000000000000000e+00
2.040970000000000173e+00,9.010999999999999566e-02,4.492600428975336568e-02,1.000000000000000000e+00
2.032799999999999940e+00,8.939999999999999336e-02,4.489746525478707784e-02,1.000000000000000000e+00
2.032799999999999940e+00,8.939999999999999336e-02,4.489746525478707784e-02,1.000000000000000000e+00
2.032810000000000006e+00,8.934999999999999887e-02,4.460890467816217009e-02,1.000000000000000000e+00
2.032509999999999817e+00,8.935999999999999499e-02,4.460993685815801968e-02,1.000000000000000000e+00
2.032859999999999889e+00,8.966000000000000358e-02,4.448698888556676390e-02,1.000000000000000000e+00
2.032319999999999904e+00,8.995999999999999830e-02,4.472287774448682751e-02,1.000000000000000000e+00
2.032319999999999904e+00,8.995999999999999830e-02,4.472287774448682751e-02,1.000000000000000000e+00
2.032259999999999955e+00,8.999000000000000055e-02,4.474960706751055645e-02,1.000000000000000000e+00
8.499999999999999526e-04,-1.000000000000000082e-05,0.000000000000000000e+00,1.000000000000000000e+00
8.400000000000000348e-04,-1.000000000000000082e-05,1.547624995153245231e-05,1.000000000000000000e+00
-2.000000000000000096e-04,-4.000000000000000327e-05,-3.151169135749714201e-04,1.000000000000000000e+00
7.799999999999999859e-04,-2.200000000000000078e-04,1.246345246202273244e-03,1.000000000000000000e+00
7.799999999999999859e-04,-2.200000000000000078e-04,1.246345246202273244e-03,1.000000000000000000e+00
-1.700000000000000122e-04,-1.399999999999999877e-04,-3.651264977191749704e-04,1.000000000000000000e+00
-1.700000000000000122e-04,-1.399999999999999877e-04,-3.651264977191749704e-04,1.000000000000000000e+00
-1.700000000000000122e-04,1.100000000000000039e-04,-2.935626981532912338e-04,1.000000000000000000e+00
-4.699999999999999859e-04,6.999999999999999387e-05,-4.647811169580520698e-04,1.000000000000000000e+00
-4.699999999999999859e-04,6.999999999999999387e-05,-4.647811169580520698e-04,1.000000000000000000e+00
-4.200000000000000174e-04,-6.000000000000000152e-05,1.182857751190692598e-03,1.000000000000000000e+00
-4.200000000000000174e-04,-6.000000000000000152e-05,1.182857751190692598e-03,1.000000000000000000e+00
-6.000000000000000152e-05,-6.999999999999999387e-05,1.361656958605820741e-03,1.000000000000000000e+00
-2.000000000000000164e-05,-6.999999999999999387e-05,1.363647581432301126e-03,1.000000000000000000e+00
1.459999999999999926e-03,-9.000000000000000567e-05,3.770069740308478606e-03,1.000000000000000000e+00
6.939999999999999988e-03,-3.499999999999999964e-04,2.476497961696412856e-03,1.000000000000000000e+00
6.939999999999999988e-03,-3.499999999999999964e-04,2.476497961696412856e-03,1.000000000000000000e+00
1.514000000000000068e-02,-3.800000000000000209e-04,4.375159650774547958e-03,1.000000000000000000e+00
1.514000000000000068e-02,-3.800000000000000209e-04,4.375159650774547958e-03,1.000000000000000000e+00
2.819999999999999937e-02,6.899999999999999667e-04,7.502351753625984519e-03,1.000000000000000000e+00
2.819999999999999937e-02,6.899999999999999667e-04,7.502351753625984519e-03,1.000000000000000000e+00
3.882000000000000034e-02,1.319999999999999993e-03,6.261188177129828163e-03,1.000000000000000000e+00
3.882000000000000034e-02,1.319999999999999993e-03,6.261188177129828163e-03,1.000000000000000000e+00
4.973999999999999949e-02,1.670000000000000043e-03,5.874450555050154087e-03,1.000000000000000000e+00
5.068999999999999895e-02,1.699999999999999905e-03,5.853149730831490143e-03,1.000000000000000000e+00
6.110999999999999766e-02,1.590000000000000050e-03,8.713295051768139496e-03,1.000000000000000000e+00
6.214000000000000079e-02,1.580000000000000024e-03,8.995492193689660562e-03,1.000000000000000000e+00
7.288999999999999646e-02,2.010000000000000068e-03,8.985122928915283136e-03,1.000000000000000000e+00
8.352999999999999314e-02,2.799999999999999972e-03,1.006889960167567377e-02,1.000000000000000000e+00
8.352999999999999314e-02,2.799999999999999972e-03,1.006889960167567377e-02,1.000000000000000000e+00
9.855999999999999484e-02,3.530000000000000152e-03,1.211307315584349981e-02,1.000000000000000000e+00
9.975000000000000533e-02,3.589999999999999875e-03,1.227646944918677971e-02,1.000000000000000000e+00
1.115899999999999948e-01,4.429999999999999910e-03,1.265579090139614012e-02,1.000000000000000000e+00
1.264500000000000068e-01,4.939999999999999947e-03,1.297934468998387415e-02,1.000000000000000000e+00
1.264500000000000068e-01,4.939999999999999947e-03,1.297934468998387415e-02,1.000000000000000000e+00
1.436600000000000099e-01,5.109999999999999959e-03,1.297271215033548447e-02,1.000000000000000000e+00
1.453800000000000092e-01,5.120000000000000419e-03,1.296918485848708689e-02,1.000000000000000000e+00
1.563299999999999967e-01,5.709999999999999798e-03,1.444100027137242698e-02,1.000000000000000000e+00
1.698099999999999887e-01,6.329999999999999689e-03,1.600364333174919898e-02,1.000000000000000000e+00
1.698099999999999887e-01,6.329999999999999689e-03,1.600364333174919898e-02,1.000000000000000000e+00
1.853799999999999892e-01,6.409999999999999899e-03,1.572918968358067576e-02,1.000000000000000000e+00
1.853799999999999892e-01,6.409999999999999899e-03,1.572918968358067576e-02,1.000000000000000000e+00
2.029499999999999915e-01,6.579999999999999911e-03,1.891082642251568080e-02,1.000000000000000000e+00
2.171700000000000019e-01,6.910000000000000343e-03,2.053245973029051846e-02,1.000000000000000000e+00
2.171700000000000019e-01,6.910000000000000343e-03,2.053245973029051846e-02,1.000000000000000000e+00
2.314400000000000068e-01,7.510000000000000182e-03,2.242621389771588120e-02,1.000000000000000000e+00
2.314400000000000068e-01,7.510000000000000182e-03,2.242621389771588120e-02,1.000000000000000000e+00
2.459999999999999964e-01,8.099999999999999561e-03,2.421342613901887250e-02,1.000000000000000000e+00
2.617300000000000182e-01,9.299999999999999239e-03,2.846422834913374389e-02,1.000000000000000000e+00
2.617300000000000182e-01,9.299999999999999239e-03,2.846422834913374389e-02,1.000000000000000000e+00
2.800599999999999756e-01,9.950000000000000511e-03,2.893670230464463061e-02,1.000000000000000000e+00
2.800599999999999756e-01,9.950000000000000511e-03,2.893670230464463061e-02,1.000000000000000000e+00
2.952899999999999969e-01,1.077000000000000006e-02,2.571149697332497652e-02,1.000000000000000000e+00
3.098199999999999843e-01,1.115999999999999978e-02,2.516893358937083089e-02,1.000000000000000000e+00
3.098199999999999843e-01,1.115999999999999978e-02,2.516893358937083089e-02,1.000000000000000000e+00
3.266600000000000059e-01,1.217000000000000026e-02,2.559765280380585373e-02,1.000000000000000000e+00
3.266600000000000059e-01,1.217000000000000026e-02,2.559765280380585373e-02,1.000000000000000000e+00
3.435099999999999820e-01,1.332999999999999984e-02,2.244649784988828750e-02,1.000000000000000000e+00
3.448800000000000199e-01,1.341000000000000004e-02,2.216969389730065118e-02,1.000000000000000000e+00
3.609899999999999776e-01,1.400999999999999988e-02,2.388502214038573657e-02,1.000000000000000000e+00
3.742199999999999971e-01,1.480000000000000066e-02,2.745692853203558423e-02,1.000000000000000000e+00
3.742199999999999971e-01,1.480000000000000066e-02,2.745692853203558423e-02,1.000000000000000000e+00
3.914000000000000257e-01,1.531000000000000069e-02,3.123219016223426417e-02,1.000000000000000000e+00
4.070699999999999874e-01,1.568999999999999909e-02,3.148904222293592153e-02,1.000000000000000000e+00
4.070699999999999874e-01,1.568999999999999909e-02,3.148904222293592153e-02,1.000000000000000000e+00
4.245800000000000129e-01,1.608000000000000054e-02,3.164590461570949975e-02,1.000000000000000000e+00
4.245800000000000129e-01,1.608000000000000054e-02,3.164590461570949975e-02,1.000000000000000000e+00
4.405000000000000027e-01,1.653999999999999915e-02,3.161516939468322213e-02,1.000000000000000000e+00
4.562200000000000144e-01,1.739999999999999880e-02,3.352668763119893286e-02,1.000000000000000000e+00
4.562200000000000144e-01,1.739999999999999880e-02,3.352668763119893286e-02,1.000000000000000000e+00
4.717500000000000027e-01,1.789999999999999925e-02,3.605739482842176130e-02,1.000000000000000000e+00
4.717500000000000027e-01,1.789999999999999925e-02,3.605739482842176130e-02,1.000000000000000000e+00
4.899499999999999966e-01,1.876999999999999849e-02,3.256458176870510174e-02,1.000000000000000000e+00
5.057399999999999674e-01,1.975999999999999979e-02,3.598562632309813131e-02,1.000000000000000000e+00
5.057399999999999674e-01,1.975999999999999979e-02,3.598562632309813131e-02,1.000000000000000000e+00
5.210799999999999876e-01,2.044999999999999943e-02,3.479474445571693886e-02,1.000000000000000000e+00
5.210799999999999876e-01,2.044999999999999943e-02,3.479474445571693886e-02,1.000000000000000000e+00
5.233400000000000274e-01,2.053999999999999923e-02,3.454135194433820277e-02,1.000000000000000000e+00
5.431000000000000272e-01,2.179000000000000034e-02,3.510148950945857216e-02,1.000000000000000000e+00
5.678499999999999659e-01,2.365000000000000088e-02,3.707711664400918650e-02,1.000000000000000000e+00
5.678499999999999659e-01,2.365000000000000088e-02,3.707711664400918650e-02,1.000000000000000000e+00
5.872800000000000242e-01,2.460999999999999993e-02,3.731520193786333484e-02,1.000000000000000000e+00
5.940800000000000525e-01,2.487999999999999934e-02,4.169082364967268556e-02,1.000000000000000000e+00
5.940800000000000525e-01,2.487999999999999934e-02,4.169082364967268556e-02,1.000000000000000000e+00
5.945500000000000229e-01,2.489999999999999852e-02,4.205689511738879699e-02,1.000000000000000000e+00
6.157799999999999940e-01,2.673999999999999988e-02,4.208129121216702684e-02,1.000000000000000000e+00
6.212900000000000089e-01,2.637000000000000108e-02,4.232817039223882999e-02,1.000000000000000000e+00
6.402999999999999803e-01,2.670000000000000151e-02,4.239452596996860778e-02,1.000000000000000000e+00
6.402999999999999803e-01,2.670000000000000151e-02,4.239452596996860778e-02,1.000000000000000000e+00
6.573700000000000099e-01,2.730000000000000135e-02,4.271497394324782343e-02,1.000000000000000000e+00
6.589300000000000157e-01,2.735999999999999890e-02,4.274584721013199168e-02,1.000000000000000000e+00
6.790599999999999969e-01,2.905999999999999903e-02,4.261581258564595132e-02,1.000000000000000000e+00
6.896299999999999653e-01,2.895000000000000004e-02,4.499523510887846328e-02,1.000000000000000000e+00
6.896299999999999653e-01,2.895000000000000004e-02,4.499523510887846328e-02,1.000000000000000000e+00
7.132300000000000306e-01,3.066999999999999935e-02,4.505956987698940541e-02,1.000000000000000000e+00
7.151600000000000179e-01,3.082000000000000017e-02,4.504438781345555809e-02,1.000000000000000000e+00
7.250999999999999668e-01,3.205999999999999822e-02,4.512223786411484472e-02,1.000000000000000000e+00
7.422100000000000364e-01,3.325999999999999790e-02,4.535205355961893087e-02,1.000000000000000000e+00
7.422100000000000364e-01,3.325999999999999790e-02,4.535205355961893087e-02,1.000000000000000000e+00
7.598200000000000509e-01,3.393000000000000183e-02,4.569824386465034388e-02,1.000000000000000000e+00
7.613100000000000422e-01,3.398999999999999938e-02,4.572850705544184019e-02,1.000000000000000000e+00
7.774900000000000144e-01,3.545999999999999847e-02,4.383480527402680571e-02,1.000000000000000000e+00
7.922700000000000298e-01,3.679999999999999938e-02,4.817918203131968391e-02,1.000000000000000000e+00
7.922700000000000298e-01,3.679999999999999938e-02,4.817918203131968391e-02,1.000000000000000000e+00
8.098699999999999788e-01,3.776999999999999802e-02,4.663935897489381727e-02,1.000000000000000000e+00
8.098699999999999788e-01,3.776999999999999802e-02,4.663935897489381727e-02,1.000000000000000000e+00
8.282699999999999507e-01,3.876000000000000278e-02,4.681469101463920507e-02,1.000000000000000000e+00
8.434599999999999875e-01,3.980999999999999817e-02,4.908807719501150774e-02,1.000000000000000000e+00
8.434599999999999875e-01,3.980999999999999817e-02,4.908807719501150774e-02,1.000000000000000000e+00
8.549200000000000133e-01,4.052000000000000046e-02,4.900577942547001270e-02,1.000000000000000000e+00
8.549200000000000133e-01,4.052000000000000046e-02,4.900577942547001270e-02,1.000000000000000000e+00
8.732400000000000162e-01,4.096000000000000335e-02,4.907323660853121078e-02,1.000000000000000000e+00
8.881900000000000350e-01,4.159000000000000197e-02,4.920072689926769521e-02,1.000000000000000000e+00
8.881900000000000350e-01,4.159000000000000197e-02,4.920072689926769521e-02,1.000000000000000000e+00
9.074299999999999589e-01,4.279999999999999777e-02,4.965115132184127339e-02,1.000000000000000000e+00
9.087699999999999667e-01,4.288999999999999757e-02,4.968358732446137571e-02,1.000000000000000000e+00
9.186699999999999866e-01,4.361999999999999905e-02,5.186493661357297058e-02,1.000000000000000000e+00
9.329800000000000315e-01,4.488999999999999935e-02,5.010368634236137680e-02,1.000000000000000000e+00
9.329800000000000315e-01,4.488999999999999935e-02,5.010368634236137680e-02,1.000000000000000000e+00
9.523800000000000043e-01,4.614000000000000046e-02,5.468656769527055483e-02,1.000000000000000000e+00
9.523800000000000043e-01,4.614000000000000046e-02,5.468656769527055483e-02,1.000000000000000000e+00
9.686500000000000110e-01,4.728000000000000258e-02,5.755129686146528978e-02,1.000000000000000000e+00
9.837000000000000188e-01,4.823000000000000204e-02,5.572693458901201852e-02,1.000000000000000000e+00
9.837000000000000188e-01,4.823000000000000204e-02,5.572693458901201852e-02,1.000000000000000000e+00
1.002899999999999903e+00,4.966000000000000275e-02,5.345346034049042877e-02,1.000000000000000000e+00
1.002899999999999903e+00,4.966000000000000275e-02,5.345346034049042877e-02,1.000000000000000000e+00
1.014669999999999961e+00,5.091999999999999998e-02,5.346804173390008047e-02,1.000000000000000000e+00
1.029619999999999980e+00,5.210000000000000048e-02,5.592908268362675739e-02,1.000000000000000000e+00
1.029619999999999980e+00,5.210000000000000048e-02,5.592908268362675739e-02,1.000000000000000000e+00
1.049870000000000081e+00,5.331999999999999934e-02,5.654961965616670666e-02,1.000000000000000000e+00
1.049870000000000081e+00,5.331999999999999934e-02,5.654961965616670666e-02,1.000000000000000000e+00
1.049870000000000081e+00,5.331999999999999934e-02,5.654961965616670666e-02,1.000000000000000000e+00
1.051500000000000101e+00,5.340999999999999914e-02,5.657964596637973104e-02,1.000000000000000000e+00
1.051500000000000101e+00,5.340999999999999914e-02,5.657964596637973104e-02,1.000000000000000000e+00
1.051500000000000101e+00,5.340999999999999914e-02,5.657964596637973104e-02,1.000000000000000000e+00
1.051500000000000101e+00,5.340999999999999914e-02,5.657964596637973104e-02,1.000000000000000000e+00
1.051500000000000101e+00,5.340999999999999914e-02,5.657964596637973104e-02,1.000000000000000000e+00
1.051500000000000101e+00,5.340999999999999914e-02,5.657964596637973104e-02,1.000000000000000000e+00
1.051500000000000101e+00,5.340999999999999914e-02,5.657964596637973104e-02,1.000000000000000000e+00
1.051500000000000101e+00,5.340999999999999914e-02,5.657964596637973104e-02,1.000000000000000000e+00
1.051500000000000101e+00,5.340999999999999914e-02,5.657964596637973104e-02,1.000000000000000000e+00
1.152530000000000054e+00,5.875999999999999973e-02,6.011384955705947192e-02,1.000000000000000000e+00
1.180790000000000006e+00,6.146999999999999686e-02,6.282253816058752660e-02,1.000000000000000000e+00
1.180790000000000006e+00,6.146999999999999686e-02,6.282253816058752660e-02,1.000000000000000000e+00
1.198020000000000085e+00,6.267000000000000348e-02,6.147102932442490009e-02,1.000000000000000000e+00
1.198020000000000085e+00,6.267000000000000348e-02,6.147102932442490009e-02,1.000000000000000000e+00
1.214890000000000025e+00,6.389999999999999847e-02,6.162583185295185395e-02,1.000000000000000000e+00
1.216139999999999999e+00,6.399000000000000521e-02,6.165065306984256893e-02,1.000000000000000000e+00
1.231230000000000047e+00,6.561000000000000165e-02,5.951610166337251151e-02,1.000000000000000000e+00
1.248220000000000107e+00,6.689000000000000501e-02,5.956146462567287608e-02,1.000000000000000000e+00
1.248220000000000107e+00,6.689000000000000501e-02,5.956146462567287608e-02,1.000000000000000000e+00
1.260219999999999896e+00,6.823999999999999511e-02,6.217161535818585549e-02,1.000000000000000000e+00
1.261120000000000019e+00,6.834999999999999409e-02,6.238825628380267885e-02,1.000000000000000000e+00
1.282359999999999944e+00,6.955000000000000071e-02,6.310710165097130342e-02,1.000000000000000000e+00
1.294850000000000056e+00,7.070999999999999508e-02,6.305032566875924671e-02,1.000000000000000000e+00
1.294850000000000056e+00,7.070999999999999508e-02,6.305032566875924671e-02,1.000000000000000000e+00
1.312259999999999982e+00,7.170999999999999597e-02,6.328400736271252991e-02,1.000000000000000000e+00
1.313770000000000104e+00,7.180000000000000271e-02,6.330631647725003253e-02,1.000000000000000000e+00
1.330249999999999932e+00,7.252999999999999725e-02,6.574745354439610889e-02,1.000000000000000000e+00
1.342689999999999939e+00,7.330000000000000404e-02,6.619724957074180072e-02,1.000000000000000000e+00
1.342689999999999939e+00,7.330000000000000404e-02,6.619724957074180072e-02,1.000000000000000000e+00
1.360039999999999916e+00,7.495000000000000273e-02,6.438328155560670008e-02,1.000000000000000000e+00
1.361569999999999947e+00,7.509000000000000397e-02,6.421272445627076997e-02,1.000000000000000000e+00
1.372540000000000093e+00,7.614999999999999547e-02,6.921265669333631632e-02,1.000000000000000000e+00
1.395089999999999941e+00,7.784000000000000641e-02,6.779679753136283460e-02,1.000000000000000000e+00
1.395089999999999941e+00,7.784000000000000641e-02,6.779679753136283460e-02,1.000000000000000000e+00
1.413929999999999909e+00,7.914000000000000201e-02,6.777930226728645646e-02,1.000000000000000000e+00
1.413929999999999909e+00,7.914000000000000201e-02,6.777930226728645646e-02,1.000000000000000000e+00
1.426800000000000068e+00,8.054999999999999660e-02,6.557985372668130586e-02,1.000000000000000000e+00
1.439159999999999995e+00,8.194999999999999507e-02,6.779471315692012223e-02,1.000000000000000000e+00
1.439159999999999995e+00,8.194999999999999507e-02,6.779471315692012223e-02,1.000000000000000000e+00
1.456690000000000040e+00,8.390999999999999848e-02,6.871382722344289429e-02,1.000000000000000000e+00
1.456690000000000040e+00,8.390999999999999848e-02,6.871382722344289429e-02,1.000000000000000000e+00
1.475139999999999896e+00,8.555999999999999717e-02,7.170264773135211211e-02,1.000000000000000000e+00
1.493949999999999889e+00,8.665000000000000480e-02,7.221990736540009892e-02,1.000000000000000000e+00
1.493949999999999889e+00,8.665000000000000480e-02,7.221990736540009892e-02,1.000000000000000000e+00
1.506899999999999906e+00,8.810999999999999388e-02,7.238433156129008006e-02,1.000000000000000000e+00
1.506899999999999906e+00,8.810999999999999388e-02,7.238433156129008006e-02,1.000000000000000000e+00
1.519519999999999982e+00,8.952999999999999847e-02,6.979292812509345356e-02,1.000000000000000000e+00
1.520540000000000003e+00,8.963999999999999746e-02,6.956900452787288802e-02,1.000000000000000000e+00
1.543840000000000101e+00,9.052999999999999936e-02,7.256976409906806813e-02,1.000000000000000000e+00
1.564289999999999958e+00,9.155000000000000637e-02,7.578032155517247515e-02,1.000000000000000000e+00
1.564289999999999958e+00,9.155000000000000637e-02,7.578032155517247515e-02,1.000000000000000000e+00
1.578089999999999993e+00,9.254999999999999338e-02,7.371597052358355717e-02,1.000000000000000000e+00
1.584359999999999991e+00,9.390999999999999348e-02,7.375109882191327459e-02,1.000000000000000000e+00
1.584359999999999991e+00,9.390999999999999348e-02,7.375109882191327459e-02,1.000000000000000000e+00
1.596410000000000107e+00,9.539999999999999869e-02,7.391029251089564767e-02,1.000000000000000000e+00
1.596410000000000107e+00,9.539999999999999869e-02,7.391029251089564767e-02,1.000000000000000000e+00
1.621390000000000109e+00,9.697999999999999676e-02,7.710816305808113058e-02,1.000000000000000000e+00
1.621390000000000109e+00,9.697999999999999676e-02,7.710816305808113058e-02,1.000000000000000000e+00
1.635860000000000092e+00,9.865999999999999770e-02,7.770431333874387725e-02,1.000000000000000000e+00
1.655250000000000110e+00,1.000800000000000023e-01,7.806096630468871422e-02,1.000000000000000000e+00
1.655250000000000110e+00,1.000800000000000023e-01,7.806096630468871422e-02,1.000000000000000000e+00
1.668539999999999912e+00,1.018000000000000016e-01,7.545623426351732999e-02,1.000000000000000000e+00
1.669659999999999922e+00,1.019499999999999990e-01,7.520490196763532365e-02,1.000000000000000000e+00
1.687500000000000000e+00,1.039899999999999991e-01,7.847313106498542135e-02,1.000000000000000000e+00
1.701079999999999925e+00,1.055999999999999994e-01,7.924820957065456528e-02,1.000000000000000000e+00
1.701079999999999925e+00,1.055999999999999994e-01,7.924820957065456528e-02,1.000000000000000000e+00
1.702029999999999932e+00,1.057099999999999984e-01,7.928860586159465484e-02,1.000000000000000000e+00
1.720730000000000093e+00,1.073899999999999993e-01,8.244791376975819930e-02,1.000000000000000000e+00
1.734250000000000069e+00,1.086300000000000043e-01,7.997980809118714063e-02,1.000000000000000000e+00
1.754850000000000021e+00,1.102599999999999969e-01,8.318988559361246982e-02,1.000000000000000000e+00
1.754850000000000021e+00,1.102599999999999969e-01,8.318988559361246982e-02,1.000000000000000000e+00
1.761689999999999978e+00,1.115400000000000003e-01,8.324958150066984197e-02,1.000000000000000000e+00
1.762180000000000080e+00,1.116400000000000031e-01,8.322874929742538064e-02,1.000000000000000000e+00
1.782259999999999955e+00,1.127500000000000030e-01,8.352710309301006331e-02,1.000000000000000000e+00
1.796259999999999968e+00,1.140199999999999964e-01,8.363317796309628627e-02,1.000000000000000000e+00
1.796259999999999968e+00,1.140199999999999964e-01,8.363317796309628627e-02,1.000000000000000000e+00
1.817409999999999970e+00,1.155100000000000016e-01,8.450445976683364224e-02,1.000000000000000000e+00
1.819269999999999943e+00,1.156500000000000028e-01,8.458249196734864139e-02,1.000000000000000000e+00
1.831469999999999931e+00,1.169599999999999945e-01,8.460542556579248030e-02,1.000000000000000000e+00
1.845029999999999948e+00,1.188300000000000051e-01,8.499991914451712760e-02,1.000000000000000000e+00
1.845029999999999948e+00,1.188300000000000051e-01,8.499991914451712760e-02,1.000000000000000000e+00
1.845029999999999948e+00,1.188300000000000051e-01,8.499991914451712760e-02,1.000000000000000000e+00
1.859120000000000106e+00,1.205699999999999966e-01,8.499787385955862029e-02,1.000000000000000000e+00
1.879979999999999984e+00,1.221600000000000047e-01,8.549067831434262188e-02,1.000000000000000000e+00
1.901850000000000041e+00,1.240099999999999952e-01,8.593292422155504595e-02,1.000000000000000000e+00
1.901850000000000041e+00,1.240099999999999952e-01,8.593292422155504595e-02,1.000000000000000000e+00
1.903550000000000075e+00,1.241600000000000065e-01,8.596680462108401144e-02,1.000000000000000000e+00
1.915189999999999948e+00,1.260900000000000076e-01,8.377742756463456286e-02,1.000000000000000000e+00
1.929059999999999997e+00,1.280499999999999972e-01,8.666573515456151011e-02,1.000000000000000000e+00
1.942660000000000053e+00,1.296899999999999997e-01,8.721718553883731073e-02,1.000000000000000000e+00
1.942660000000000053e+00,1.296899999999999997e-01,8.721718553883731073e-02,1.000000000000000000e+00
1.963160000000000016e+00,1.311299999999999966e-01,9.048327571230652122e-02,1.000000000000000000e+00
1.965060000000000029e+00,1.312599999999999878e-01,9.080066622535443166e-02,1.000000000000000000e+00
1.978420000000000067e+00,1.324299999999999922e-01,9.106708391414750081e-02,1.000000000000000000e+00
1.979549999999999921e+00,1.325300000000000089e-01,9.108927175313431823e-02,1.000000000000000000e+00
1.983579999999999899e+00,1.334500000000000131e-01,8.825591837656851513e-02,1.000000000000000000e+00
1.995120000000000005e+00,1.342700000000000005e-01,8.812801153790159048e-02,1.000000000000000000e+00
1.996199999999999974e+00,1.343399999999999872e-01,8.814045715902071865e-02,1.000000000000000000e+00
2.007369999999999877e+00,1.350000000000000089e-01,9.144393479626330978e-02,1.000000000000000000e+00
2.007369999999999877e+00,1.350000000000000089e-01,9.144393479626330978e-02,1.000000000000000000e+00
2.010660000000000114e+00,1.353300000000000058e-01,9.142933584811192838e-02,1.000000000000000000e+00
2.021119999999999806e+00,1.358499999999999985e-01,9.173318478021527667e-02,1.000000000000000000e+00
2.022079999999999878e+00,1.358999999999999930e-01,9.176414168232756297e-02,1.000000000000000000e+00
2.032200000000000006e+00,1.369599999999999984e-01,9.206557767972493866e-02,1.000000000000000000e+00
2.034660000000000135e+00,1.375300000000000133e-01,9.220152074477268311e-02,1.000000000000000000e+00
2.034660000000000135e+00,1.375300000000000133e-01,9.220152074477268311e-02,1.000000000000000000e+00
2.035940000000000083e+00,1.374700000000000089e-01,8.913709432306077263e-02,1.000000000000000000e+00
2.036029999999999784e+00,1.374599999999999989e-01,8.889105125732357782e-02,1.000000000000000000e+00
2.045990000000000197e+00,1.379199999999999871e-01,9.218013728993476597e-02,1.000000000000000000e+00
2.047070000000000167e+00,1.383000000000000063e-01,9.236286128817088048e-02,1.000000000000000000e+00
2.047070000000000167e+00,1.383000000000000063e-01,9.236286128817088048e-02,1.000000000000000000e+00
2.038569999999999993e+00,1.380699999999999983e-01,9.207546295642371481e-02,1.000000000000000000e+00
2.038569999999999993e+00,1.380699999999999983e-01,9.207546295642371481e-02,1.000000000000000000e+00
2.046429999999999971e+00,1.380000000000000115e-01,9.226275814820794618e-02,1.000000000000000000e+00
2.046790000000000109e+00,1.380399999999999960e-01,8.924416539166236950e-02,1.000000000000000000e+00
2.046790000000000109e+00,1.380399999999999960e-01,8.924416539166236950e-02,1.000000000000000000e+00
2.038349999999999884e+00,1.379799999999999915e-01,9.195837666437331470e-02,1.000000000000000000e+00
2.038349999999999884e+00,1.379799999999999915e-01,9.195837666437331470e-02,1.000000000000000000e+00
2.045580000000000176e+00,1.382599999999999940e-01,9.249373374214138466e-02,1.000000000000000000e+00
2.046699999999999964e+00,1.382899999999999963e-01,9.235730479422409045e-02,1.000000000000000000e+00
2.046699999999999964e+00,1.382899999999999963e-01,9.235730479422409045e-02,1.000000000000000000e+00
2.046819999999999862e+00,1.382899999999999963e-01,9.251885350781151318e-02,1.000000000000000000e+00
2.046829999999999927e+00,1.382899999999999963e-01,9.253515330376707593e-02,1.000000000000000000e+00
2.037710000000000132e+00,1.379100000000000048e-01,8.928117510146474367e-02,1.000000000000000000e+00
2.036970000000000169e+00,1.379599999999999993e-01,9.194098764843326721e-02,1.000000000000000000e+00
2.036970000000000169e+00,1.379599999999999993e-01,9.194098764843326721e-02,1.000000000000000000e+00
2.045380000000000198e+00,1.382400000000000018e-01,9.232383441016013548e-02,1.000000000000000000e+00
2.046139999999999848e+00,1.382700000000000040e-01,9.233445462969953887e-02,1.000000000000000000e+00
2.046050000000000146e+00,1.382599999999999940e-01,9.249623538605988848e-02,1.000000000000000000e+00
2.046040000000000081e+00,1.382599999999999940e-01,9.251096435515786254e-02,1.000000000000000000e+00
2.046040000000000081e+00,1.382599999999999940e-01,9.251096435515786254e-02,1.000000000000000000e+00
2.046699999999999964e+00,1.380599999999999883e-01,8.926843405310812274e-02,1.000000000000000000e+00
2.046759999999999913e+00,1.380500000000000060e-01,8.898351531706980011e-02,1.000000000000000000e+00
2.046749999999999847e+00,1.379700000000000093e-01,9.199901442052346723e-02,1.000000000000000000e+00
2.046819999999999862e+00,1.382700000000000040e-01,9.251361071877108044e-02,1.000000000000000000e+00
2.046819999999999862e+00,1.382700000000000040e-01,9.251361071877108044e-02,1.000000000000000000e+00
2.046580000000000066e+00,1.382700000000000040e-01,9.235598053452835632e-02,1.000000000000000000e+00
2.046580000000000066e+00,1.382700000000000040e-01,9.235598053452835632e-02,1.000000000000000000e+00
7.699999999999999597e-04,-1.000000000000000082e-05,0.000000000000000000e+00,1.000000000000000000e+00
7.699999999999999597e-04,-1.000000000000000082e-05,0.000000000000000000e+00,1.000000000000000000e+00
7.699999999999999597e-04,-1.600000000000000131e-04,-5.280613542697629647e-05,1.000000000000000000e+00
7.699999999999999597e-04,-1.700000000000000122e-04,-5.816176977853213708e-05,1.000000000000000000e+00
-3.499999999999999964e-04,5.000000000000000240e-05,-4.277736643135017221e-04,1.000000000000000000e+00
-2.300000000000000070e-04,5.000000000000000240e-05,-4.317110260506544050e-04,1.000000000000000000e+00
-2.300000000000000070e-04,5.000000000000000240e-05,-4.317110260506544050e-04,1.000000000000000000e+00
-5.199999999999999544e-04,6.999999999999999387e-05,-2.245971895906839094e-04,1.000000000000000000e+00
-5.500000000000000331e-04,6.999999999999999387e-05,-2.049052485974959051e-04,1.000000000000000000e+00
6.800000000000000488e-04,-8.000000000000000654e-05,-1.681959922281008415e-04,1.000000000000000000e+00
-1.469999999999999953e-03,-1.200000000000000030e-04,-3.797024759657703142e-04,1.000000000000000000e+00
-1.469999999999999953e-03,-1.200000000000000030e-04,-3.797024759657703142e-04,1.000000000000000000e+00
2.939999999999999905e-03,-3.699999999999999947e-04,1.210928947474109590e-03,1.000000000000000000e+00
2.939999999999999905e-03,-3.699999999999999947e-04,1.210928947474109590e-03,1.000000000000000000e+00
3.779999999999999940e-03,-1.800000000000000113e-04,3.947737457140674047e-03,1.000000000000000000e+00
3.779999999999999940e-03,-1.800000000000000113e-04,3.947737457140674047e-03,1.000000000000000000e+00
1.864999999999999991e-02,2.100000000000000087e-04,1.104774777887370827e-03,1.000000000000000000e+00
1.864999999999999991e-02,2.100000000000000087e-04,1.104774777887370827e-03,1.000000000000000000e+00
1.864999999999999991e-02,2.100000000000000087e-04,1.104774777887370827e-03,1.000000000000000000e+00
1.864999999999999991e-02,2.100000000000000087e-04,1.104774777887370827e-03,1.000000000000000000e+00
3.642999999999999711e-02,9.799999999999999684e-04,2.323255637798110097e-03,1.000000000000000000e+00
4.685000000000000275e-02,1.309999999999999967e-03,5.264121310509609422e-03,1.000000000000000000e+00
4.685000000000000275e-02,1.309999999999999967e-03,5.264121310509609422e-03,1.000000000000000000e+00
5.934999999999999998e-02,1.260000000000000052e-03,3.452235863382000121e-03,1.000000000000000000e+00
6.980999999999999706e-02,1.670000000000000043e-03,6.050279114838237431e-03,1.000000000000000000e+00
6.980999999999999706e-02,1.670000000000000043e-03,6.050279114838237431e-03,1.000000000000000000e+00
8.247999999999999776e-02,2.109999999999999896e-03,4.126311898923899421e-03,1.000000000000000000e+00
8.340999999999999803e-02,2.139999999999999975e-03,3.957943894773465615e-03,1.000000000000000000e+00
9.771000000000000518e-02,2.690000000000000117e-03,7.659258402706984464e-03,1.000000000000000000e+00
1.106800000000000006e-01,3.540000000000000178e-03,6.149278887303245844e-03,1.000000000000000000e+00
1.106800000000000006e-01,3.540000000000000178e-03,6.149278887303245844e-03,1.000000000000000000e+00
1.253100000000000047e-01,3.810000000000000019e-03,7.195111274356965660e-03,1.000000000000000000e+00
1.263700000000000101e-01,3.830000000000000071e-03,7.286879361562694293e-03,1.000000000000000000e+00
1.404299999999999993e-01,4.290000000000000410e-03,9.025951350536718515e-03,1.000000000000000000e+00
1.540300000000000002e-01,4.530000000000000172e-03,8.679120725534011579e-03,1.000000000000000000e+00
1.540300000000000002e-01,4.530000000000000172e-03,8.679120725534011579e-03,1.000000000000000000e+00
1.692200000000000093e-01,5.109999999999999959e-03,8.424950934576262360e-03,1.000000000000000000e+00
1.703999999999999959e-01,5.159999999999999656e-03,8.406783118922097134e-03,1.000000000000000000e+00
1.849399999999999933e-01,5.000000000000000104e-03,7.946676065220611637e-03,1.000000000000000000e+00
2.006400000000000128e-01,4.899999999999999842e-03,9.088290056061515410e-03,1.000000000000000000e+00
2.006400000000000128e-01,4.899999999999999842e-03,9.088290056061515410e-03,1.000000000000000000e+00
2.017500000000000127e-01,4.899999999999999842e-03,9.177208886055415737e-03,1.000000000000000000e+00
2.139500000000000013e-01,5.250000000000000326e-03,1.022351868605249001e-02,1.000000000000000000e+00
2.307099999999999984e-01,5.590000000000000351e-03,1.165724013919314239e-02,1.000000000000000000e+00
2.468599999999999961e-01,5.769999999999999955e-03,1.516120354850562443e-02,1.000000000000000000e+00
2.468599999999999961e-01,5.769999999999999955e-03,1.516120354850562443e-02,1.000000000000000000e+00
2.615000000000000102e-01,6.499999999999999702e-03,1.569048699243327447e-02,1.000000000000000000e+00
2.626899999999999791e-01,6.559999999999999859e-03,1.571560832093930535e-02,1.000000000000000000e+00
2.778399999999999759e-01,7.250000000000000368e-03,1.573336213792308341e-02,1.000000000000000000e+00
2.927400000000000002e-01,7.910000000000000364e-03,1.351239970761488121e-02,1.000000000000000000e+00
2.927400000000000002e-01,7.910000000000000364e-03,1.351239970761488121e-02,1.000000000000000000e+00
3.109500000000000042e-01,7.839999999999999747e-03,1.480038786113290795e-02,1.000000000000000000e+00
3.124100000000000210e-01,7.830000000000000154e-03,1.492297773597165908e-02,1.000000000000000000e+00
3.281399999999999872e-01,8.619999999999999191e-03,1.329261381199540321e-02,1.000000000000000000e+00
3.429599999999999871e-01,9.440000000000000474e-03,1.138409099687076424e-02,1.000000000000000000e+00
3.429599999999999871e-01,9.440000000000000474e-03,1.138409099687076424e-02,1.000000000000000000e+00
3.440099999999999825e-01,9.499999999999999764e-03,1.124682247641683140e-02,1.000000000000000000e+00
3.591599999999999793e-01,1.009999999999999960e-02,1.077986148583253562e-02,1.000000000000000000e+00
3.731099999999999972e-01,1.052999999999999943e-02,1.417667332690827203e-02,1.000000000000000000e+00
3.905299999999999883e-01,1.072999999999999995e-02,1.582423699550312285e-02,1.000000000000000000e+00
3.905299999999999883e-01,1.072999999999999995e-02,1.582423699550312285e-02,1.000000000000000000e+00
4.039300000000000113e-01,1.099999999999999936e-02,1.738441994489658277e-02,1.000000000000000000e+00
4.049699999999999966e-01,1.102999999999999987e-02,1.750963994742544411e-02,1.000000000000000000e+00
4.213299999999999823e-01,1.110000000000000049e-02,1.924218537270158680e-02,1.000000000000000000e+00
4.213299999999999823e-01,1.110000000000000049e-02,1.924218537270158680e-02,1.000000000000000000e+00
4.227500000000000147e-01,1.111000000000000008e-02,1.939140459885420331e-02,1.000000000000000000e+00
4.227500000000000147e-01,1.111000000000000008e-02,1.939140459885420331e-02,1.000000000000000000e+00
4.227500000000000147e-01,1.111000000000000008e-02,1.939140459885420331e-02,1.000000000000000000e+00
4.227500000000000147e-01,1.111000000000000008e-02,1.939140459885420331e-02,1.000000000000000000e+00
4.227500000000000147e-01,1.111000000000000008e-02,1.939140459885420331e-02,1.000000000000000000e+00
4.227500000000000147e-01,1.111000000000000008e-02,1.939140459885420331e-02,1.000000000000000000e+00
4.227500000000000147e-01,1.111000000000000008e-02,1.939140459885420331e-02,1.000000000000000000e+00
4.227500000000000147e-01,1.111000000000000008e-02,1.939140459885420331e-02,1.000000000000000000e+00
4.227500000000000147e-01,1.111000000000000008e-02,1.939140459885420331e-02,1.000000000000000000e+00
4.227500000000000147e-01,1.111000000000000008e-02,1.939140459885420331e-02,1.000000000000000000e+00
4.227500000000000147e-01,1.111000000000000008e-02,1.939140459885420331e-02,1.000000000000000000e+00
5.476400000000000157e-01,1.485999999999999995e-02,1.591383601276012347e-02,1.000000000000000000e+00
5.635400000000000409e-01,1.567999999999999949e-02,1.611599372958948465e-02,1.000000000000000000e+00
5.635400000000000409e-01,1.567999999999999949e-02,1.611599372958948465e-02,1.000000000000000000e+00
5.801199999999999690e-01,1.626000000000000015e-02,1.788581608735635708e-02,1.000000000000000000e+00
5.813700000000000534e-01,1.629999999999999852e-02,1.802994123143321706e-02,1.000000000000000000e+00
5.965200000000000502e-01,1.695999999999999938e-02,1.815171116260416717e-02,1.000000000000000000e+00
6.103100000000000191e-01,1.735000000000000084e-02,2.361401537367414233e-02,1.000000000000000000e+00
6.103100000000000191e-01,1.735000000000000084e-02,2.361401537367414233e-02,1.000000000000000000e+00
6.269299999999999873e-01,1.771000000000000005e-02,2.208475673034657194e-02,1.000000000000000000e+00
6.281200000000000117e-01,1.773999999999999883e-02,2.193300687726960213e-02,1.000000000000000000e+00
6.436399999999999899e-01,1.770000000000000046e-02,2.173696317247248225e-02,1.000000000000000000e+00
6.577300000000000368e-01,1.762999999999999984e-02,1.941409793793830510e-02,1.000000000000000000e+00
6.577300000000000368e-01,1.762999999999999984e-02,1.941409793793830510e-02,1.000000000000000000e+00
6.744999999999999885e-01,1.830000000000000029e-02,2.114543696103753784e-02,1.000000000000000000e+00
6.758600000000000163e-01,1.836000000000000132e-02,2.131140663010148983e-02,1.000000000000000000e+00
6.885999999999999899e-01,1.867999999999999869e-02,1.909563148405944363e-02,1.000000000000000000e+00
7.085200000000000387e-01,1.925999999999999934e-02,2.107644598152184218e-02,1.000000000000000000e+00
7.085200000000000387e-01,1.925999999999999934e-02,2.107644598152184218e-02,1.000000000000000000e+00
7.229499999999999815e-01,1.966000000000000039e-02,2.106024595507026420e-02,1.000000000000000000e+00
7.229499999999999815e-01,1.966000000000000039e-02,2.106024595507026420e-02,1.000000000000000000e+00
7.370799999999999574e-01,2.061999999999999944e-02,1.881840635468043713e-02,1.000000000000000000e+00
7.513800000000000479e-01,2.099000000000000171e-02,2.028780611605002573e-02,1.000000000000000000e+00
7.513800000000000479e-01,2.099000000000000171e-02,2.028780611605002573e-02,1.000000000000000000e+00
7.513800000000000479e-01,2.099000000000000171e-02,2.028780611605002573e-02,1.000000000000000000e+00
7.686899999999999844e-01,2.171000000000000013e-02,1.829694571347463550e-02,1.000000000000000000e+00
7.863799999999999679e-01,2.264999999999999999e-02,2.037236767329408602e-02,1.000000000000000000e+00
7.877699999999999703e-01,2.272000000000000061e-02,2.056612007258828978e-02,1.000000000000000000e+00
7.877699999999999703e-01,2.272000000000000061e-02,2.056612007258828978e-02,1.000000000000000000e+00
8.191300000000000248e-01,2.390000000000000110e-02,2.248535867649284481e-02,1.000000000000000000e+00
8.191300000000000248e-01,2.390000000000000110e-02,2.248535867649284481e-02,1.000000000000000000e+00
8.374500000000000277e-01,2.436999999999999930e-02,2.240524902989043596e-02,1.000000000000000000e+00
8.389699999999999935e-01,2.441000000000000114e-02,2.239782737733234108e-02,1.000000000000000000e+00
8.458299999999999708e-01,2.502000000000000057e-02,2.211768424629163149e-02,1.000000000000000000e+00
8.672800000000000509e-01,2.497999999999999873e-02,2.420870018891742650e-02,1.000000000000000000e+00
8.672800000000000509e-01,2.497999999999999873e-02,2.420870018891742650e-02,1.000000000000000000e+00
8.826300000000000257e-01,2.513999999999999915e-02,2.193519010955225293e-02,1.000000000000000000e+00
8.826300000000000257e-01,2.513999999999999915e-02,2.193519010955225293e-02,1.000000000000000000e+00
8.976399999999999935e-01,2.535000000000000100e-02,2.100635944623830201e-02,1.000000000000000000e+00
9.127300000000000413e-01,2.590999999999999900e-02,2.100514664158969688e-02,1.000000000000000000e+00
9.127300000000000413e-01,2.590999999999999900e-02,2.100514664158969688e-02,1.000000000000000000e+00
9.280500000000000416e-01,2.632999999999999924e-02,2.316551660378337804e-02,1.000000000000000000e+00
9.280500000000000416e-01,2.632999999999999924e-02,2.316551660378337804e-02,1.000000000000000000e+00
9.468499999999999694e-01,2.695000000000000173e-02,2.352142564658408000e-02,1.000000000000000000e+00
9.484000000000000208e-01,2.700999999999999929e-02,2.353672414521314898e-02,1.000000000000000000e+00
9.625599999999999712e-01,2.766000000000000056e-02,2.335252436420912417e-02,1.000000000000000000e+00
9.736500000000000155e-01,2.785999999999999935e-02,2.089554173362642014e-02,1.000000000000000000e+00
9.736500000000000155e-01,2.785999999999999935e-02,2.089554173362642014e-02,1.000000000000000000e+00
9.929000000000000048e-01,2.860000000000000042e-02,2.053591233094698154e-02,1.000000000000000000e+00
9.929000000000000048e-01,2.860000000000000042e-02,2.053591233094698154e-02,1.000000000000000000e+00
1.012620000000000076e+00,2.952000000000000110e-02,2.277927593930301198e-02,1.000000000000000000e+00
1.024399999999999977e+00,3.014000000000000012e-02,2.286442188806487447e-02,1.000000000000000000e+00
1.024399999999999977e+00,3.014000000000000012e-02,2.286442188806487447e-02,1.000000000000000000e+00
1.039760000000000018e+00,3.082000000000000017e-02,2.285742034428760172e-02,1.000000000000000000e+00
1.039760000000000018e+00,3.082000000000000017e-02,2.285742034428760172e-02,1.000000000000000000e+00
1.060179999999999900e+00,3.115000000000000061e-02,2.282253786147747654e-02,1.000000000000000000e+00
1.060179999999999900e+00,3.115000000000000061e-02,2.282253786147747654e-02,1.000000000000000000e+00
1.076140000000000096e+00,3.180000000000000188e-02,2.262762588936655800e-02,1.000000000000000000e+00
1.096430000000000016e+00,3.119999999999999857e-02,2.210080019611773694e-02,1.000000000000000000e+00
1.096430000000000016e+00,3.119999999999999857e-02,2.210080019611773694e-02,1.000000000000000000e+00
1.113459999999999894e+00,3.118999999999999898e-02,2.197462651076103821e-02,1.000000000000000000e+00
1.113459999999999894e+00,3.118999999999999898e-02,2.197462651076103821e-02,1.000000000000000000e+00
1.133899999999999908e+00,3.144000000000000267e-02,1.707880248354592609e-02,1.000000000000000000e+00
1.135699999999999932e+00,3.146000000000000185e-02,1.662147565467969601e-02,1.000000000000000000e+00
1.146879999999999900e+00,3.203000000000000291e-02,1.903440888026166483e-02,1.000000000000000000e+00
1.167489999999999917e+00,3.298000000000000237e-02,2.176333670006799781e-02,1.000000000000000000e+00
1.167489999999999917e+00,3.298000000000000237e-02,2.176333670006799781e-02,1.000000000000000000e+00
1.179980000000000029e+00,3.354000000000000037e-02,2.206231315849827013e-02,1.000000000000000000e+00
1.179980000000000029e+00,3.354000000000000037e-02,2.206231315849827013e-02,1.000000000000000000e+00
1.196369999999999933e+00,3.346999999999999975e-02,2.164714351630431591e-02,1.000000000000000000e+00
1.197449999999999903e+00,3.346999999999999975e-02,2.161742407633235677e-02,1.000000000000000000e+00
1.212669999999999915e+00,3.423999999999999960e-02,1.913191770983002638e-02,1.000000000000000000e+00
1.229349999999999943e+00,3.542000000000000010e-02,1.919204767517868060e-02,1.000000000000000000e+00
1.229349999999999943e+00,3.542000000000000010e-02,1.919204767517868060e-02,1.000000000000000000e+00
1.252210000000000045e+00,3.685000000000000081e-02,2.116499933453039328e-02,1.000000000000000000e+00
1.254240000000000022e+00,3.697999999999999898e-02,2.134819285758583415e-02,1.000000000000000000e+00
1.269930000000000003e+00,3.733000000000000207e-02,2.125268629376812421e-02,1.000000000000000000e+00
1.287330000000000085e+00,3.771000000000000046e-02,2.115396341123363527e-02,1.000000000000000000e+00
1.287330000000000085e+00,3.771000000000000046e-02,2.115396341123363527e-02,1.000000000000000000e+00
1.299500000000000099e+00,3.833999999999999908e-02,2.077887408440754965e-02,1.000000000000000000e+00
1.299500000000000099e+00,3.833999999999999908e-02,2.077887408440754965e-02,1.000000000000000000e+00
1.316650000000000098e+00,3.840999999999999970e-02,2.326190526232961228e-02,1.000000000000000000e+00
1.334389999999999965e+00,3.860999999999999849e-02,2.082710969461047321e-02,1.000000000000000000e+00
1.334389999999999965e+00,3.860999999999999849e-02,2.082710969461047321e-02,1.000000000000000000e+00
1.352160000000000029e+00,3.844999999999999807e-02,2.034582746579919818e-02,1.000000000000000000e+00
1.352160000000000029e+00,3.844999999999999807e-02,2.034582746579919818e-02,1.000000000000000000e+00
1.364670000000000050e+00,3.941000000000000059e-02,2.053914343521172359e-02,1.000000000000000000e+00
1.376880000000000104e+00,4.000000000000000083e-02,2.271758782346897099e-02,1.000000000000000000e+00
1.376880000000000104e+00,4.000000000000000083e-02,2.271758782346897099e-02,1.000000000000000000e+00
1.394249999999999989e+00,4.057000000000000189e-02,2.057280519153556822e-02,1.000000000000000000e+00
1.394249999999999989e+00,4.057000000000000189e-02,2.057280519153556822e-02,1.000000000000000000e+00
1.412910000000000110e+00,4.127000000000000113e-02,2.267237562052192013e-02,1.000000000000000000e+00
1.412910000000000110e+00,4.127000000000000113e-02,2.267237562052192013e-02,1.000000000000000000e+00
1.431400000000000006e+00,4.166000000000000258e-02,2.275152403603475371e-02,1.000000000000000000e+00
1.449119999999999964e+00,4.232999999999999957e-02,1.990830334163909421e-02,1.000000000000000000e+00
1.449119999999999964e+00,4.232999999999999957e-02,1.990830334163909421e-02,1.000000000000000000e+00
1.461430000000000007e+00,4.333000000000000046e-02,1.985549902812059481e-02,1.000000000000000000e+00
1.461430000000000007e+00,4.333000000000000046e-02,1.985549902812059481e-02,1.000000000000000000e+00
1.473950000000000093e+00,4.417999999999999705e-02,2.238828339265571885e-02,1.000000000000000000e+00
1.473950000000000093e+00,4.417999999999999705e-02,2.238828339265571885e-02,1.000000000000000000e+00
1.497749999999999915e+00,4.461999999999999994e-02,2.280352175604470275e-02,1.000000000000000000e+00
1.510880000000000001e+00,4.497999999999999915e-02,2.505306300200194763e-02,1.000000000000000000e+00
1.510880000000000001e+00,4.497999999999999915e-02,2.505306300200194763e-02,1.000000000000000000e+00
1.530299999999999994e+00,4.587999999999999717e-02,2.517195705351459728e-02,1.000000000000000000e+00
1.543250000000000011e+00,4.583999999999999880e-02,2.508488825859695945e-02,1.000000000000000000e+00
1.543250000000000011e+00,4.583999999999999880e-02,2.508488825859695945e-02,1.000000000000000000e+00
1.543959999999999999e+00,4.583000000000000268e-02,2.508031335024591899e-02,1.000000000000000000e+00
1.543959999999999999e+00,4.583000000000000268e-02,2.508031335024591899e-02,1.000000000000000000e+00
1.543959999999999999e+00,4.583000000000000268e-02,2.508031335024591899e-02,1.000000000000000000e+00
1.543959999999999999e+00,4.583000000000000268e-02,2.508031335024591899e-02,1.000000000000000000e+00
1.543959999999999999e+00,4.583000000000000268e-02,2.508031335024591899e-02,1.000000000000000000e+00
1.543959999999999999e+00,4.583000000000000268e-02,2.508031335024591899e-02,1.000000000000000000e+00
1.543959999999999999e+00,4.583000000000000268e-02,2.508031335024591899e-02,1.000000000000000000e+00
1.543959999999999999e+00,4.583000000000000268e-02,2.508031335024591899e-02,1.000000000000000000e+00
1.543959999999999999e+00,4.583000000000000268e-02,2.508031335024591899e-02,1.000000000000000000e+00
1.620430000000000037e+00,4.837999999999999939e-02,2.191107042999122442e-02,1.000000000000000000e+00
1.620430000000000037e+00,4.837999999999999939e-02,2.191107042999122442e-02,1.000000000000000000e+00
1.672919999999999963e+00,5.022999999999999687e-02,2.170076215435195327e-02,1.000000000000000000e+00
1.672919999999999963e+00,5.022999999999999687e-02,2.170076215435195327e-02,1.000000000000000000e+00
1.685859999999999914e+00,5.122999999999999776e-02,2.150030138376554309e-02,1.000000000000000000e+00
1.693400000000000016e+00,5.133000000000000063e-02,2.164127528961357072e-02,1.000000000000000000e+00
1.693400000000000016e+00,5.133000000000000063e-02,2.164127528961357072e-02,1.000000000000000000e+00
1.706530000000000102e+00,5.217000000000000109e-02,2.731728759354828603e-02,1.000000000000000000e+00
1.712320000000000064e+00,5.287000000000000033e-02,2.723519338594090552e-02,1.000000000000000000e+00
1.712650000000000006e+00,5.292000000000000176e-02,2.720572498434966138e-02,1.000000000000000000e+00
1.731479999999999908e+00,5.322999999999999954e-02,2.162387132815640767e-02,1.000000000000000000e+00
1.752760000000000096e+00,5.378999999999999754e-02,2.408826709551833978e-02,1.000000000000000000e+00
1.766499999999999959e+00,5.380999999999999672e-02,2.369033512169238173e-02,1.000000000000000000e+00
1.766499999999999959e+00,5.380999999999999672e-02,2.369033512169238173e-02,1.000000000000000000e+00
1.788410000000000055e+00,5.407000000000000001e-02,2.662731197244402534e-02,1.000000000000000000e+00
1.789369999999999905e+00,5.358999999999999875e-02,2.375171312909171717e-02,1.000000000000000000e+00
1.789369999999999905e+00,5.358999999999999875e-02,2.375171312909171717e-02,1.000000000000000000e+00
1.809330000000000105e+00,5.415999999999999981e-02,2.328738092889358693e-02,1.000000000000000000e+00
1.816449999999999898e+00,5.482999999999999680e-02,2.323229510445759191e-02,1.000000000000000000e+00
1.836940000000000017e+00,5.519999999999999907e-02,2.349152364730431805e-02,1.000000000000000000e+00
1.836940000000000017e+00,5.519999999999999907e-02,2.349152364730431805e-02,1.000000000000000000e+00
1.850929999999999964e+00,5.596999999999999892e-02,2.629064732208532054e-02,1.000000000000000000e+00
1.849469999999999947e+00,5.657000000000000223e-02,2.607347066989831527e-02,1.000000000000000000e+00
1.849469999999999947e+00,5.657000000000000223e-02,2.607347066989831527e-02,1.000000000000000000e+00
1.876659999999999995e+00,5.707000000000000267e-02,2.311813441385288451e-02,1.000000000000000000e+00
1.876659999999999995e+00,5.707000000000000267e-02,2.311813441385288451e-02,1.000000000000000000e+00
1.891019999999999923e+00,5.756000000000000005e-02,1.982599987745728085e-02,1.000000000000000000e+00
1.892120000000000024e+00,5.759999999999999842e-02,1.955031007613762875e-02,1.000000000000000000e+00
1.911960000000000104e+00,5.868000000000000299e-02,2.269871241267311032e-02,1.000000000000000000e+00
1.934279999999999999e+00,5.936999999999999916e-02,2.305714074479959727e-02,1.000000000000000000e+00
1.934279999999999999e+00,5.936999999999999916e-02,2.305714074479959727e-02,1.000000000000000000e+00
1.935929999999999929e+00,5.940999999999999753e-02,2.306558076282912845e-02,1.000000000000000000e+00
1.935929999999999929e+00,5.940999999999999753e-02,2.306558076282912845e-02,1.000000000000000000e+00
1.961140000000000105e+00,6.042000000000000148e-02,2.626664485096913068e-02,1.000000000000000000e+00
1.966579999999999995e+00,6.105000000000000010e-02,2.593433078102723097e-02,1.000000000000000000e+00
1.966579999999999995e+00,6.105000000000000010e-02,2.593433078102723097e-02,1.000000000000000000e+00
1.977670000000000039e+00,6.060999999999999721e-02,2.281682177498577796e-02,1.000000000000000000e+00
1.977670000000000039e+00,6.060999999999999721e-02,2.281682177498577796e-02,1.000000000000000000e+00
1.990639999999999965e+00,6.092999999999999805e-02,2.517272917811695307e-02,1.000000000000000000e+00
1.991710000000000091e+00,6.096000000000000030e-02,2.540457190291928874e-02,1.000000000000000000e+00
2.002060000000000173e+00,6.112999999999999684e-02,2.256396989160760688e-02,1.000000000000000000e+00
2.005580000000000140e+00,6.112000000000000072e-02,2.212783488668383994e-02,1.000000000000000000e+00
2.005580000000000140e+00,6.112000000000000072e-02,2.212783488668383994e-02,1.000000000000000000e+00
2.008030000000000204e+00,6.072999999999999926e-02,2.203322050507995969e-02,1.000000000000000000e+00
2.008030000000000204e+00,6.072999999999999926e-02,2.203322050507995969e-02,1.000000000000000000e+00
2.018289999999999917e+00,6.087999999999999662e-02,2.522273825855086277e-02,1.000000000000000000e+00
2.020140000000000047e+00,6.113999999999999990e-02,2.231494066433380857e-02,1.000000000000000000e+00
2.020140000000000047e+00,6.113999999999999990e-02,2.231494066433380857e-02,1.000000000000000000e+00
2.029900000000000038e+00,6.112999999999999684e-02,2.509889464135577411e-02,1.000000000000000000e+00
2.029900000000000038e+00,6.112999999999999684e-02,2.509889464135577411e-02,1.000000000000000000e+00
2.023229999999999862e+00,6.130000000000000032e-02,2.536014656728436539e-02,1.000000000000000000e+00
2.023229999999999862e+00,6.130000000000000032e-02,2.536014656728436539e-02,1.000000000000000000e+00
2.031410000000000160e+00,6.137999999999999706e-02,2.237594005268907921e-02,1.000000000000000000e+00
2.032129999999999992e+00,6.131000000000000338e-02,2.513183270361871863e-02,1.000000000000000000e+00
2.032129999999999992e+00,6.131000000000000338e-02,2.513183270361871863e-02,1.000000000000000000e+00
2.031489999999999796e+00,6.121000000000000052e-02,2.221269252792977197e-02,1.000000000000000000e+00
2.031449999999999978e+00,6.119999999999999746e-02,2.195629448425879399e-02,1.000000000000000000e+00
2.022879999999999789e+00,6.108999999999999847e-02,2.181489486617467846e-02,1.000000000000000000e+00
2.022289999999999921e+00,6.128000000000000114e-02,2.485845419308039400e-02,1.000000000000000000e+00
2.022289999999999921e+00,6.128000000000000114e-02,2.485845419308039400e-02,1.000000000000000000e+00
2.030899999999999928e+00,6.124999999999999889e-02,2.536053960305111737e-02,1.000000000000000000e+00
2.030899999999999928e+00,6.124999999999999889e-02,2.536053960305111737e-02,1.000000000000000000e+00
2.031590000000000007e+00,6.124000000000000277e-02,2.537929932203348074e-02,1.000000000000000000e+00
2.022299999999999986e+00,6.108999999999999847e-02,2.180979287288343019e-02,1.000000000000000000e+00
2.022539999999999782e+00,6.130000000000000032e-02,2.509172714909044949e-02,1.000000000000000000e+00
2.022829999999999906e+00,6.131000000000000338e-02,2.515124414843950690e-02,1.000000000000000000e+00
2.022829999999999906e+00,6.131000000000000338e-02,2.515124414843950690e-02,1.000000000000000000e+00
2.022850000000000037e+00,6.131000000000000338e-02,2.513495190211648481e-02,1.000000000000000000e+00
2.022850000000000037e+00,6.131000000000000338e-02,2.513495190211648481e-02,1.000000000000000000e+00
2.031439999999999912e+00,6.126000000000000195e-02,2.538718011312761369e-02,1.000000000000000000e+00
2.032150000000000123e+00,6.126000000000000195e-02,2.538890153154766197e-02,1.000000000000000000e+00
2.023559999999999803e+00,6.133000000000000257e-02,2.536901745209105621e-02,1.000000000000000000e+00
2.022499999999999964e+00,6.131999999999999951e-02,2.515014840246722339e-02,1.000000000000000000e+00
2.022499999999999964e+00,6.131999999999999951e-02,2.515014840246722339e-02,1.000000000000000000e+00
2.022499999999999964e+00,6.131999999999999951e-02,2.515014840246722339e-02,1.000000000000000000e+00
2.022320000000000118e+00,6.128999999999999726e-02,2.512586624612774683e-02,1.000000000000000000e+00
2.022580000000000044e+00,6.117000000000000215e-02,2.521453163362761402e-02,1.000000000000000000e+00
2.022609999999999797e+00,6.115999999999999909e-02,2.522423447716658565e-02,1.000000000000000000e+00
2.022609999999999797e+00,6.115999999999999909e-02,2.522423447716658565e-02,1.000000000000000000e+00
2.022609999999999797e+00,6.115999999999999909e-02,2.522423447716658565e-02,1.000000000000000000e+00
1.430000000000000064e-03,-1.100000000000000039e-04,0.000000000000000000e+00,1.000000000000000000e+00
2.100000000000000087e-04,-4.000000000000000327e-05,-4.730706575791522313e-04,1.000000000000000000e+00
1.800000000000000113e-04,-3.000000000000000076e-05,-2.677530623799138660e-04,1.000000000000000000e+00
1.800000000000000113e-04,-3.000000000000000076e-05,-2.677530623799138660e-04,1.000000000000000000e+00
-3.000000000000000076e-05,-1.000000000000000082e-05,-2.799614552675776637e-04,1.000000000000000000e+00
-3.000000000000000076e-05,-1.000000000000000082e-05,-2.799614552675776637e-04,1.000000000000000000e+00
1.100000000000000039e-04,-1.000000000000000082e-05,-2.587164152536041068e-04,1.000000000000000000e+00
1.090000000000000040e-03,-6.999999999999999387e-05,-5.650097001642554557e-05,1.000000000000000000e+00
1.090000000000000040e-03,-6.999999999999999387e-05,-5.650097001642554557e-05,1.000000000000000000e+00
3.800000000000000209e-04,-1.600000000000000131e-04,-1.836020447724165741e-03,1.000000000000000000e+00
3.800000000000000209e-04,-1.600000000000000131e-04,-1.836020447724165741e-03,1.000000000000000000e+00
3.800000000000000209e-04,-1.600000000000000131e-04,-1.836020447724165741e-03,1.000000000000000000e+00
-2.459999999999999947e-03,-2.799999999999999755e-04,2.267357453088927281e-03,1.000000000000000000e+00
-2.459999999999999947e-03,-2.799999999999999755e-04,2.267357453088927281e-03,1.000000000000000000e+00
2.459999999999999947e-03,-1.800000000000000113e-04,1.195838882475454105e-03,1.000000000000000000e+00
2.459999999999999947e-03,-1.800000000000000113e-04,1.195838882475454105e-03,1.000000000000000000e+00
2.939999999999999905e-03,-1.700000000000000122e-04,1.075600038901724197e-03,1.000000000000000000e+00
5.899999999999999863e-03,-0.000000000000000000e+00,5.890479027582981586e-03,1.000000000000000000e+00
1.324000000000000003e-02,1.000000000000000082e-05,4.477464562036957349e-03,1.000000000000000000e+00
2.111999999999999988e-02,-4.000000000000000327e-05,4.414728936828402756e-03,1.000000000000000000e+00
2.111999999999999988e-02,-4.000000000000000327e-05,4.414728936828402756e-03,1.000000000000000000e+00
2.952000000000000110e-02,5.100000000000000366e-04,5.699730760031314000e-03,1.000000000000000000e+00
2.952000000000000110e-02,5.100000000000000366e-04,5.699730760031314000e-03,1.000000000000000000e+00
1.435999999999999950e-02,4.709999999999999777e-03,5.047112899101185296e-03,1.000000000000000000e+00
5.589999999999999830e-02,3.950000000000000386e-03,9.776777836193149829e-03,1.000000000000000000e+00
5.589999999999999830e-02,3.950000000000000386e-03,9.776777836193149829e-03,1.000000000000000000e+00
7.335999999999999466e-02,2.380000000000000171e-03,1.080895437273270664e-02,1.000000000000000000e+00
7.335999999999999466e-02,2.380000000000000171e-03,1.080895437273270664e-02,1.000000000000000000e+00
8.415000000000000258e-02,2.860000000000000129e-03,1.152549578557567067e-02,1.000000000000000000e+00
8.515000000000000346e-02,2.899999999999999800e-03,1.160155778424099872e-02,1.000000000000000000e+00
9.797000000000000153e-02,3.269999999999999903e-03,1.324610470962670275e-02,1.000000000000000000e+00
9.915000000000000202e-02,3.310000000000000008e-03,1.339638752051800809e-02,1.000000000000000000e+00
1.137800000000000061e-01,3.779999999999999940e-03,1.248022694360377029e-02,1.000000000000000000e+00
1.153499999999999942e-01,3.820000000000000045e-03,1.238854137344357759e-02,1.000000000000000000e+00
1.303199999999999914e-01,4.819999999999999632e-03,1.270293689186902455e-02,1.000000000000000000e+00
1.440200000000000091e-01,5.449999999999999983e-03,1.259059003025403585e-02,1.000000000000000000e+00
1.453099999999999947e-01,5.510000000000000141e-03,1.257999299139169434e-02,1.000000000000000000e+00
1.577699999999999936e-01,5.839999999999999705e-03,1.400472417462950842e-02,1.000000000000000000e+00
1.577699999999999936e-01,5.839999999999999705e-03,1.400472417462950842e-02,1.000000000000000000e+00
1.746000000000000052e-01,6.620000000000000016e-03,1.457984429222478930e-02,1.000000000000000000e+00
1.890199999999999936e-01,7.069999999999999896e-03,1.744698259316940919e-02,1.000000000000000000e+00
1.902000000000000079e-01,7.110000000000000001e-03,1.770485956765454824e-02,1.000000000000000000e+00
2.048300000000000121e-01,7.579999999999999932e-03,1.578401100351552178e-02,1.000000000000000000e+00
2.062599999999999989e-01,7.620000000000000037e-03,1.559588251429712240e-02,1.000000000000000000e+00
2.190199999999999925e-01,7.990000000000000574e-03,1.995481769932978128e-02,1.000000000000000000e+00
2.364700000000000135e-01,8.109999999999999154e-03,2.393214887040936989e-02,1.000000000000000000e+00
2.511099999999999999e-01,8.359999999999999376e-03,2.594426497348302496e-02,1.000000000000000000e+00
2.511099999999999999e-01,8.359999999999999376e-03,2.594426497348302496e-02,1.000000000000000000e+00
2.676200000000000245e-01,9.239999999999999949e-03,2.498234461722063232e-02,1.000000000000000000e+00
2.676200000000000245e-01,9.239999999999999949e-03,2.498234461722063232e-02,1.000000000000000000e+00
2.836699999999999777e-01,1.009000000000000001e-02,2.986770667380070007e-02,1.000000000000000000e+00
3.009999999999999898e-01,1.088000000000000078e-02,2.924531511168032560e-02,1.000000000000000000e+00
3.009999999999999898e-01,1.088000000000000078e-02,2.924531511168032560e-02,1.000000000000000000e+00
3.158900000000000041e-01,1.123999999999999999e-02,2.500986336890488951e-02,1.000000000000000000e+00
3.158900000000000041e-01,1.123999999999999999e-02,2.500986336890488951e-02,1.000000000000000000e+00
3.308099999999999929e-01,1.191000000000000045e-02,2.645880166892096083e-02,1.000000000000000000e+00
3.457100000000000173e-01,1.324999999999999963e-02,2.142526900917077551e-02,1.000000000000000000e+00
3.457100000000000173e-01,1.324999999999999963e-02,2.142526900917077551e-02,1.000000000000000000e+00
3.648299999999999876e-01,1.410999999999999928e-02,2.682858446111708109e-02,1.000000000000000000e+00
3.648299999999999876e-01,1.410999999999999928e-02,2.682858446111708109e-02,1.000000000000000000e+00
3.762699999999999934e-01,1.511999999999999976e-02,2.869604620118430469e-02,1.000000000000000000e+00
3.932599999999999985e-01,1.567999999999999949e-02,2.889509402386340048e-02,1.000000000000000000e+00
3.932599999999999985e-01,1.567999999999999949e-02,2.889509402386340048e-02,1.000000000000000000e+00
4.110199999999999965e-01,1.628999999999999893e-02,3.250158124722765662e-02,1.000000000000000000e+00
4.110199999999999965e-01,1.628999999999999893e-02,3.250158124722765662e-02,1.000000000000000000e+00
4.288299999999999890e-01,1.719000000000000042e-02,3.306275657298870380e-02,1.000000000000000000e+00
4.304100000000000148e-01,1.727000000000000063e-02,3.308650505892599125e-02,1.000000000000000000e+00
4.424500000000000099e-01,1.779999999999999985e-02,3.483186228500882026e-02,1.000000000000000000e+00
4.601500000000000035e-01,1.810000000000000150e-02,3.710828080942596419e-02,1.000000000000000000e+00
4.601500000000000035e-01,1.810000000000000150e-02,3.710828080942596419e-02,1.000000000000000000e+00
4.601500000000000035e-01,1.810000000000000150e-02,3.710828080942596419e-02,1.000000000000000000e+00
4.737199999999999744e-01,1.855000000000000052e-02,3.563383618449768309e-02,1.000000000000000000e+00
4.737199999999999744e-01,1.855000000000000052e-02,3.563383618449768309e-02,1.000000000000000000e+00
5.076000000000000512e-01,1.994999999999999898e-02,3.526401726957779925e-02,1.000000000000000000e+00
5.076000000000000512e-01,1.994999999999999898e-02,3.526401726957779925e-02,1.000000000000000000e+00
5.235699999999999799e-01,2.092000000000000109e-02,3.190125812796596599e-02,1.000000000000000000e+00
5.235699999999999799e-01,2.092000000000000109e-02,3.190125812796596599e-02,1.000000000000000000e+00
5.372500000000000053e-01,2.160000000000000114e-02,3.334175951523323661e-02,1.000000000000000000e+00
5.507499999999999618e-01,2.253000000000000141e-02,3.546187857575584107e-02,1.000000000000000000e+00
5.507499999999999618e-01,2.253000000000000141e-02,3.546187857575584107e-02,1.000000000000000000e+00
5.667299999999999560e-01,2.367999999999999966e-02,3.596973831854617665e-02,1.000000000000000000e+00
5.667299999999999560e-01,2.367999999999999966e-02,3.596973831854617665e-02,1.000000000000000000e+00
5.881399999999999961e-01,2.476000000000000076e-02,3.658295119395120476e-02,1.000000000000000000e+00
5.881399999999999961e-01,2.476000000000000076e-02,3.658295119395120476e-02,1.000000000000000000e+00
5.881399999999999961e-01,2.476000000000000076e-02,3.658295119395120476e-02,1.000000000000000000e+00
5.900699999999999834e-01,2.485000000000000056e-02,3.663940689520073235e-02,1.000000000000000000e+00
6.188399999999999457e-01,2.682999999999999968e-02,4.300190491498123713e-02,1.000000000000000000e+00
6.327300000000000146e-01,2.738000000000000156e-02,4.117105964416000602e-02,1.000000000000000000e+00
6.327300000000000146e-01,2.738000000000000156e-02,4.117105964416000602e-02,1.000000000000000000e+00
6.465400000000000036e-01,2.853999999999999940e-02,4.112406849863704805e-02,1.000000000000000000e+00
6.477600000000000025e-01,2.864999999999999838e-02,4.114049023523441706e-02,1.000000000000000000e+00
6.662099999999999689e-01,2.931999999999999884e-02,4.159146714504076414e-02,1.000000000000000000e+00
6.807600000000000318e-01,3.006999999999999951e-02,4.365804804943788225e-02,1.000000000000000000e+00
6.807600000000000318e-01,3.006999999999999951e-02,4.365804804943788225e-02,1.000000000000000000e+00
6.820399999999999796e-01,3.014000000000000012e-02,4.386015935480784556e-02,1.000000000000000000e+00
7.116000000000000103e-01,3.116999999999999979e-02,4.396931875494376751e-02,1.000000000000000000e+00
7.116000000000000103e-01,3.116999999999999979e-02,4.396931875494376751e-02,1.000000000000000000e+00
7.116000000000000103e-01,3.116999999999999979e-02,4.396931875494376751e-02,1.000000000000000000e+00
7.130699999999999816e-01,3.124000000000000041e-02,4.400662119473316286e-02,1.000000000000000000e+00
7.467599999999999794e-01,3.368999999999999773e-02,4.677708579948545303e-02,1.000000000000000000e+00
7.582200000000000051e-01,3.456000000000000044e-02,4.681580882882988015e-02,1.000000000000000000e+00
7.582200000000000051e-01,3.456000000000000044e-02,4.681580882882988015e-02,1.000000000000000000e+00
7.591599999999999460e-01,3.463999999999999718e-02,4.681689926222119824e-02,1.000000000000000000e+00
7.591599999999999460e-01,3.463999999999999718e-02,4.681689926222119824e-02,1.000000000000000000e+00
7.936699999999999866e-01,3.622000000000000219e-02,4.731921067612603754e-02,1.000000000000000000e+00
7.936699999999999866e-01,3.622000000000000219e-02,4.731921067612603754e-02,1.000000000000000000e+00
8.111899999999999666e-01,3.763999999999999985e-02,4.760658792419428936e-02,1.000000000000000000e+00
8.126499999999999835e-01,3.776000000000000190e-02,4.763105998161858146e-02,1.000000000000000000e+00
8.260800000000000365e-01,3.901999999999999913e-02,4.794905512942793796e-02,1.000000000000000000e+00
8.410600000000000298e-01,3.998000000000000165e-02,4.780079751220925321e-02,1.000000000000000000e+00
8.410600000000000298e-01,3.998000000000000165e-02,4.780079751220925321e-02,1.000000000000000000e+00
8.556599999999999762e-01,4.089000000000000273e-02,4.796916260966242046e-02,1.000000000000000000e+00
8.568500000000000005e-01,4.096000000000000335e-02,4.798569909464697053e-02,1.000000000000000000e+00
8.704600000000000115e-01,4.182000000000000300e-02,4.779505751337276287e-02,1.000000000000000000e+00
8.887500000000000400e-01,4.263000000000000123e-02,4.785766972600336705e-02,1.000000000000000000e+00
8.905600000000000183e-01,4.270999999999999797e-02,4.786627084631882995e-02,1.000000000000000000e+00
9.046499999999999542e-01,4.327000000000000290e-02,5.019567881119450098e-02,1.000000000000000000e+00
9.234900000000000331e-01,4.376000000000000029e-02,5.301531900589891849e-02,1.000000000000000000e+00
9.234900000000000331e-01,4.376000000000000029e-02,5.301531900589891849e-02,1.000000000000000000e+00
9.385700000000000154e-01,4.469000000000000056e-02,5.111271526859676589e-02,1.000000000000000000e+00
9.385700000000000154e-01,4.469000000000000056e-02,5.111271526859676589e-02,1.000000000000000000e+00
9.506599999999999495e-01,4.574999999999999900e-02,5.539500738907873756e-02,1.000000000000000000e+00
9.506599999999999495e-01,4.574999999999999900e-02,5.539500738907873756e-02,1.000000000000000000e+00
9.768799999999999706e-01,4.726999999999999952e-02,5.435716965266679246e-02,1.000000000000000000e+00
9.936000000000000387e-01,4.803999999999999937e-02,5.416588017559236662e-02,1.000000000000000000e+00
9.936000000000000387e-01,4.803999999999999937e-02,5.416588017559236662e-02,1.000000000000000000e+00
1.009290000000000020e+00,4.916000000000000231e-02,5.426094477159970619e-02,1.000000000000000000e+00
1.029130000000000100e+00,5.047000000000000097e-02,5.471539653105377682e-02,1.000000000000000000e+00
1.029130000000000100e+00,5.047000000000000097e-02,5.471539653105377682e-02,1.000000000000000000e+00
1.045099999999999918e+00,5.188000000000000250e-02,5.491602495315763000e-02,1.000000000000000000e+00
1.045099999999999918e+00,5.188000000000000250e-02,5.491602495315763000e-02,1.000000000000000000e+00
1.060840000000000005e+00,5.349000000000000282e-02,5.309617561959037446e-02,1.000000000000000000e+00
1.062159999999999993e+00,5.362000000000000099e-02,5.292964725711618579e-02,1.000000000000000000e+00
1.076510000000000078e+00,5.426000000000000267e-02,5.304134018008174051e-02,1.000000000000000000e+00
1.092789999999999928e+00,5.517999999999999988e-02,5.307893721720400443e-02,1.000000000000000000e+00
1.092789999999999928e+00,5.517999999999999988e-02,5.307893721720400443e-02,1.000000000000000000e+00
1.116000000000000103e+00,5.671999999999999958e-02,5.516159297157444130e-02,1.000000000000000000e+00
1.116000000000000103e+00,5.671999999999999958e-02,5.516159297157444130e-02,1.000000000000000000e+00
1.137420000000000098e+00,5.752000000000000168e-02,5.571076518096124142e-02,1.000000000000000000e+00
1.139329999999999954e+00,5.759000000000000230e-02,5.574624372447335025e-02,1.000000000000000000e+00
1.149820000000000064e+00,5.816999999999999948e-02,5.583614587226405634e-02,1.000000000000000000e+00
1.165939999999999976e+00,5.920000000000000262e-02,5.601234262789393792e-02,1.000000000000000000e+00
1.165939999999999976e+00,5.920000000000000262e-02,5.601234262789393792e-02,1.000000000000000000e+00
1.187040000000000095e+00,6.026000000000000106e-02,5.897234811980176655e-02,1.000000000000000000e+00
1.188890000000000002e+00,6.035000000000000087e-02,5.924713140297639680e-02,1.000000000000000000e+00
1.199889999999999901e+00,6.144000000000000156e-02,5.895748893626356901e-02,1.000000000000000000e+00
1.216150000000000064e+00,6.275999999999999635e-02,5.952346652006239996e-02,1.000000000000000000e+00
1.216150000000000064e+00,6.275999999999999635e-02,5.952346652006239996e-02,1.000000000000000000e+00
1.232769999999999921e+00,6.382999999999999785e-02,5.735427551667175022e-02,1.000000000000000000e+00
1.234150000000000080e+00,6.390999999999999459e-02,5.714999154478362514e-02,1.000000000000000000e+00
1.244869999999999921e+00,6.522000000000000020e-02,5.726747127268756732e-02,1.000000000000000000e+00
1.266049999999999898e+00,6.650999999999999968e-02,5.777022626701172614e-02,1.000000000000000000e+00
1.266049999999999898e+00,6.650999999999999968e-02,5.777022626701172614e-02,1.000000000000000000e+00
1.273949999999999916e+00,6.798999999999999488e-02,5.784644593667408879e-02,1.000000000000000000e+00
1.273949999999999916e+00,6.798999999999999488e-02,5.784644593667408879e-02,1.000000000000000000e+00
1.300189999999999957e+00,6.940000000000000335e-02,5.818986756690269768e-02,1.000000000000000000e+00
1.300189999999999957e+00,6.940000000000000335e-02,5.818986756690269768e-02,1.000000000000000000e+00
1.313719999999999999e+00,7.048000000000000098e-02,5.834489446307687677e-02,1.000000000000000000e+00
1.314610000000000056e+00,7.055000000000000160e-02,5.835482227880511852e-02,1.000000000000000000e+00
1.325620000000000021e+00,7.133000000000000451e-02,6.080741158796371115e-02,1.000000000000000000e+00
1.342840000000000034e+00,7.258000000000000562e-02,6.117581763708849346e-02,1.000000000000000000e+00
1.342840000000000034e+00,7.258000000000000562e-02,6.117581763708849346e-02,1.000000000000000000e+00
1.355699999999999905e+00,7.348000000000000365e-02,6.386222885407126515e-02,1.000000000000000000e+00
1.355699999999999905e+00,7.348000000000000365e-02,6.386222885407126515e-02,1.000000000000000000e+00
1.377559999999999896e+00,7.432999999999999330e-02,6.218126486161387051e-02,1.000000000000000000e+00
1.380069999999999908e+00,7.442000000000000004e-02,6.195195591444137978e-02,1.000000000000000000e+00
1.402209999999999956e+00,7.593999999999999362e-02,6.520045447590480658e-02,1.000000000000000000e+00
1.404500000000000082e+00,7.611999999999999322e-02,6.553347329405789790e-02,1.000000000000000000e+00
1.414909999999999890e+00,7.741000000000000658e-02,6.273489306850071889e-02,1.000000000000000000e+00
1.433359999999999967e+00,7.864999999999999769e-02,6.540332152504749197e-02,1.000000000000000000e+00
1.433359999999999967e+00,7.864999999999999769e-02,6.540332152504749197e-02,1.000000000000000000e+00
1.452159999999999895e+00,7.996999999999999942e-02,6.578228593458056161e-02,1.000000000000000000e+00
1.452159999999999895e+00,7.996999999999999942e-02,6.578228593458056161e-02,1.000000000000000000e+00
1.464900000000000091e+00,8.126999999999999502e-02,6.338750438724861935e-02,1.000000000000000000e+00
1.483020000000000005e+00,8.301000000000000045e-02,6.643165824977134704e-02,1.000000000000000000e+00
1.483020000000000005e+00,8.301000000000000045e-02,6.643165824977134704e-02,1.000000000000000000e+00
1.495440000000000103e+00,8.447000000000000342e-02,6.425583110852105262e-02,1.000000000000000000e+00
1.495440000000000103e+00,8.447000000000000342e-02,6.425583110852105262e-02,1.000000000000000000e+00
1.513649999999999940e+00,8.579000000000000514e-02,6.414599969793018108e-02,1.000000000000000000e+00
1.532129999999999992e+00,8.679000000000000603e-02,6.696663173389896806e-02,1.000000000000000000e+00
1.532129999999999992e+00,8.679000000000000603e-02,6.696663173389896806e-02,1.000000000000000000e+00
1.533870000000000067e+00,8.687999999999999889e-02,6.725650569091454201e-02,1.000000000000000000e+00
1.557590000000000030e+00,8.877000000000000168e-02,6.737434432634700765e-02,1.000000000000000000e+00
1.577839999999999909e+00,8.998000000000000442e-02,7.021749840615064409e-02,1.000000000000000000e+00
1.579569999999999919e+00,9.007999999999999341e-02,7.048871113986658610e-02,1.000000000000000000e+00
1.585150000000000059e+00,9.071999999999999509e-02,7.064937723183478679e-02,1.000000000000000000e+00
1.585599999999999898e+00,9.077000000000000346e-02,7.066259825790444093e-02,1.000000000000000000e+00
1.597220000000000084e+00,9.155000000000000637e-02,6.804322302866196159e-02,1.000000000000000000e+00
1.616009999999999946e+00,9.289000000000000035e-02,6.841398076575704035e-02,1.000000000000000000e+00
1.616009999999999946e+00,9.289000000000000035e-02,6.841398076575704035e-02,1.000000000000000000e+00
1.636339999999999906e+00,9.460000000000000353e-02,7.132134193986507109e-02,1.000000000000000000e+00
1.638090000000000046e+00,9.475999999999999701e-02,7.158711492688399347e-02,1.000000000000000000e+00
1.655810000000000004e+00,9.596999999999999975e-02,6.919497700049546951e-02,1.000000000000000000e+00
1.669629999999999947e+00,9.712999999999999412e-02,7.154937099298445957e-02,1.000000000000000000e+00
1.669629999999999947e+00,9.712999999999999412e-02,7.154937099298445957e-02,1.000000000000000000e+00
1.682719999999999994e+00,9.847999999999999809e-02,6.932494621267763779e-02,1.000000000000000000e+00
1.682719999999999994e+00,9.847999999999999809e-02,6.932494621267763779e-02,1.000000000000000000e+00
1.701820000000000110e+00,1.002699999999999980e-01,6.955325152825243828e-02,1.000000000000000000e+00
1.701820000000000110e+00,1.002699999999999980e-01,6.955325152825243828e-02,1.000000000000000000e+00
1.714970000000000105e+00,1.022399999999999975e-01,6.989848878408838617e-02,1.000000000000000000e+00
1.716040000000000010e+00,1.024199999999999972e-01,6.992617344515707212e-02,1.000000000000000000e+00
1.728059999999999929e+00,1.038400000000000017e-01,7.021794644889949033e-02,1.000000000000000000e+00
1.747730000000000006e+00,1.049999999999999961e-01,7.595275472665524719e-02,1.000000000000000000e+00
1.747730000000000006e+00,1.049999999999999961e-01,7.595275472665524719e-02,1.000000000000000000e+00
1.776350000000000096e+00,1.072300000000000059e-01,7.138613484373035334e-02,1.000000000000000000e+00
1.776350000000000096e+00,1.072300000000000059e-01,7.138613484373035334e-02,1.000000000000000000e+00
1.783870000000000067e+00,1.085099999999999953e-01,7.659400812954818283e-02,1.000000000000000000e+00
1.784489999999999910e+00,1.086400000000000005e-01,7.721892526972100324e-02,1.000000000000000000e+00
1.811379999999999990e+00,1.100000000000000006e-01,7.464310257150429118e-02,1.000000000000000000e+00
1.819320000000000048e+00,1.104900000000000049e-01,7.715346253844151958e-02,1.000000000000000000e+00
1.819320000000000048e+00,1.104900000000000049e-01,7.715346253844151958e-02,1.000000000000000000e+00
1.840279999999999916e+00,1.116400000000000031e-01,7.784239202310164196e-02,1.000000000000000000e+00
1.840279999999999916e+00,1.116400000000000031e-01,7.784239202310164196e-02,1.000000000000000000e+00
1.841960000000000042e+00,1.117299999999999960e-01,7.787772477452221953e-02,1.000000000000000000e+00
1.869059999999999944e+00,1.144799999999999984e-01,7.831776895864865640e-02,1.000000000000000000e+00
1.869059999999999944e+00,1.144799999999999984e-01,7.831776895864865640e-02,1.000000000000000000e+00
1.869059999999999944e+00,1.144799999999999984e-01,7.831776895864865640e-02,1.000000000000000000e+00
1.869059999999999944e+00,1.144799999999999984e-01,7.831776895864865640e-02,1.000000000000000000e+00
1.869059999999999944e+00,1.144799999999999984e-01,7.831776895864865640e-02,1.000000000000000000e+00
1.869059999999999944e+00,1.144799999999999984e-01,7.831776895864865640e-02,1.000000000000000000e+00
1.869059999999999944e+00,1.144799999999999984e-01,7.831776895864865640e-02,1.000000000000000000e+00
1.869059999999999944e+00,1.144799999999999984e-01,7.831776895864865640e-02,1.000000000000000000e+00
1.869059999999999944e+00,1.144799999999999984e-01,7.831776895864865640e-02,1.000000000000000000e+00
1.869059999999999944e+00,1.144799999999999984e-01,7.831776895864865640e-02,1.000000000000000000e+00
1.966469999999999940e+00,1.239200000000000024e-01,7.981042639903912495e-02,1.000000000000000000e+00
1.971640000000000059e+00,1.251099999999999990e-01,8.013769572439692623e-02,1.000000000000000000e+00
1.991710000000000091e+00,1.262300000000000089e-01,8.069703544998184375e-02,1.000000000000000000e+00
1.991710000000000091e+00,1.262300000000000089e-01,8.069703544998184375e-02,1.000000000000000000e+00
1.997230000000000061e+00,1.267000000000000071e-01,8.048837814431285265e-02,1.000000000000000000e+00
1.997570000000000068e+00,1.267300000000000093e-01,8.046681457097032419e-02,1.000000000000000000e+00
2.008550000000000058e+00,1.279700000000000004e-01,7.777008238014485042e-02,1.000000000000000000e+00
2.012280000000000069e+00,1.286100000000000021e-01,8.049952334150084488e-02,1.000000000000000000e+00
2.012280000000000069e+00,1.286100000000000021e-01,8.049952334150084488e-02,1.000000000000000000e+00
2.023499999999999854e+00,1.292399999999999938e-01,7.792615248898455971e-02,1.000000000000000000e+00
2.023499999999999854e+00,1.292399999999999938e-01,7.792615248898455971e-02,1.000000000000000000e+00
2.034780000000000033e+00,1.292200000000000015e-01,8.079068890354219878e-02,1.000000000000000000e+00
2.035639999999999894e+00,1.292200000000000015e-01,8.104925366582788060e-02,1.000000000000000000e+00
2.037799999999999834e+00,1.297200000000000020e-01,8.117057777483811798e-02,1.000000000000000000e+00
2.047689999999999788e+00,1.300099999999999867e-01,8.117781562193303324e-02,1.000000000000000000e+00
2.047689999999999788e+00,1.300099999999999867e-01,8.117781562193303324e-02,1.000000000000000000e+00
2.049450000000000216e+00,1.303499999999999936e-01,8.426007530296694692e-02,1.000000000000000000e+00
2.049450000000000216e+00,1.303499999999999936e-01,8.426007530296694692e-02,1.000000000000000000e+00
2.049980000000000135e+00,1.305199999999999971e-01,8.157739097190988553e-02,1.000000000000000000e+00
2.041830000000000034e+00,1.304500000000000104e-01,8.115483434903728033e-02,1.000000000000000000e+00
2.041830000000000034e+00,1.304500000000000104e-01,8.115483434903728033e-02,1.000000000000000000e+00
2.049450000000000216e+00,1.302500000000000047e-01,8.138634889021663377e-02,1.000000000000000000e+00
2.049450000000000216e+00,1.302500000000000047e-01,8.138634889021663377e-02,1.000000000000000000e+00
2.041900000000000048e+00,1.301799999999999902e-01,8.401046421273394849e-02,1.000000000000000000e+00
2.041900000000000048e+00,1.301799999999999902e-01,8.401046421273394849e-02,1.000000000000000000e+00
2.048849999999999838e+00,1.304700000000000026e-01,8.175997241661189796e-02,1.000000000000000000e+00
2.049760000000000026e+00,1.305000000000000049e-01,8.147147801990724247e-02,1.000000000000000000e+00
2.041459999999999830e+00,1.303999999999999881e-01,8.133917789193018111e-02,1.000000000000000000e+00
2.040639999999999787e+00,1.300900000000000112e-01,8.125822062083609687e-02,1.000000000000000000e+00
2.040639999999999787e+00,1.300900000000000112e-01,8.125822062083609687e-02,1.000000000000000000e+00
2.048540000000000028e+00,1.303799999999999959e-01,8.426062278333484867e-02,1.000000000000000000e+00
2.048540000000000028e+00,1.303799999999999959e-01,8.426062278333484867e-02,1.000000000000000000e+00
2.042100000000000026e+00,1.305600000000000094e-01,8.142329076963392143e-02,1.000000000000000000e+00
2.042100000000000026e+00,1.305600000000000094e-01,8.142329076963392143e-02,1.000000000000000000e+00
2.049100000000000144e+00,1.308100000000000096e-01,8.133637875302866804e-02,1.000000000000000000e+00
2.049840000000000106e+00,1.308300000000000018e-01,8.136024130666473508e-02,1.000000000000000000e+00
2.049690000000000012e+00,1.305099999999999871e-01,8.128778120155599751e-02,1.000000000000000000e+00
2.049669999999999881e+00,1.304899999999999949e-01,8.127370389962600139e-02,1.000000000000000000e+00
2.049669999999999881e+00,1.304899999999999949e-01,8.127370389962600139e-02,1.000000000000000000e+00
2.041560000000000041e+00,1.303999999999999881e-01,8.115357740696430011e-02,1.000000000000000000e+00
2.041560000000000041e+00,1.303999999999999881e-01,8.115357740696430011e-02,1.000000000000000000e+00
2.049069999999999947e+00,1.304899999999999949e-01,8.127298689508336005e-02,1.000000000000000000e+00
2.050260000000000193e+00,1.305099999999999871e-01,8.146300515996290903e-02,1.000000000000000000e+00
2.050260000000000193e+00,1.305099999999999871e-01,8.146300515996290903e-02,1.000000000000000000e+00
2.049799999999999844e+00,1.305000000000000049e-01,8.147223203767764432e-02,1.000000000000000000e+00
2.049799999999999844e+00,1.305000000000000049e-01,8.147223203767764432e-02,1.000000000000000000e+00
9.499999999999999981e-04,-1.200000000000000030e-04,0.000000000000000000e+00,1.000000000000000000e+00
-1.190000000000000085e-03,1.600000000000000131e-04,-1.198215588326375335e-03,1.000000000000000000e+00
-1.420000000000000038e-03,1.900000000000000105e-04,-1.330006873543181480e-03,1.000000000000000000e+00
-1.420000000000000038e-03,1.900000000000000105e-04,-1.330006873543181480e-03,1.000000000000000000e+00
-1.420000000000000038e-03,1.900000000000000105e-04,-1.330006873543181480e-03,1.000000000000000000e+00
8.199999999999999824e-04,1.000000000000000082e-05,-1.361714106804978253e-03,1.000000000000000000e+00
1.000000000000000048e-04,4.000000000000000327e-05,-1.278091073260038523e-03,1.000000000000000000e+00
1.000000000000000048e-04,4.000000000000000327e-05,-1.278091073260038523e-03,1.000000000000000000e+00
-3.000000000000000076e-05,5.000000000000000240e-05,-1.564091737613796957e-03,1.000000000000000000e+00
-3.000000000000000076e-05,5.000000000000000240e-05,-1.564091737613796957e-03,1.000000000000000000e+00
1.219999999999999947e-03,-2.000000000000000164e-05,-1.096531811170907336e-03,1.000000000000000000e+00
1.219999999999999947e-03,-2.000000000000000164e-05,-1.096531811170907336e-03,1.000000000000000000e+00
8.000000000000000383e-04,2.000000000000000164e-05,-2.910711244787255857e-03,1.000000000000000000e+00
8.000000000000000383e-04,2.000000000000000164e-05,-2.910711244787255857e-03,1.000000000000000000e+00
8.000000000000000383e-04,2.000000000000000164e-05,-2.910711244787255857e-03,1.000000000000000000e+00
6.409999999999999899e-03,5.400000000000000069e-04,-3.297526673155509909e-03,1.000000000000000000e+00
6.409999999999999899e-03,5.400000000000000069e-04,-3.297526673155509909e-03,1.000000000000000000e+00
1.454000000000000084e-02,5.500000000000000331e-04,8.227309740086446044e-04,1.000000000000000000e+00
1.454000000000000084e-02,5.500000000000000331e-04,8.227309740086446044e-04,1.000000000000000000e+00
1.454000000000000084e-02,5.500000000000000331e-04,8.227309740086446044e-04,1.000000000000000000e+00
1.454000000000000084e-02,5.500000000000000331e-04,8.227309740086446044e-04,1.000000000000000000e+00
2.971000000000000030e-02,7.799999999999999859e-04,2.075003349737357741e-03,1.000000000000000000e+00
4.048999999999999821e-02,5.100000000000000366e-04,3.096076091710620558e-03,1.000000000000000000e+00
4.048999999999999821e-02,5.100000000000000366e-04,3.096076091710620558e-03,1.000000000000000000e+00
4.889999999999999902e-02,8.000000000000000383e-04,7.445674024226829092e-03,1.000000000000000000e+00
4.889999999999999902e-02,8.000000000000000383e-04,7.445674024226829092e-03,1.000000000000000000e+00
6.121999999999999664e-02,1.180000000000000059e-03,9.238397492360963387e-03,1.000000000000000000e+00
6.228999999999999815e-02,1.219999999999999947e-03,9.365758322680845654e-03,1.000000000000000000e+00
7.452000000000000290e-02,1.289999999999999914e-03,7.284062545624250644e-03,1.000000000000000000e+00
8.916000000000000314e-02,1.520000000000000084e-03,9.982006083814800451e-03,1.000000000000000000e+00
8.916000000000000314e-02,1.520000000000000084e-03,9.982006083814800451e-03,1.000000000000000000e+00
1.034800000000000025e-01,1.619999999999999912e-03,1.007672717617397705e-02,1.000000000000000000e+00
1.034800000000000025e-01,1.619999999999999912e-03,1.007672717617397705e-02,1.000000000000000000e+00
1.176500000000000046e-01,1.930000000000000075e-03,1.017330748456020569e-02,1.000000000000000000e+00
1.176500000000000046e-01,1.930000000000000075e-03,1.017330748456020569e-02,1.000000000000000000e+00
1.338600000000000068e-01,2.530000000000000131e-03,1.306315705858761972e-02,1.000000000000000000e+00
1.555499999999999938e-01,4.559999999999999817e-03,1.108987911655515655e-02,1.000000000000000000e+00
1.555499999999999938e-01,4.559999999999999817e-03,1.108987911655515655e-02,1.000000000000000000e+00
1.725700000000000012e-01,5.020000000000000157e-03,1.233952841814604795e-02,1.000000000000000000e+00
1.725700000000000012e-01,5.020000000000000157e-03,1.233952841814604795e-02,1.000000000000000000e+00
1.853899999999999992e-01,5.780000000000000415e-03,1.357783267361675587e-02,1.000000000000000000e+00
1.853899999999999992e-01,5.780000000000000415e-03,1.357783267361675587e-02,1.000000000000000000e+00
2.026199999999999946e-01,6.309999999999999637e-03,1.484231469490824955e-02,1.000000000000000000e+00
2.041399999999999881e-01,6.349999999999999742e-03,1.495186814518313125e-02,1.000000000000000000e+00
2.182699999999999918e-01,6.960000000000000041e-03,1.786267206483536929e-02,1.000000000000000000e+00
2.332500000000000129e-01,7.409999999999999920e-03,2.308464983988645428e-02,1.000000000000000000e+00
2.332500000000000129e-01,7.409999999999999920e-03,2.308464983988645428e-02,1.000000000000000000e+00
2.474099999999999910e-01,7.559999999999999880e-03,2.645429330678554514e-02,1.000000000000000000e+00
2.485400000000000109e-01,7.570000000000000340e-03,2.670996794280768721e-02,1.000000000000000000e+00
2.650500000000000078e-01,7.919999999999999957e-03,2.525242242318961883e-02,1.000000000000000000e+00
2.765400000000000080e-01,8.649999999999999703e-03,2.623254567315752919e-02,1.000000000000000000e+00
2.765400000000000080e-01,8.649999999999999703e-03,2.623254567315752919e-02,1.000000000000000000e+00
2.946500000000000230e-01,9.350000000000000672e-03,2.803139736144178579e-02,1.000000000000000000e+00
2.946500000000000230e-01,9.350000000000000672e-03,2.803139736144178579e-02,1.000000000000000000e+00
3.111900000000000222e-01,9.669999999999999776e-03,2.447462892905214599e-02,1.000000000000000000e+00
3.129100000000000215e-01,9.690000000000000696e-03,2.404744248893370823e-02,1.000000000000000000e+00
3.283200000000000007e-01,1.038000000000000034e-02,2.422109369898551787e-02,1.000000000000000000e+00
3.436600000000000210e-01,1.107999999999999957e-02,2.189949543505500737e-02,1.000000000000000000e+00
3.436600000000000210e-01,1.107999999999999957e-02,2.189949543505500737e-02,1.000000000000000000e+00
3.568299999999999805e-01,1.190000000000000085e-02,2.472875857039101219e-02,1.000000000000000000e+00
3.568299999999999805e-01,1.190000000000000085e-02,2.472875857039101219e-02,1.000000000000000000e+00
3.737300000000000066e-01,1.268000000000000030e-02,2.651049390086063565e-02,1.000000000000000000e+00
3.913800000000000057e-01,1.366000000000000027e-02,2.894389291343828566e-02,1.000000000000000000e+00
3.913800000000000057e-01,1.366000000000000027e-02,2.894389291343828566e-02,1.000000000000000000e+00
4.050300000000000011e-01,1.452999999999999951e-02,2.852293602429786107e-02,1.000000000000000000e+00
4.050300000000000011e-01,1.452999999999999951e-02,2.852293602429786107e-02,1.000000000000000000e+00
4.227099999999999747e-01,1.536000000000000039e-02,3.027303862735669301e-02,1.000000000000000000e+00
4.407200000000000006e-01,1.615000000000000116e-02,3.614720927246508481e-02,1.000000000000000000e+00
4.407200000000000006e-01,1.615000000000000116e-02,3.614720927246508481e-02,1.000000000000000000e+00
4.563800000000000079e-01,1.693000000000000060e-02,3.651931171084322331e-02,1.000000000000000000e+00
4.563800000000000079e-01,1.693000000000000060e-02,3.651931171084322331e-02,1.000000000000000000e+00
4.699499999999999789e-01,1.751000000000000126e-02,3.450831844473729176e-02,1.000000000000000000e+00
4.699499999999999789e-01,1.751000000000000126e-02,3.450831844473729176e-02,1.000000000000000000e+00
4.710400000000000142e-01,1.755999999999999922e-02,3.433110620674473257e-02,1.000000000000000000e+00
4.949100000000000166e-01,1.733000000000000165e-02,3.645502869848091243e-02,1.000000000000000000e+00
5.093499999999999694e-01,1.803000000000000089e-02,3.607803497153962147e-02,1.000000000000000000e+00
5.276899999999999924e-01,1.888000000000000095e-02,3.788767410072880343e-02,1.000000000000000000e+00
5.292999999999999927e-01,1.896000000000000116e-02,3.806182257366771959e-02,1.000000000000000000e+00
5.418800000000000283e-01,2.008000000000000063e-02,3.810117806000394569e-02,1.000000000000000000e+00
5.605900000000000327e-01,2.079999999999999905e-02,4.017543978091442369e-02,1.000000000000000000e+00
5.605900000000000327e-01,2.079999999999999905e-02,4.017543978091442369e-02,1.000000000000000000e+00
5.748900000000000121e-01,2.171000000000000013e-02,4.211574793101990899e-02,1.000000000000000000e+00
5.760199999999999765e-01,2.179000000000000034e-02,4.227133094296232213e-02,1.000000000000000000e+00
5.911899999999999933e-01,2.296000000000000124e-02,4.225606844496795217e-02,1.000000000000000000e+00
6.048700000000000188e-01,2.403999999999999887e-02,4.215551795986665490e-02,1.000000000000000000e+00
6.048700000000000188e-01,2.403999999999999887e-02,4.215551795986665490e-02,1.000000000000000000e+00
6.241799999999999571e-01,2.532999999999999835e-02,4.452728911642478415e-02,1.000000000000000000e+00
6.241799999999999571e-01,2.532999999999999835e-02,4.452728911642478415e-02,1.000000000000000000e+00
6.383799999999999475e-01,2.651999999999999844e-02,4.482116949994195687e-02,1.000000000000000000e+00
6.554100000000000481e-01,2.745999999999999830e-02,4.712524285861800777e-02,1.000000000000000000e+00
6.554100000000000481e-01,2.745999999999999830e-02,4.712524285861800777e-02,1.000000000000000000e+00
6.697800000000000420e-01,2.847999999999999837e-02,4.887091511583432218e-02,1.000000000000000000e+00
6.697800000000000420e-01,2.847999999999999837e-02,4.887091511583432218e-02,1.000000000000000000e+00
6.866299999999999626e-01,2.931999999999999884e-02,4.715007682986178256e-02,1.000000000000000000e+00
6.881099999999999994e-01,2.937999999999999987e-02,4.697512609565602376e-02,1.000000000000000000e+00
7.011600000000000055e-01,2.980000000000000010e-02,5.297677537377213502e-02,1.000000000000000000e+00
7.023700000000000498e-01,2.983999999999999847e-02,5.352619080288848613e-02,1.000000000000000000e+00
7.152399999999999869e-01,3.080000000000000099e-02,5.351384772872348761e-02,1.000000000000000000e+00
7.325300000000000145e-01,3.155000000000000165e-02,5.352882498750366480e-02,1.000000000000000000e+00
7.339900000000000313e-01,3.160999999999999921e-02,5.353028434191414026e-02,1.000000000000000000e+00
7.534300000000000441e-01,3.259999999999999704e-02,5.400044061891477731e-02,1.000000000000000000e+00
7.551999999999999824e-01,3.268999999999999684e-02,5.404360759277638399e-02,1.000000000000000000e+00
7.753400000000000292e-01,3.504000000000000170e-02,5.120441756132698696e-02,1.000000000000000000e+00
7.903900000000000370e-01,3.601000000000000034e-02,5.501280619455779092e-02,1.000000000000000000e+00
7.903900000000000370e-01,3.601000000000000034e-02,5.501280619455779092e-02,1.000000000000000000e+00
8.082700000000000440e-01,3.706999999999999879e-02,5.566719475744242446e-02,1.000000000000000000e+00
8.101199999999999513e-01,3.717999999999999777e-02,5.569476821957169282e-02,1.000000000000000000e+00
8.231300000000000283e-01,3.844999999999999807e-02,5.568416174019540782e-02,1.000000000000000000e+00
8.379400000000000182e-01,4.014000000000000207e-02,5.405235543378791169e-02,1.000000000000000000e+00
8.379400000000000182e-01,4.014000000000000207e-02,5.405235543378791169e-02,1.000000000000000000e+00
8.524599999999999955e-01,4.148999999999999910e-02,5.354997884455671431e-02,1.000000000000000000e+00
8.524599999999999955e-01,4.148999999999999910e-02,5.354997884455671431e-02,1.000000000000000000e+00
8.745100000000000096e-01,4.247999999999999693e-02,5.600188801417072676e-02,1.000000000000000000e+00
8.863999999999999657e-01,4.361000000000000293e-02,5.616336430187534451e-02,1.000000000000000000e+00
8.863999999999999657e-01,4.361000000000000293e-02,5.616336430187534451e-02,1.000000000000000000e+00
8.874900000000000011e-01,4.372000000000000192e-02,5.615531064945029904e-02,1.000000000000000000e+00
9.052200000000000246e-01,4.456999999999999851e-02,5.848718537347823154e-02,1.000000000000000000e+00
9.169800000000000173e-01,4.556000000000000327e-02,6.069634479885666761e-02,1.000000000000000000e+00
9.169800000000000173e-01,4.556000000000000327e-02,6.069634479885666761e-02,1.000000000000000000e+00
9.319800000000000306e-01,4.646000000000000130e-02,6.298686032053335548e-02,1.000000000000000000e+00
9.511600000000000055e-01,4.732999999999999707e-02,6.340657356876934492e-02,1.000000000000000000e+00
9.511600000000000055e-01,4.732999999999999707e-02,6.340657356876934492e-02,1.000000000000000000e+00
9.524899999999999478e-01,4.737999999999999851e-02,6.342326082240511143e-02,1.000000000000000000e+00
9.667999999999999927e-01,4.825999999999999734e-02,6.354130495374545051e-02,1.000000000000000000e+00
9.820999999999999730e-01,4.920999999999999680e-02,6.346925398098028637e-02,1.000000000000000000e+00
9.976099999999999968e-01,5.079000000000000181e-02,6.136227750765980982e-02,1.000000000000000000e+00
9.976099999999999968e-01,5.079000000000000181e-02,6.136227750765980982e-02,1.000000000000000000e+00
1.017260000000000053e+00,5.188000000000000250e-02,6.377136920694735644e-02,1.000000000000000000e+00
1.017260000000000053e+00,5.188000000000000250e-02,6.377136920694735644e-02,1.000000000000000000e+00
1.033020000000000049e+00,5.306000000000000300e-02,6.416545887952687655e-02,1.000000000000000000e+00
1.034569999999999990e+00,5.317999999999999811e-02,6.418620091402443828e-02,1.000000000000000000e+00
1.053060000000000107e+00,5.442000000000000309e-02,6.433578081815662097e-02,1.000000000000000000e+00
1.064969999999999972e+00,5.605000000000000260e-02,6.463435059387935555e-02,1.000000000000000000e+00
1.064969999999999972e+00,5.605000000000000260e-02,6.463435059387935555e-02,1.000000000000000000e+00
1.080039999999999889e+00,5.757999999999999924e-02,6.216666873291130935e-02,1.000000000000000000e+00
1.080039999999999889e+00,5.757999999999999924e-02,6.216666873291130935e-02,1.000000000000000000e+00
1.096179999999999932e+00,5.886000000000000260e-02,6.456324420885820037e-02,1.000000000000000000e+00
1.097760000000000069e+00,5.897999999999999771e-02,6.484021401026232589e-02,1.000000000000000000e+00
1.112619999999999942e+00,5.995000000000000329e-02,6.260329690310544037e-02,1.000000000000000000e+00
1.113920000000000021e+00,6.003000000000000003e-02,6.240866760217185505e-02,1.000000000000000000e+00
1.138239999999999919e+00,6.135999999999999788e-02,6.540848704038793038e-02,1.000000000000000000e+00
1.150689999999999991e+00,6.214999999999999691e-02,7.042939768393097211e-02,1.000000000000000000e+00
1.150689999999999991e+00,6.214999999999999691e-02,7.042939768393097211e-02,1.000000000000000000e+00
1.170989999999999975e+00,6.303999999999999881e-02,7.095651311354078672e-02,1.000000000000000000e+00
1.170989999999999975e+00,6.303999999999999881e-02,7.095651311354078672e-02,1.000000000000000000e+00
1.184350000000000014e+00,6.439999999999999891e-02,6.863691001649825651e-02,1.000000000000000000e+00
1.204879999999999951e+00,6.550000000000000266e-02,7.093633524662584788e-02,1.000000000000000000e+00
1.204879999999999951e+00,6.550000000000000266e-02,7.093633524662584788e-02,1.000000000000000000e+00
1.206879999999999953e+00,6.560000000000000553e-02,7.118872288025279715e-02,1.000000000000000000e+00
1.223870000000000013e+00,6.826999999999999735e-02,7.114115431537391954e-02,1.000000000000000000e+00
1.223870000000000013e+00,6.826999999999999735e-02,7.114115431537391954e-02,1.000000000000000000e+00
1.246180000000000065e+00,6.973999999999999644e-02,7.138963199610412480e-02,1.000000000000000000e+00
1.253560000000000008e+00,7.093000000000000693e-02,7.126704631400172796e-02,1.000000000000000000e+00
1.253560000000000008e+00,7.093000000000000693e-02,7.126704631400172796e-02,1.000000000000000000e+00
1.274569999999999981e+00,7.226000000000000478e-02,7.168363885830514315e-02,1.000000000000000000e+00
1.274569999999999981e+00,7.226000000000000478e-02,7.168363885830514315e-02,1.000000000000000000e+00
1.291500000000000092e+00,7.423000000000000431e-02,6.971352425393004260e-02,1.000000000000000000e+00
1.293409999999999949e+00,7.445999999999999841e-02,6.946099431358358778e-02,1.000000000000000000e+00
1.304200000000000026e+00,7.596999999999999587e-02,7.186200648494775467e-02,1.000000000000000000e+00
1.321460000000000079e+00,7.727000000000000535e-02,7.267542898637527338e-02,1.000000000000000000e+00
1.321460000000000079e+00,7.727000000000000535e-02,7.267542898637527338e-02,1.000000000000000000e+00
1.349679999999999991e+00,7.914999999999999813e-02,7.342696048242815243e-02,1.000000000000000000e+00
1.349679999999999991e+00,7.914999999999999813e-02,7.342696048242815243e-02,1.000000000000000000e+00
1.368139999999999912e+00,8.065999999999999559e-02,7.609612432309818819e-02,1.000000000000000000e+00
1.380929999999999991e+00,8.180999999999999384e-02,7.904956453266601124e-02,1.000000000000000000e+00
1.380929999999999991e+00,8.180999999999999384e-02,7.904956453266601124e-02,1.000000000000000000e+00
1.399259999999999948e+00,8.291999999999999371e-02,8.198653959355810261e-02,1.000000000000000000e+00
1.399259999999999948e+00,8.291999999999999371e-02,8.198653959355810261e-02,1.000000000000000000e+00
1.411580000000000057e+00,8.426000000000000156e-02,7.971450089690136631e-02,1.000000000000000000e+00
1.411580000000000057e+00,8.426000000000000156e-02,7.971450089690136631e-02,1.000000000000000000e+00
1.434660000000000046e+00,8.659000000000000030e-02,7.936494082768975888e-02,1.000000000000000000e+00
1.437300000000000022e+00,8.684999999999999665e-02,7.934992755803531306e-02,1.000000000000000000e+00
1.454309999999999992e+00,8.878999999999999393e-02,8.242041467754027129e-02,1.000000000000000000e+00
1.467109999999999914e+00,9.002999999999999892e-02,8.260488825945937197e-02,1.000000000000000000e+00
1.479510000000000103e+00,9.077999999999999958e-02,8.314635936233669145e-02,1.000000000000000000e+00
1.479510000000000103e+00,9.077999999999999958e-02,8.314635936233669145e-02,1.000000000000000000e+00
1.498040000000000038e+00,9.235000000000000153e-02,8.371637406104116830e-02,1.000000000000000000e+00
1.504690000000000083e+00,9.324000000000000343e-02,8.328497751420503581e-02,1.000000000000000000e+00
1.504690000000000083e+00,9.324000000000000343e-02,8.328497751420503581e-02,1.000000000000000000e+00
1.516229999999999967e+00,9.510000000000000397e-02,8.103009321180450197e-02,1.000000000000000000e+00
1.516229999999999967e+00,9.510000000000000397e-02,8.103009321180450197e-02,1.000000000000000000e+00
1.534399999999999986e+00,9.725000000000000311e-02,8.643821209049108722e-02,1.000000000000000000e+00
1.547779999999999934e+00,9.872999999999999832e-02,8.440085293508618747e-02,1.000000000000000000e+00
1.548550000000000093e+00,9.880999999999999506e-02,8.425204843711954494e-02,1.000000000000000000e+00
1.560230000000000006e+00,1.003099999999999964e-01,8.442154441662640119e-02,1.000000000000000000e+00
1.578670000000000018e+00,1.019700000000000051e-01,8.492352369042661941e-02,1.000000000000000000e+00
1.579930000000000057e+00,1.020800000000000041e-01,8.495938048857062941e-02,1.000000000000000000e+00
1.591970000000000107e+00,1.030999999999999972e-01,8.784122132386645854e-02,1.000000000000000000e+00
1.611820000000000030e+00,1.046900000000000053e-01,9.099265353767109488e-02,1.000000000000000000e+00
1.611820000000000030e+00,1.046900000000000053e-01,9.099265353767109488e-02,1.000000000000000000e+00
1.624549999999999939e+00,1.058999999999999941e-01,9.134824546728659289e-02,1.000000000000000000e+00
1.625459999999999905e+00,1.059800000000000048e-01,9.135996314057134859e-02,1.000000000000000000e+00
1.643710000000000004e+00,1.075900000000000051e-01,8.899468594114318121e-02,1.000000000000000000e+00
1.643710000000000004e+00,1.075900000000000051e-01,8.899468594114318121e-02,1.000000000000000000e+00
1.643710000000000004e+00,1.075900000000000051e-01,8.899468594114318121e-02,1.000000000000000000e+00
1.675159999999999982e+00,1.110700000000000021e-01,8.964399578403164925e-02,1.000000000000000000e+00
1.675159999999999982e+00,1.110700000000000021e-01,8.964399578403164925e-02,1.000000000000000000e+00
1.690190000000000081e+00,1.127500000000000030e-01,9.485152633038498871e-02,1.000000000000000000e+00
1.690190000000000081e+00,1.127500000000000030e-01,9.485152633038498871e-02,1.000000000000000000e+00
1.709629999999999983e+00,1.144000000000000017e-01,9.318326408458539600e-02,1.000000000000000000e+00
1.711610000000000076e+00,1.145599999999999952e-01,9.295425555035664866e-02,1.000000000000000000e+00
1.722930000000000073e+00,1.161699999999999955e-01,9.282544114730210960e-02,1.000000000000000000e+00
1.743120000000000003e+00,1.184599999999999959e-01,9.349195781061393762e-02,1.000000000000000000e+00
1.743120000000000003e+00,1.184599999999999959e-01,9.349195781061393762e-02,1.000000000000000000e+00
1.756080000000000085e+00,1.204400000000000054e-01,9.355530410410890785e-02,1.000000000000000000e+00
1.756080000000000085e+00,1.204400000000000054e-01,9.355530410410890785e-02,1.000000000000000000e+00
1.776540000000000008e+00,1.223299999999999943e-01,9.129797053775548510e-02,1.000000000000000000e+00
1.776540000000000008e+00,1.223299999999999943e-01,9.129797053775548510e-02,1.000000000000000000e+00
1.790850000000000053e+00,1.241099999999999981e-01,9.398986719185978278e-02,1.000000000000000000e+00
1.804019999999999957e+00,1.258299999999999974e-01,9.740450800868545589e-02,1.000000000000000000e+00
1.804019999999999957e+00,1.258299999999999974e-01,9.740450800868545589e-02,1.000000000000000000e+00
1.817579999999999973e+00,1.275499999999999967e-01,9.807637141611354192e-02,1.000000000000000000e+00
1.818750000000000089e+00,1.277000000000000079e-01,9.811256934024430165e-02,1.000000000000000000e+00
1.838389999999999969e+00,1.289500000000000091e-01,9.846072259929355974e-02,1.000000000000000000e+00
1.838389999999999969e+00,1.289500000000000091e-01,9.846072259929355974e-02,1.000000000000000000e+00
1.853029999999999955e+00,1.305699999999999916e-01,1.015140466963942584e-01,1.000000000000000000e+00
1.874160000000000048e+00,1.327599999999999891e-01,9.914059483527526417e-02,1.000000000000000000e+00
1.875999999999999890e+00,1.329500000000000126e-01,9.889107682083865536e-02,1.000000000000000000e+00
1.888470000000000093e+00,1.348699999999999899e-01,1.021714996836282224e-01,1.000000000000000000e+00
1.888470000000000093e+00,1.348699999999999899e-01,1.021714996836282224e-01,1.000000000000000000e+00
1.902409999999999934e+00,1.367299999999999904e-01,9.997323467476341985e-02,1.000000000000000000e+00
1.923859999999999904e+00,1.385299999999999865e-01,1.027635395881931479e-01,1.000000000000000000e+00
1.923859999999999904e+00,1.385299999999999865e-01,1.027635395881931479e-01,1.000000000000000000e+00
1.946169999999999956e+00,1.405700000000000005e-01,1.035404025263429728e-01,1.000000000000000000e+00
1.948309999999999986e+00,1.407700000000000062e-01,1.035927681354929936e-01,1.000000000000000000e+00
1.953019999999999978e+00,1.424199999999999910e-01,1.038629515847540735e-01,1.000000000000000000e+00
1.953019999999999978e+00,1.424199999999999910e-01,1.038629515847540735e-01,1.000000000000000000e+00
1.972409999999999997e+00,1.442900000000000016e-01,1.014208692046376786e-01,1.000000000000000000e+00
1.978239999999999998e+00,1.453200000000000047e-01,1.041045733013838681e-01,1.000000000000000000e+00
1.978239999999999998e+00,1.453200000000000047e-01,1.041045733013838681e-01,1.000000000000000000e+00
1.989630000000000010e+00,1.467400000000000093e-01,1.044672995910652658e-01,1.000000000000000000e+00
2.000459999999999905e+00,1.479300000000000059e-01,1.075872189594365425e-01,1.000000000000000000e+00
2.000459999999999905e+00,1.479300000000000059e-01,1.075872189594365425e-01,1.000000000000000000e+00
2.004340000000000011e+00,1.486300000000000121e-01,1.051300035372246811e-01,1.000000000000000000e+00
2.004340000000000011e+00,1.486300000000000121e-01,1.051300035372246811e-01,1.000000000000000000e+00
2.015109999999999957e+00,1.494999999999999940e-01,1.049879762285483159e-01,1.000000000000000000e+00
2.018559999999999910e+00,1.504500000000000004e-01,1.052147540866218284e-01,1.000000000000000000e+00
2.018559999999999910e+00,1.504500000000000004e-01,1.052147540866218284e-01,1.000000000000000000e+00
2.021020000000000039e+00,1.509199999999999986e-01,1.053038495704050892e-01,1.000000000000000000e+00
2.021020000000000039e+00,1.509199999999999986e-01,1.053038495704050892e-01,1.000000000000000000e+00
2.030790000000000095e+00,1.514399999999999913e-01,1.054381657416233881e-01,1.000000000000000000e+00
2.030790000000000095e+00,1.514399999999999913e-01,1.054381657416233881e-01,1.000000000000000000e+00
2.031690000000000218e+00,1.515499999999999903e-01,1.054481164976524832e-01,1.000000000000000000e+00
2.031989999999999963e+00,1.518899999999999972e-01,1.055261584293036847e-01,1.000000000000000000e+00
2.031989999999999963e+00,1.518899999999999972e-01,1.055261584293036847e-01,1.000000000000000000e+00
2.031960000000000210e+00,1.516200000000000048e-01,1.056772792061959759e-01,1.000000000000000000e+00
2.031960000000000210e+00,1.515900000000000025e-01,1.056910451370908777e-01,1.000000000000000000e+00
2.031629999999999825e+00,1.515400000000000080e-01,1.056807368001853181e-01,1.000000000000000000e+00
2.031439999999999912e+00,1.515100000000000058e-01,1.056745975416908817e-01,1.000000000000000000e+00
2.031439999999999912e+00,1.515100000000000058e-01,1.056745975416908817e-01,1.000000000000000000e+00
2.031419999999999781e+00,1.515100000000000058e-01,1.056740885855886047e-01,1.000000000000000000e+00
2.031419999999999781e+00,1.515100000000000058e-01,1.056740885855886047e-01,1.000000000000000000e+00
2.031859999999999999e+00,1.515400000000000080e-01,1.054799378952027827e-01,1.000000000000000000e+00
2.031519999999999992e+00,1.515900000000000025e-01,1.085791360013394768e-01,1.000000000000000000e+00
2.031519999999999992e+00,1.515900000000000025e-01,1.085791360013394768e-01,1.000000000000000000e+00
2.031489999999999796e+00,1.515900000000000025e-01,1.088922465258721772e-01,1.000000000000000000e+00
2.031489999999999796e+00,1.515900000000000025e-01,1.088922465258721772e-01,1.000000000000000000e+00
2.031489999999999796e+00,1.515900000000000025e-01,1.088922465258721772e-01,1.000000000000000000e+00
2.031519999999999992e+00,1.515199999999999880e-01,1.057749253112511834e-01,1.000000000000000000e+00
2.031519999999999992e+00,1.515199999999999880e-01,1.057749253112511834e-01,1.000000000000000000e+00
2.031509999999999927e+00,1.512900000000000078e-01,1.085321574277480633e-01,1.000000000000000000e+00
2.031509999999999927e+00,1.512900000000000078e-01,1.085321574277480633e-01,1.000000000000000000e+00
2.023289999999999811e+00,1.511399999999999966e-01,1.056671826529567287e-01,1.000000000000000000e+00
2.023080000000000211e+00,1.511699999999999988e-01,1.051563235608246466e-01,1.000000000000000000e+00
2.023080000000000211e+00,1.511699999999999988e-01,1.051563235608246466e-01,1.000000000000000000e+00
2.022530000000000161e+00,1.511399999999999966e-01,1.053312554081441837e-01,1.000000000000000000e+00
2.022530000000000161e+00,1.511399999999999966e-01,1.053312554081441837e-01,1.000000000000000000e+00
2.030670000000000197e+00,1.515499999999999903e-01,1.085744877987974144e-01,1.000000000000000000e+00
2.030670000000000197e+00,1.515499999999999903e-01,1.085744877987974144e-01,1.000000000000000000e+00
2.023229999999999862e+00,1.511699999999999988e-01,1.056475297155343857e-01,1.000000000000000000e+00
7.100000000000000191e-04,-1.000000000000000048e-04,0.000000000000000000e+00,1.000000000000000000e+00
-4.299999999999999894e-04,-2.000000000000000164e-05,-1.417295180261770736e-04,1.000000000000000000e+00
-4.299999999999999894e-04,-2.000000000000000164e-05,-1.417295180261770736e-04,1.000000000000000000e+00
-5.400000000000000069e-04,-1.000000000000000082e-05,-1.430289097652966395e-04,1.000000000000000000e+00
-4.000000000000000192e-04,2.400000000000000061e-04,-1.716359439913005529e-04,1.000000000000000000e+00
-7.100000000000000191e-04,1.000000000000000048e-04,-2.705137122874037587e-04,1.000000000000000000e+00
-4.899999999999999842e-04,-2.000000000000000164e-05,1.107168280424909810e-03,1.000000000000000000e+00
-4.899999999999999842e-04,-2.000000000000000164e-05,1.107168280424909810e-03,1.000000000000000000e+00
5.800000000000000034e-04,-9.000000000000000567e-05,3.200700928191109809e-03,1.000000000000000000e+00
5.800000000000000034e-04,-9.000000000000000567e-05,3.200700928191109809e-03,1.000000000000000000e+00
3.899999999999999821e-03,-0.000000000000000000e+00,3.140293809471089281e-03,1.000000000000000000e+00
4.210000000000000200e-03,0.000000000000000000e+00,3.118213992868092751e-03,1.000000000000000000e+00
7.029999999999999791e-03,-1.000000000000000082e-05,4.270976578696385195e-03,1.000000000000000000e+00
1.472000000000000045e-02,8.000000000000000654e-05,5.665592186317986757e-03,1.000000000000000000e+00
1.472000000000000045e-02,8.000000000000000654e-05,5.665592186317986757e-03,1.000000000000000000e+00
2.809999999999999998e-02,8.499999999999999526e-04,7.085448111474061152e-03,1.000000000000000000e+00
2.809999999999999998e-02,8.499999999999999526e-04,7.085448111474061152e-03,1.000000000000000000e+00
2.809999999999999998e-02,8.499999999999999526e-04,7.085448111474061152e-03,1.000000000000000000e+00
2.809999999999999998e-02,8.499999999999999526e-04,7.085448111474061152e-03,1.000000000000000000e+00
4.805999999999999855e-02,1.229999999999999974e-03,6.757189617500635945e-03,1.000000000000000000e+00
5.897000000000000158e-02,1.090000000000000040e-03,1.095349678013692041e-02,1.000000000000000000e+00
5.897000000000000158e-02,1.090000000000000040e-03,1.095349678013692041e-02,1.000000000000000000e+00
7.230000000000000315e-02,9.799999999999999684e-04,9.829381121068188343e-03,1.000000000000000000e+00
7.230000000000000315e-02,9.799999999999999684e-04,9.829381121068188343e-03,1.000000000000000000e+00
8.110000000000000542e-02,1.420000000000000038e-03,1.351347791798496178e-02,1.000000000000000000e+00
8.198999999999999344e-02,1.469999999999999953e-03,1.394495139549069979e-02,1.000000000000000000e+00
9.726999999999999535e-02,1.690000000000000096e-03,1.250983672431950529e-02,1.000000000000000000e+00
1.106899999999999967e-01,2.160000000000000028e-03,1.227720265741378929e-02,1.000000000000000000e+00
1.106899999999999967e-01,2.160000000000000028e-03,1.227720265741378929e-02,1.000000000000000000e+00
1.252399999999999902e-01,2.560000000000000209e-03,1.239633252495905488e-02,1.000000000000000000e+00
1.252399999999999902e-01,2.560000000000000209e-03,1.239633252495905488e-02,1.000000000000000000e+00
1.397599999999999953e-01,2.899999999999999800e-03,1.056089896157516583e-02,1.000000000000000000e+00
1.409700000000000120e-01,2.929999999999999879e-03,1.039407449259836975e-02,1.000000000000000000e+00
1.534000000000000086e-01,3.279999999999999930e-03,1.344365205391109819e-02,1.000000000000000000e+00
1.667099999999999971e-01,3.969999999999999571e-03,1.341795694590927970e-02,1.000000000000000000e+00
1.667099999999999971e-01,3.969999999999999571e-03,1.341795694590927970e-02,1.000000000000000000e+00
1.820400000000000074e-01,4.629999999999999567e-03,1.152643815589033532e-02,1.000000000000000000e+00
1.820400000000000074e-01,4.629999999999999567e-03,1.152643815589033532e-02,1.000000000000000000e+00
1.992899999999999949e-01,5.300000000000000024e-03,1.126913774328586193e-02,1.000000000000000000e+00
1.992899999999999949e-01,5.300000000000000024e-03,1.126913774328586193e-02,1.000000000000000000e+00
2.222099999999999909e-01,5.610000000000000403e-03,1.820175920872992709e-02,1.000000000000000000e+00
2.372499999999999887e-01,6.219999999999999835e-03,2.021428613445143754e-02,1.000000000000000000e+00
2.372499999999999887e-01,6.219999999999999835e-03,2.021428613445143754e-02,1.000000000000000000e+00
2.518199999999999883e-01,6.669999999999999714e-03,2.238089851766034491e-02,1.000000000000000000e+00
2.518199999999999883e-01,6.669999999999999714e-03,2.238089851766034491e-02,1.000000000000000000e+00
2.677399999999999780e-01,6.969999999999999633e-03,2.412532769799234644e-02,1.000000000000000000e+00
2.692300000000000249e-01,7.000000000000000146e-03,2.428431615422249959e-02,1.000000000000000000e+00
2.826299999999999923e-01,6.919999999999999936e-03,2.072681597410886908e-02,1.000000000000000000e+00
3.069200000000000261e-01,8.049999999999999864e-03,2.089486279469020616e-02,1.000000000000000000e+00
3.069200000000000261e-01,8.049999999999999864e-03,2.089486279469020616e-02,1.000000000000000000e+00
3.244799999999999907e-01,8.540000000000000716e-03,2.098399729756462995e-02,1.000000000000000000e+00
3.244799999999999907e-01,8.540000000000000716e-03,2.098399729756462995e-02,1.000000000000000000e+00
3.395900000000000030e-01,9.079999999999999530e-03,1.727959765764377348e-02,1.000000000000000000e+00
3.565400000000000236e-01,9.419999999999999554e-03,1.684809100471753793e-02,1.000000000000000000e+00
3.565400000000000236e-01,9.419999999999999554e-03,1.684809100471753793e-02,1.000000000000000000e+00
3.718600000000000239e-01,1.003000000000000072e-02,1.676282331407694462e-02,1.000000000000000000e+00
3.718600000000000239e-01,1.003000000000000072e-02,1.676282331407694462e-02,1.000000000000000000e+00
3.871700000000000141e-01,1.067000000000000066e-02,1.987834343301448162e-02,1.000000000000000000e+00
3.871700000000000141e-01,1.067000000000000066e-02,1.987834343301448162e-02,1.000000000000000000e+00
4.022100000000000120e-01,1.128999999999999969e-02,2.028785897057243728e-02,1.000000000000000000e+00
4.035900000000000043e-01,1.135000000000000071e-02,2.029947751511176207e-02,1.000000000000000000e+00
4.175099999999999922e-01,1.209000000000000005e-02,1.997422709346747746e-02,1.000000000000000000e+00
4.352300000000000058e-01,1.284000000000000072e-02,2.023039058320492967e-02,1.000000000000000000e+00
4.352300000000000058e-01,1.284000000000000072e-02,2.023039058320492967e-02,1.000000000000000000e+00
4.371200000000000085e-01,1.290999999999999960e-02,2.026629797266561034e-02,1.000000000000000000e+00
4.534400000000000097e-01,1.353999999999999995e-02,2.364649375522491145e-02,1.000000000000000000e+00
4.693599999999999994e-01,1.435999999999999950e-02,2.439924922368578303e-02,1.000000000000000000e+00
4.693599999999999994e-01,1.435999999999999950e-02,2.439924922368578303e-02,1.000000000000000000e+00
4.827199999999999824e-01,1.468999999999999993e-02,2.207551610274981202e-02,1.000000000000000000e+00
4.827199999999999824e-01,1.468999999999999993e-02,2.207551610274981202e-02,1.000000000000000000e+00
5.052600000000000424e-01,1.413999999999999979e-02,2.377415789234141666e-02,1.000000000000000000e+00
5.219599999999999795e-01,1.431999999999999940e-02,2.171664124642629090e-02,1.000000000000000000e+00
5.219599999999999795e-01,1.431999999999999940e-02,2.171664124642629090e-02,1.000000000000000000e+00
5.380599999999999827e-01,1.488000000000000086e-02,2.146865716711699942e-02,1.000000000000000000e+00
5.380599999999999827e-01,1.488000000000000086e-02,2.146865716711699942e-02,1.000000000000000000e+00
5.519500000000000517e-01,1.559999999999999928e-02,2.124417043017719220e-02,1.000000000000000000e+00
5.530399999999999761e-01,1.565000000000000072e-02,2.122446547153677976e-02,1.000000000000000000e+00
5.754500000000000171e-01,1.676000000000000059e-02,2.287196897050468303e-02,1.000000000000000000e+00
5.922600000000000087e-01,1.769000000000000086e-02,2.304439189055819057e-02,1.000000000000000000e+00
5.922600000000000087e-01,1.769000000000000086e-02,2.304439189055819057e-02,1.000000000000000000e+00
6.087099999999999733e-01,1.813999999999999987e-02,2.471476737250064698e-02,1.000000000000000000e+00
6.087099999999999733e-01,1.813999999999999987e-02,2.471476737250064698e-02,1.000000000000000000e+00
6.250200000000000200e-01,1.898999999999999994e-02,2.509433527446397125e-02,1.000000000000000000e+00
6.250200000000000200e-01,1.898999999999999994e-02,2.509433527446397125e-02,1.000000000000000000e+00
6.391299999999999759e-01,1.992999999999999980e-02,2.517421501426271926e-02,1.000000000000000000e+00
6.585299999999999487e-01,2.069000000000000006e-02,2.332994254801182971e-02,1.000000000000000000e+00
6.585299999999999487e-01,2.069000000000000006e-02,2.332994254801182971e-02,1.000000000000000000e+00
6.727800000000000447e-01,2.137000000000000011e-02,2.709286727152285593e-02,1.000000000000000000e+00
6.727800000000000447e-01,2.137000000000000011e-02,2.709286727152285593e-02,1.000000000000000000e+00
6.897999999999999687e-01,2.215999999999999914e-02,2.541871118741987484e-02,1.000000000000000000e+00
6.910699999999999621e-01,2.221000000000000058e-02,2.525207047831844534e-02,1.000000000000000000e+00
7.041600000000000081e-01,2.270000000000000143e-02,2.700486371390762100e-02,1.000000000000000000e+00
7.183000000000000496e-01,2.314000000000000085e-02,2.933013951470207770e-02,1.000000000000000000e+00
7.183000000000000496e-01,2.314000000000000085e-02,2.933013951470207770e-02,1.000000000000000000e+00
7.352800000000000447e-01,2.340000000000000066e-02,2.904883623131960385e-02,1.000000000000000000e+00
7.368500000000000050e-01,2.341999999999999985e-02,2.900355872398651183e-02,1.000000000000000000e+00
7.498200000000000420e-01,2.333999999999999964e-02,2.865813784092450731e-02,1.000000000000000000e+00
7.705600000000000227e-01,2.380000000000000171e-02,2.679278484117257261e-02,1.000000000000000000e+00
7.705600000000000227e-01,2.380000000000000171e-02,2.679278484117257261e-02,1.000000000000000000e+00
7.822500000000000009e-01,2.469000000000000014e-02,2.638510483997258405e-02,1.000000000000000000e+00
7.962700000000000333e-01,2.535000000000000100e-02,2.414338470302758444e-02,1.000000000000000000e+00
7.962700000000000333e-01,2.535000000000000100e-02,2.414338470302758444e-02,1.000000000000000000e+00
8.142099999999999893e-01,2.587000000000000063e-02,2.594914882502408204e-02,1.000000000000000000e+00
8.142099999999999893e-01,2.587000000000000063e-02,2.594914882502408204e-02,1.000000000000000000e+00
8.291500000000000536e-01,2.633999999999999883e-02,2.605201097241351127e-02,1.000000000000000000e+00
8.302199999999999580e-01,2.638000000000000067e-02,2.604707831918463140e-02,1.000000000000000000e+00
8.437700000000000200e-01,2.697000000000000092e-02,2.395417766553685490e-02,1.000000000000000000e+00
8.616000000000000325e-01,2.796999999999999834e-02,2.377138111185477659e-02,1.000000000000000000e+00
8.616000000000000325e-01,2.796999999999999834e-02,2.377138111185477659e-02,1.000000000000000000e+00
8.804600000000000204e-01,2.901000000000000106e-02,2.376193071105888246e-02,1.000000000000000000e+00
8.804600000000000204e-01,2.901000000000000106e-02,2.376193071105888246e-02,1.000000000000000000e+00
8.918399999999999661e-01,2.954000000000000029e-02,2.553608504635201254e-02,1.000000000000000000e+00
9.143400000000000416e-01,3.019000000000000156e-02,2.802992003250419709e-02,1.000000000000000000e+00
9.143400000000000416e-01,3.019000000000000156e-02,2.802992003250419709e-02,1.000000000000000000e+00
9.263900000000000468e-01,3.042999999999999872e-02,2.809800907963977065e-02,1.000000000000000000e+00
9.272399999999999531e-01,3.043999999999999831e-02,2.808822895623032043e-02,1.000000000000000000e+00
9.450800000000000312e-01,3.101999999999999896e-02,3.034031672999110141e-02,1.000000000000000000e+00
9.572199999999999598e-01,3.146000000000000185e-02,3.032438106548390744e-02,1.000000000000000000e+00
9.572199999999999598e-01,3.146000000000000185e-02,3.032438106548390744e-02,1.000000000000000000e+00
9.722499999999999476e-01,3.144000000000000267e-02,3.011997565237880745e-02,1.000000000000000000e+00
9.733899999999999775e-01,3.144000000000000267e-02,3.010471669683426402e-02,1.000000000000000000e+00
9.875899999999999679e-01,3.189999999999999780e-02,2.743828023753932741e-02,1.000000000000000000e+00
1.003120000000000012e+00,3.228000000000000314e-02,2.963171498988820957e-02,1.000000000000000000e+00
1.003120000000000012e+00,3.228000000000000314e-02,2.963171498988820957e-02,1.000000000000000000e+00
1.022319999999999895e+00,3.309000000000000136e-02,2.765845305096723689e-02,1.000000000000000000e+00
1.038240000000000052e+00,3.364999999999999936e-02,2.721207164267118450e-02,1.000000000000000000e+00
1.038240000000000052e+00,3.364999999999999936e-02,2.721207164267118450e-02,1.000000000000000000e+00
1.054100000000000037e+00,3.407000000000000306e-02,2.713598888013373650e-02,1.000000000000000000e+00
1.054100000000000037e+00,3.407000000000000306e-02,2.713598888013373650e-02,1.000000000000000000e+00
1.069809999999999928e+00,3.472000000000000086e-02,2.714640273923623476e-02,1.000000000000000000e+00
1.089849999999999985e+00,3.572000000000000175e-02,2.502746840996496192e-02,1.000000000000000000e+00
1.089849999999999985e+00,3.572000000000000175e-02,2.502746840996496192e-02,1.000000000000000000e+00
1.106530000000000014e+00,3.665999999999999814e-02,2.458762485311314153e-02,1.000000000000000000e+00
1.106530000000000014e+00,3.665999999999999814e-02,2.458762485311314153e-02,1.000000000000000000e+00
1.106530000000000014e+00,3.665999999999999814e-02,2.458762485311314153e-02,1.000000000000000000e+00
1.122489999999999988e+00,3.710000000000000103e-02,2.465597808805548852e-02,1.000000000000000000e+00
1.134309999999999929e+00,3.778000000000000108e-02,2.215052274175399391e-02,1.000000000000000000e+00
1.150800000000000045e+00,3.808999999999999886e-02,2.662233369742000866e-02,1.000000000000000000e+00
1.150800000000000045e+00,3.808999999999999886e-02,2.662233369742000866e-02,1.000000000000000000e+00
1.167040000000000077e+00,3.878000000000000197e-02,2.478739064807410422e-02,1.000000000000000000e+00
1.188660000000000050e+00,3.894999999999999851e-02,2.683737591664734842e-02,1.000000000000000000e+00
1.188660000000000050e+00,3.894999999999999851e-02,2.683737591664734842e-02,1.000000000000000000e+00
1.201540000000000052e+00,3.887999999999999790e-02,2.886043165511163397e-02,1.000000000000000000e+00
1.201540000000000052e+00,3.887999999999999790e-02,2.886043165511163397e-02,1.000000000000000000e+00
1.217530000000000001e+00,3.941000000000000059e-02,2.665674827063624353e-02,1.000000000000000000e+00
1.229959999999999942e+00,3.973999999999999755e-02,2.866033827157354191e-02,1.000000000000000000e+00
1.229959999999999942e+00,3.973999999999999755e-02,2.866033827157354191e-02,1.000000000000000000e+00
1.229959999999999942e+00,3.973999999999999755e-02,2.866033827157354191e-02,1.000000000000000000e+00
1.229959999999999942e+00,3.973999999999999755e-02,2.866033827157354191e-02,1.000000000000000000e+00
1.262999999999999901e+00,4.102999999999999703e-02,2.379276831123792665e-02,1.000000000000000000e+00
1.275470000000000104e+00,4.175999999999999851e-02,2.339102426402969032e-02,1.000000000000000000e+00
1.275470000000000104e+00,4.175999999999999851e-02,2.339102426402969032e-02,1.000000000000000000e+00
1.292350000000000110e+00,4.222999999999999671e-02,2.588196390649189285e-02,1.000000000000000000e+00
1.292350000000000110e+00,4.222999999999999671e-02,2.588196390649189285e-02,1.000000000000000000e+00
1.293600000000000083e+00,4.225999999999999895e-02,2.607854626456663008e-02,1.000000000000000000e+00
1.293600000000000083e+00,4.225999999999999895e-02,2.607854626456663008e-02,1.000000000000000000e+00
1.293600000000000083e+00,4.225999999999999895e-02,2.607854626456663008e-02,1.000000000000000000e+00
1.349129999999999940e+00,4.476000000000000117e-02,2.338936992600345807e-02,1.000000000000000000e+00
1.351099999999999968e+00,4.487000000000000016e-02,2.341228461135333797e-02,1.000000000000000000e+00
1.357369999999999965e+00,4.558000000000000246e-02,2.588111840155855187e-02,1.000000000000000000e+00
1.357890000000000041e+00,4.564000000000000001e-02,2.608633463424429866e-02,1.000000000000000000e+00
1.357890000000000041e+00,4.564000000000000001e-02,2.608633463424429866e-02,1.000000000000000000e+00
1.393010000000000081e+00,4.639000000000000068e-02,2.592155380782886626e-02,1.000000000000000000e+00
1.393880000000000008e+00,4.640999999999999986e-02,2.589199264194374378e-02,1.000000000000000000e+00
1.405410000000000048e+00,4.689999999999999725e-02,2.813406326896372017e-02,1.000000000000000000e+00
1.428600000000000092e+00,4.698999999999999705e-02,3.106892273323902040e-02,1.000000000000000000e+00
1.428600000000000092e+00,4.698999999999999705e-02,3.106892273323902040e-02,1.000000000000000000e+00
1.441950000000000065e+00,4.739000000000000157e-02,2.846869900392833691e-02,1.000000000000000000e+00
1.442890000000000006e+00,4.741999999999999688e-02,2.823850346663276528e-02,1.000000000000000000e+00
1.459319999999999951e+00,4.794999999999999957e-02,2.548269223988433932e-02,1.000000000000000000e+00
1.472290000000000099e+00,4.852999999999999675e-02,2.527366497587770974e-02,1.000000000000000000e+00
1.472290000000000099e+00,4.852999999999999675e-02,2.527366497587770974e-02,1.000000000000000000e+00
1.473300000000000054e+00,4.857999999999999818e-02,2.527391099182670076e-02,1.000000000000000000e+00
1.508539999999999992e+00,4.995000000000000134e-02,2.572857796507327030e-02,1.000000000000000000e+00
1.508539999999999992e+00,4.995000000000000134e-02,2.572857796507327030e-02,1.000000000000000000e+00
1.516100000000000003e+00,5.034999999999999892e-02,2.508549599067958977e-02,1.000000000000000000e+00
1.516100000000000003e+00,5.034999999999999892e-02,2.508549599067958977e-02,1.000000000000000000e+00
1.534450000000000092e+00,5.131999999999999756e-02,2.768849293963548952e-02,1.000000000000000000e+00
1.552780000000000049e+00,5.219000000000000028e-02,2.530596962624448790e-02,1.000000000000000000e+00
1.552780000000000049e+00,5.219000000000000028e-02,2.530596962624448790e-02,1.000000000000000000e+00
1.565439999999999943e+00,5.292000000000000176e-02,2.505381601999467564e-02,1.000000000000000000e+00
1.566429999999999989e+00,5.297999999999999932e-02,2.504915517231131455e-02,1.000000000000000000e+00
1.584070000000000089e+00,5.399000000000000327e-02,2.517032070131772908e-02,1.000000000000000000e+00
1.598170000000000091e+00,5.455000000000000127e-02,2.789014409914227291e-02,1.000000000000000000e+00
1.598170000000000091e+00,5.455000000000000127e-02,2.789014409914227291e-02,1.000000000000000000e+00
1.617340000000000000e+00,5.494000000000000272e-02,2.800318440411981441e-02,1.000000000000000000e+00
1.617340000000000000e+00,5.494000000000000272e-02,2.800318440411981441e-02,1.000000000000000000e+00
1.630160000000000053e+00,5.537000000000000255e-02,2.787748747459110193e-02,1.000000000000000000e+00
1.631299999999999972e+00,5.541000000000000092e-02,2.786545349709655672e-02,1.000000000000000000e+00
1.650309999999999944e+00,5.534000000000000030e-02,2.773561930715548463e-02,1.000000000000000000e+00
1.663650000000000073e+00,5.585999999999999993e-02,2.772512293270794348e-02,1.000000000000000000e+00
1.663650000000000073e+00,5.585999999999999993e-02,2.772512293270794348e-02,1.000000000000000000e+00
1.683380000000000098e+00,5.664000000000000284e-02,2.743847970516880355e-02,1.000000000000000000e+00
1.684749999999999970e+00,5.670000000000000040e-02,2.741758476644362910e-02,1.000000000000000000e+00
1.696679999999999966e+00,5.709000000000000186e-02,2.745975208093569611e-02,1.000000000000000000e+00
1.697659999999999947e+00,5.711999999999999716e-02,2.746327729372684961e-02,1.000000000000000000e+00
1.709510000000000085e+00,5.763000000000000067e-02,2.744947819588285445e-02,1.000000000000000000e+00
1.729270000000000085e+00,5.870000000000000218e-02,2.466896301349168208e-02,1.000000000000000000e+00
1.730830000000000091e+00,5.877000000000000279e-02,2.443476235821444645e-02,1.000000000000000000e+00
1.743980000000000086e+00,5.927999999999999936e-02,3.003259329186986487e-02,1.000000000000000000e+00
1.755910000000000082e+00,5.983999999999999736e-02,2.469138769231268155e-02,1.000000000000000000e+00
1.755910000000000082e+00,5.983999999999999736e-02,2.469138769231268155e-02,1.000000000000000000e+00
1.756869999999999932e+00,5.988000000000000267e-02,2.418976399606849112e-02,1.000000000000000000e+00
1.776149999999999896e+00,6.056000000000000272e-02,2.670791537922420980e-02,1.000000000000000000e+00
1.789439999999999920e+00,6.135999999999999788e-02,2.413098763278651027e-02,1.000000000000000000e+00
1.789439999999999920e+00,6.135999999999999788e-02,2.413098763278651027e-02,1.000000000000000000e+00
1.803290000000000060e+00,6.242999999999999938e-02,2.665995639348288024e-02,1.000000000000000000e+00
1.824179999999999913e+00,6.289999999999999758e-02,2.718801044083333368e-02,1.000000000000000000e+00
1.824179999999999913e+00,6.289999999999999758e-02,2.718801044083333368e-02,1.000000000000000000e+00
1.838449999999999918e+00,6.345000000000000639e-02,2.683349231108409991e-02,1.000000000000000000e+00
1.838449999999999918e+00,6.345000000000000639e-02,2.683349231108409991e-02,1.000000000000000000e+00
1.852419999999999956e+00,6.382000000000000173e-02,2.968266814101454959e-02,1.000000000000000000e+00
1.852419999999999956e+00,6.382000000000000173e-02,2.968266814101454959e-02,1.000000000000000000e+00
1.866840000000000055e+00,6.408999999999999420e-02,2.969588873327396600e-02,1.000000000000000000e+00
1.866840000000000055e+00,6.408999999999999420e-02,2.969588873327396600e-02,1.000000000000000000e+00
1.888069999999999915e+00,6.443999999999999728e-02,2.971677037831494533e-02,1.000000000000000000e+00
1.910500000000000087e+00,6.475000000000000200e-02,2.652884224126690269e-02,1.000000000000000000e+00
1.910500000000000087e+00,6.475000000000000200e-02,2.652884224126690269e-02,1.000000000000000000e+00
1.924390000000000045e+00,6.543000000000000205e-02,2.636198957446789920e-02,1.000000000000000000e+00
1.924390000000000045e+00,6.543000000000000205e-02,2.636198957446789920e-02,1.000000000000000000e+00
1.938690000000000024e+00,6.607000000000000373e-02,2.904428627031442958e-02,1.000000000000000000e+00
1.960679999999999978e+00,6.676999999999999602e-02,2.955819445975697152e-02,1.000000000000000000e+00
1.960679999999999978e+00,6.676999999999999602e-02,2.955819445975697152e-02,1.000000000000000000e+00
1.975440000000000085e+00,6.747999999999999832e-02,2.949483231922885376e-02,1.000000000000000000e+00
1.975440000000000085e+00,6.747999999999999832e-02,2.949483231922885376e-02,1.000000000000000000e+00
1.988779999999999992e+00,6.808000000000000163e-02,2.642986297310132709e-02,1.000000000000000000e+00
2.001669999999999838e+00,6.868000000000000493e-02,2.608644270159287196e-02,1.000000000000000000e+00
2.001669999999999838e+00,6.868000000000000493e-02,2.608644270159287196e-02,1.000000000000000000e+00
2.014250000000000096e+00,6.907000000000000639e-02,2.598108916120579759e-02,1.000000000000000000e+00
2.014250000000000096e+00,6.907000000000000639e-02,2.598108916120579759e-02,1.000000000000000000e+00
2.018699999999999939e+00,6.962000000000000133e-02,2.601210375516888398e-02,1.000000000000000000e+00
2.038190000000000168e+00,6.986000000000000543e-02,2.890125276003250795e-02,1.000000000000000000e+00
2.038190000000000168e+00,6.986000000000000543e-02,2.890125276003250795e-02,1.000000000000000000e+00
2.034619999999999873e+00,6.988999999999999380e-02,2.916788942392564005e-02,1.000000000000000000e+00
2.034619999999999873e+00,6.988999999999999380e-02,2.916788942392564005e-02,1.000000000000000000e+00
2.044729999999999936e+00,7.011000000000000565e-02,2.905901910250546782e-02,1.000000000000000000e+00
2.045710000000000139e+00,7.012999999999999790e-02,2.904891620551544595e-02,1.000000000000000000e+00
2.055369999999999919e+00,7.051000000000000323e-02,2.597783400244832105e-02,1.000000000000000000e+00
2.058699999999999974e+00,7.049999999999999323e-02,2.889081160599646023e-02,1.000000000000000000e+00
2.058699999999999974e+00,7.049999999999999323e-02,2.889081160599646023e-02,1.000000000000000000e+00
2.068160000000000220e+00,7.074999999999999345e-02,2.619769650404698766e-02,1.000000000000000000e+00
2.068160000000000220e+00,7.074999999999999345e-02,2.619769650404698766e-02,1.000000000000000000e+00
2.061119999999999841e+00,7.069000000000000283e-02,2.599146708397028979e-02,1.000000000000000000e+00
2.069280000000000008e+00,7.081999999999999407e-02,2.613301491723681730e-02,1.000000000000000000e+00
2.069280000000000008e+00,7.081999999999999407e-02,2.613301491723681730e-02,1.000000000000000000e+00
2.070329999999999782e+00,7.088999999999999468e-02,2.889028878622385346e-02,1.000000000000000000e+00
2.070329999999999782e+00,7.088999999999999468e-02,2.889028878622385346e-02,1.000000000000000000e+00
2.069739999999999913e+00,7.087000000000000244e-02,2.916774155996919998e-02,1.000000000000000000e+00
2.068950000000000067e+00,7.076999999999999957e-02,2.639148525650483745e-02,1.000000000000000000e+00
2.068950000000000067e+00,7.076999999999999957e-02,2.639148525650483745e-02,1.000000000000000000e+00
2.061030000000000140e+00,7.086000000000000631e-02,2.903130090439202601e-02,1.000000000000000000e+00
2.061030000000000140e+00,7.086000000000000631e-02,2.903130090439202601e-02,1.000000000000000000e+00
2.059790000000000010e+00,7.063999999999999446e-02,2.628808540204815095e-02,1.000000000000000000e+00
2.059750000000000192e+00,7.062000000000000222e-02,2.598354750455962939e-02,1.000000000000000000e+00
2.060760000000000147e+00,7.086000000000000631e-02,2.903874192281414440e-02,1.000000000000000000e+00
2.060490000000000155e+00,7.094999999999999918e-02,2.634709683146299608e-02,1.000000000000000000e+00
2.060490000000000155e+00,7.094999999999999918e-02,2.634709683146299608e-02,1.000000000000000000e+00
2.068750000000000089e+00,7.087000000000000244e-02,2.907207319268837256e-02,1.000000000000000000e+00
2.068750000000000089e+00,7.087000000000000244e-02,2.907207319268837256e-02,1.000000000000000000e+00
2.068750000000000089e+00,7.087000000000000244e-02,2.907207319268837256e-02,1.000000000000000000e+00
2.059750000000000192e+00,7.062000000000000222e-02,2.598354750455962939e-02,1.000000000000000000e+00
2.068719999999999892e+00,7.083000000000000407e-02,2.890906424874421787e-02,1.000000000000000000e+00
2.061230000000000118e+00,7.072000000000000508e-02,2.902866920441179999e-02,1.000000000000000000e+00
2.061230000000000118e+00,7.072000000000000508e-02,2.902866920441179999e-02,1.000000000000000000e+00
2.059899999999999842e+00,7.093000000000000693e-02,2.609271538740710189e-02,1.000000000000000000e+00
2.059899999999999842e+00,7.093000000000000693e-02,2.609271538740710189e-02,1.000000000000000000e+00
2.059860000000000024e+00,7.094999999999999918e-02,2.586449770876400600e-02,1.000000000000000000e+00
2.059880000000000155e+00,7.062999999999999834e-02,2.578982191186500461e-02,1.000000000000000000e+00
2.059919999999999973e+00,7.063999999999999446e-02,2.597449410888840945e-02,1.000000000000000000e+00
2.060719999999999885e+00,7.086000000000000631e-02,2.889317855377080899e-02,1.000000000000000000e+00
-4.600000000000000139e-04,1.200000000000000030e-04,0.000000000000000000e+00,1.000000000000000000e+00
-4.600000000000000139e-04,1.200000000000000030e-04,0.000000000000000000e+00,1.000000000000000000e+00
-6.199999999999999999e-04,5.000000000000000240e-05,-2.069560789547292582e-04,1.000000000000000000e+00
-6.199999999999999999e-04,5.000000000000000240e-05,-2.069560789547292582e-04,1.000000000000000000e+00
-6.899999999999999667e-04,-6.999999999999999387e-05,1.146659134503119539e-03,1.000000000000000000e+00
4.499999999999999877e-04,-2.000000000000000096e-04,1.299403937682384836e-03,1.000000000000000000e+00
4.499999999999999877e-04,-2.000000000000000096e-04,1.299403937682384836e-03,1.000000000000000000e+00
-4.200000000000000174e-04,2.000000000000000164e-05,-2.971213665094753469e-04,1.000000000000000000e+00
-4.200000000000000174e-04,2.000000000000000164e-05,-2.971213665094753469e-04,1.000000000000000000e+00
-6.199999999999999999e-04,-2.000000000000000164e-05,-4.296757368397085197e-04,1.000000000000000000e+00
-6.199999999999999999e-04,-2.000000000000000164e-05,-4.296757368397085197e-04,1.000000000000000000e+00
-4.899999999999999842e-04,-3.000000000000000076e-05,-4.095043560159041364e-04,1.000000000000000000e+00
-4.899999999999999842e-04,-3.000000000000000076e-05,-4.095043560159041364e-04,1.000000000000000000e+00
5.999999999999999474e-04,-1.800000000000000113e-04,1.171349477383521950e-03,1.000000000000000000e+00
-5.199999999999999544e-04,1.000000000000000048e-04,-2.040386517600649994e-04,1.000000000000000000e+00
-5.199999999999999544e-04,1.000000000000000048e-04,-2.040386517600649994e-04,1.000000000000000000e+00
5.100000000000000366e-04,-3.000000000000000076e-05,1.448193686247723324e-03,1.000000000000000000e+00
5.100000000000000366e-04,-3.000000000000000076e-05,1.448193686247723324e-03,1.000000000000000000e+00
5.599999999999999509e-04,-4.000000000000000327e-05,1.397965029519428713e-03,1.000000000000000000e+00
-7.500000000000000156e-04,-6.000000000000000152e-05,1.488998022635689821e-03,1.000000000000000000e+00
-7.500000000000000156e-04,-6.000000000000000152e-05,1.488998022635689821e-03,1.000000000000000000e+00
4.600000000000000139e-04,-3.000000000000000076e-05,1.612255534991257830e-03,1.000000000000000000e+00
5.699999999999999772e-04,-3.000000000000000076e-05,1.621953981038265144e-03,1.000000000000000000e+00
-4.699999999999999859e-04,1.700000000000000122e-04,1.278310091194419804e-03,1.000000000000000000e+00
-6.999999999999999929e-04,3.600000000000000227e-04,1.525645720689119446e-03,1.000000000000000000e+00
-6.999999999999999929e-04,3.600000000000000227e-04,1.525645720689119446e-03,1.000000000000000000e+00
-7.100000000000000191e-04,3.699999999999999947e-04,1.544827641232125476e-03,1.000000000000000000e+00
2.459999999999999947e-03,-1.000000000000000082e-05,2.879189497919296386e-03,1.000000000000000000e+00
3.959999999999999978e-03,8.000000000000000654e-05,3.998764708060451555e-03,1.000000000000000000e+00
3.959999999999999978e-03,8.000000000000000654e-05,3.998764708060451555e-03,1.000000000000000000e+00
1.397999999999999937e-02,3.000000000000000076e-05,2.571018087347332493e-03,1.000000000000000000e+00
2.292999999999999899e-02,3.000000000000000076e-05,7.256220913470240279e-03,1.000000000000000000e+00
2.292999999999999899e-02,3.000000000000000076e-05,7.256220913470240279e-03,1.000000000000000000e+00
2.292999999999999899e-02,3.000000000000000076e-05,7.256220913470240279e-03,1.000000000000000000e+00
2.292999999999999899e-02,3.000000000000000076e-05,7.256220913470240279e-03,1.000000000000000000e+00
3.860000000000000236e-02,3.800000000000000209e-04,1.021137227947434625e-02,1.000000000000000000e+00
3.937999999999999834e-02,3.600000000000000227e-04,1.030705714127800460e-02,1.000000000000000000e+00
5.707000000000000267e-02,1.020000000000000073e-03,1.105408316843652441e-02,1.000000000000000000e+00
6.833000000000000185e-02,1.490000000000000005e-03,1.080058247848616690e-02,1.000000000000000000e+00
6.833000000000000185e-02,1.490000000000000005e-03,1.080058247848616690e-02,1.000000000000000000e+00
8.128000000000000502e-02,1.559999999999999972e-03,1.360640448373857947e-02,1.000000000000000000e+00
8.233999999999999653e-02,1.559999999999999972e-03,1.385078041482695754e-02,1.000000000000000000e+00
9.535000000000000420e-02,1.590000000000000050e-03,1.206516137970472906e-02,1.000000000000000000e+00
1.067199999999999954e-01,2.010000000000000068e-03,1.304091945800822487e-02,1.000000000000000000e+00
1.067199999999999954e-01,2.010000000000000068e-03,1.304091945800822487e-02,1.000000000000000000e+00
1.241300000000000042e-01,2.330000000000000040e-03,1.326288082451080111e-02,1.000000000000000000e+00
1.241300000000000042e-01,2.330000000000000040e-03,1.326288082451080111e-02,1.000000000000000000e+00
1.362299999999999900e-01,3.310000000000000008e-03,1.471064802816417390e-02,1.000000000000000000e+00
1.525900000000000034e-01,3.609999999999999928e-03,1.509110844441370440e-02,1.000000000000000000e+00
1.525900000000000034e-01,3.609999999999999928e-03,1.509110844441370440e-02,1.000000000000000000e+00
1.664700000000000069e-01,4.060000000000000241e-03,1.422990717040136487e-02,1.000000000000000000e+00
1.664700000000000069e-01,4.060000000000000241e-03,1.422990717040136487e-02,1.000000000000000000e+00
1.818200000000000094e-01,4.490000000000000067e-03,1.228086591847135818e-02,1.000000000000000000e+00
1.956900000000000028e-01,5.559999999999999838e-03,1.409466919111407486e-02,1.000000000000000000e+00
1.956900000000000028e-01,5.559999999999999838e-03,1.409466919111407486e-02,1.000000000000000000e+00
2.132900000000000074e-01,6.329999999999999689e-03,1.731409772523958765e-02,1.000000000000000000e+00
2.132900000000000074e-01,6.329999999999999689e-03,1.731409772523958765e-02,1.000000000000000000e+00
2.329400000000000082e-01,6.830000000000000134e-03,1.958039224625984787e-02,1.000000000000000000e+00
2.440799999999999914e-01,7.729999999999999892e-03,2.447079270849996518e-02,1.000000000000000000e+00
2.440799999999999914e-01,7.729999999999999892e-03,2.447079270849996518e-02,1.000000000000000000e+00
2.619099999999999762e-01,8.130000000000000074e-03,2.817004167359073510e-02,1.000000000000000000e+00
2.619099999999999762e-01,8.130000000000000074e-03,2.817004167359073510e-02,1.000000000000000000e+00
2.765599999999999725e-01,8.880000000000000740e-03,2.678663635803936460e-02,1.000000000000000000e+00
2.776100000000000234e-01,8.930000000000000437e-03,2.666217911842182209e-02,1.000000000000000000e+00
2.911500000000000199e-01,9.360000000000000264e-03,2.638905301805824499e-02,1.000000000000000000e+00
3.075899999999999745e-01,9.110000000000000042e-03,2.770223770317812098e-02,1.000000000000000000e+00
3.075899999999999745e-01,9.110000000000000042e-03,2.770223770317812098e-02,1.000000000000000000e+00
3.090100000000000069e-01,9.090000000000000857e-03,2.782590330945624787e-02,1.000000000000000000e+00
3.257599999999999940e-01,9.480000000000000579e-03,2.392210095545331539e-02,1.000000000000000000e+00
3.375400000000000067e-01,1.012000000000000052e-02,2.171842345290525209e-02,1.000000000000000000e+00
3.544100000000000028e-01,1.099999999999999936e-02,2.172489684905301241e-02,1.000000000000000000e+00
3.544100000000000028e-01,1.099999999999999936e-02,2.172489684905301241e-02,1.000000000000000000e+00
3.544100000000000028e-01,1.099999999999999936e-02,2.172489684905301241e-02,1.000000000000000000e+00
3.696499999999999786e-01,1.192999999999999963e-02,2.330255879013342496e-02,1.000000000000000000e+00
3.866299999999999737e-01,1.234000000000000027e-02,2.693175186008474331e-02,1.000000000000000000e+00
4.000900000000000012e-01,1.251999999999999988e-02,2.680182322584692689e-02,1.000000000000000000e+00
4.000900000000000012e-01,1.251999999999999988e-02,2.680182322584692689e-02,1.000000000000000000e+00
4.198799999999999755e-01,1.367999999999999945e-02,2.696772611406603529e-02,1.000000000000000000e+00
4.212000000000000188e-01,1.375999999999999966e-02,2.698239856832894065e-02,1.000000000000000000e+00
4.332699999999999885e-01,1.484000000000000076e-02,2.910654561356552233e-02,1.000000000000000000e+00
4.508499999999999730e-01,1.586999999999999869e-02,3.132739217052134262e-02,1.000000000000000000e+00
4.508499999999999730e-01,1.586999999999999869e-02,3.132739217052134262e-02,1.000000000000000000e+00
4.667200000000000237e-01,1.650000000000000078e-02,3.137864993813128250e-02,1.000000000000000000e+00
4.667200000000000237e-01,1.650000000000000078e-02,3.137864993813128250e-02,1.000000000000000000e+00
4.677899999999999836e-01,1.653999999999999915e-02,3.137098303905471591e-02,1.000000000000000000e+00
4.981900000000000217e-01,1.822999999999999968e-02,3.306345540459258714e-02,1.000000000000000000e+00
4.981900000000000217e-01,1.822999999999999968e-02,3.306345540459258714e-02,1.000000000000000000e+00
5.118099999999999872e-01,1.847999999999999990e-02,3.297888902226186331e-02,1.000000000000000000e+00
5.275100000000000344e-01,1.855000000000000052e-02,3.256632171401147718e-02,1.000000000000000000e+00
5.275100000000000344e-01,1.855000000000000052e-02,3.256632171401147718e-02,1.000000000000000000e+00
5.457899999999999974e-01,1.895000000000000157e-02,3.250441898448107325e-02,1.000000000000000000e+00
5.457899999999999974e-01,1.895000000000000157e-02,3.250441898448107325e-02,1.000000000000000000e+00
5.573500000000000121e-01,1.987999999999999837e-02,3.432831014677303200e-02,1.000000000000000000e+00
5.573500000000000121e-01,1.987999999999999837e-02,3.432831014677303200e-02,1.000000000000000000e+00
5.783599999999999852e-01,2.043999999999999984e-02,3.457656988198738734e-02,1.000000000000000000e+00
5.897799999999999709e-01,2.154000000000000012e-02,3.649537193283960285e-02,1.000000000000000000e+00
5.897799999999999709e-01,2.154000000000000012e-02,3.649537193283960285e-02,1.000000000000000000e+00
6.084100000000000064e-01,2.264000000000000040e-02,3.669805398567900501e-02,1.000000000000000000e+00
6.225199999999999623e-01,2.306000000000000064e-02,3.674484966037065009e-02,1.000000000000000000e+00
6.225199999999999623e-01,2.306000000000000064e-02,3.674484966037065009e-02,1.000000000000000000e+00
6.389299999999999979e-01,2.401999999999999968e-02,3.915163716211137596e-02,1.000000000000000000e+00
6.389299999999999979e-01,2.401999999999999968e-02,3.915163716211137596e-02,1.000000000000000000e+00
6.557399999999999896e-01,2.528000000000000039e-02,3.752040634495130283e-02,1.000000000000000000e+00
6.697199999999999820e-01,2.659999999999999865e-02,3.766535623039251462e-02,1.000000000000000000e+00
6.697199999999999820e-01,2.659999999999999865e-02,3.766535623039251462e-02,1.000000000000000000e+00
6.865900000000000336e-01,2.751999999999999932e-02,4.167893050010502975e-02,1.000000000000000000e+00
6.865900000000000336e-01,2.751999999999999932e-02,4.167893050010502975e-02,1.000000000000000000e+00
7.035000000000000142e-01,2.820999999999999897e-02,4.210055906753776278e-02,1.000000000000000000e+00
7.048799999999999510e-01,2.826000000000000040e-02,4.210875817483358818e-02,1.000000000000000000e+00
7.177499999999999991e-01,2.915999999999999842e-02,4.186523449682733738e-02,1.000000000000000000e+00
7.349700000000000122e-01,2.996000000000000052e-02,4.190885108307544626e-02,1.000000000000000000e+00
7.349700000000000122e-01,2.996000000000000052e-02,4.190885108307544626e-02,1.000000000000000000e+00
7.466399999999999704e-01,3.032999999999999932e-02,4.568799841297238595e-02,1.000000000000000000e+00
7.476300000000000168e-01,3.036000000000000157e-02,4.605458466075204593e-02,1.000000000000000000e+00
7.669200000000000461e-01,3.073000000000000037e-02,4.430688846245479928e-02,1.000000000000000000e+00
7.816899999999999959e-01,3.146000000000000185e-02,4.401121686668315464e-02,1.000000000000000000e+00
7.816899999999999959e-01,3.146000000000000185e-02,4.401121686668315464e-02,1.000000000000000000e+00
7.959199999999999608e-01,3.243000000000000049e-02,4.393663250182734681e-02,1.000000000000000000e+00
7.959199999999999608e-01,3.243000000000000049e-02,4.393663250182734681e-02,1.000000000000000000e+00
8.136900000000000244e-01,3.343999999999999750e-02,4.425329836425463681e-02,1.000000000000000000e+00
8.286499999999999977e-01,3.443000000000000227e-02,4.424794601574872505e-02,1.000000000000000000e+00
8.286499999999999977e-01,3.443000000000000227e-02,4.424794601574872505e-02,1.000000000000000000e+00
8.470199999999999951e-01,3.506999999999999701e-02,4.404358431209182134e-02,1.000000000000000000e+00
8.470199999999999951e-01,3.506999999999999701e-02,4.404358431209182134e-02,1.000000000000000000e+00
8.619900000000000340e-01,3.599000000000000116e-02,4.188350939616265062e-02,1.000000000000000000e+00
8.632699999999999818e-01,3.606999999999999790e-02,4.167621514587495357e-02,1.000000000000000000e+00
8.800099999999999589e-01,3.719999999999999696e-02,4.170638800492330184e-02,1.000000000000000000e+00
8.919300000000000006e-01,3.858999999999999930e-02,4.395073839623257761e-02,1.000000000000000000e+00
8.919300000000000006e-01,3.858999999999999930e-02,4.395073839623257761e-02,1.000000000000000000e+00
9.062599999999999545e-01,3.944000000000000283e-02,4.439190463136493542e-02,1.000000000000000000e+00
9.062599999999999545e-01,3.944000000000000283e-02,4.439190463136493542e-02,1.000000000000000000e+00
9.252799999999999914e-01,4.030999999999999861e-02,4.664264467020557553e-02,1.000000000000000000e+00
9.409300000000000441e-01,4.123999999999999888e-02,4.903286256551314670e-02,1.000000000000000000e+00
9.409300000000000441e-01,4.123999999999999888e-02,4.903286256551314670e-02,1.000000000000000000e+00
9.562800000000000189e-01,4.214999999999999997e-02,4.925349282146263691e-02,1.000000000000000000e+00
9.562800000000000189e-01,4.214999999999999997e-02,4.925349282146263691e-02,1.000000000000000000e+00
9.715899999999999537e-01,4.259999999999999898e-02,4.916500185646090204e-02,1.000000000000000000e+00
9.730100000000000415e-01,4.263999999999999735e-02,4.915618318205173393e-02,1.000000000000000000e+00
9.909599999999999520e-01,4.306000000000000105e-02,4.923050173752903380e-02,1.000000000000000000e+00
1.006939999999999946e+00,4.401999999999999663e-02,4.938532540609706645e-02,1.000000000000000000e+00
1.006939999999999946e+00,4.401999999999999663e-02,4.938532540609706645e-02,1.000000000000000000e+00
1.022739999999999982e+00,4.481000000000000261e-02,4.931993746158391811e-02,1.000000000000000000e+00
1.024170000000000025e+00,4.488000000000000322e-02,4.931225580496717553e-02,1.000000000000000000e+00
1.038249999999999895e+00,4.580000000000000043e-02,4.944976030330230921e-02,1.000000000000000000e+00
1.054210000000000091e+00,4.682999999999999663e-02,4.961549042619807504e-02,1.000000000000000000e+00
1.054210000000000091e+00,4.682999999999999663e-02,4.961549042619807504e-02,1.000000000000000000e+00
1.069830000000000059e+00,4.793000000000000038e-02,4.733160304686406805e-02,1.000000000000000000e+00
1.071379999999999999e+00,4.803000000000000325e-02,4.708166576134088094e-02,1.000000000000000000e+00
1.086019999999999985e+00,4.886000000000000065e-02,4.712114118961636955e-02,1.000000000000000000e+00
1.101750000000000007e+00,5.022000000000000075e-02,4.725374587796563747e-02,1.000000000000000000e+00
1.101750000000000007e+00,5.022000000000000075e-02,4.725374587796563747e-02,1.000000000000000000e+00
1.122339999999999893e+00,5.158000000000000085e-02,4.783605160935600065e-02,1.000000000000000000e+00
1.122339999999999893e+00,5.158000000000000085e-02,4.783605160935600065e-02,1.000000000000000000e+00
1.139089999999999936e+00,5.272000000000000297e-02,5.031970189025662676e-02,1.000000000000000000e+00
1.160179999999999989e+00,5.403999999999999776e-02,5.546235967535841083e-02,1.000000000000000000e+00
1.160179999999999989e+00,5.403999999999999776e-02,5.546235967535841083e-02,1.000000000000000000e+00
1.181659999999999933e+00,5.478000000000000230e-02,5.378747338405798217e-02,1.000000000000000000e+00
1.181659999999999933e+00,5.478000000000000230e-02,5.378747338405798217e-02,1.000000000000000000e+00
1.194469999999999921e+00,5.544999999999999929e-02,5.567097431137201652e-02,1.000000000000000000e+00
1.195599999999999996e+00,5.551999999999999991e-02,5.588850131576565683e-02,1.000000000000000000e+00
1.206280000000000019e+00,5.611000000000000015e-02,5.346728293087561062e-02,1.000000000000000000e+00
1.222930000000000073e+00,5.718999999999999778e-02,5.572367073923998465e-02,1.000000000000000000e+00
1.222930000000000073e+00,5.718999999999999778e-02,5.572367073923998465e-02,1.000000000000000000e+00
1.239940000000000042e+00,5.772000000000000047e-02,5.361921993019727606e-02,1.000000000000000000e+00
1.241379999999999928e+00,5.775000000000000272e-02,5.340178532168932124e-02,1.000000000000000000e+00
1.256960000000000077e+00,5.899999999999999689e-02,5.580367755739923386e-02,1.000000000000000000e+00
1.274070000000000036e+00,6.029999999999999943e-02,5.406488706169781250e-02,1.000000000000000000e+00
1.274070000000000036e+00,6.029999999999999943e-02,5.406488706169781250e-02,1.000000000000000000e+00
1.286380000000000079e+00,6.122999999999999970e-02,5.144117381283664497e-02,1.000000000000000000e+00
1.287390000000000034e+00,6.131000000000000338e-02,5.121483341024562347e-02,1.000000000000000000e+00
1.303479999999999972e+00,6.235000000000000264e-02,5.359190136238551477e-02,1.000000000000000000e+00
1.320980000000000043e+00,6.364000000000000212e-02,5.159094707026330717e-02,1.000000000000000000e+00
1.320980000000000043e+00,6.364000000000000212e-02,5.159094707026330717e-02,1.000000000000000000e+00
1.338170000000000082e+00,6.537999999999999368e-02,5.421723003995514156e-02,1.000000000000000000e+00
1.338170000000000082e+00,6.537999999999999368e-02,5.421723003995514156e-02,1.000000000000000000e+00
1.355879999999999974e+00,6.683999999999999664e-02,5.734518047196421331e-02,1.000000000000000000e+00
1.374000000000000110e+00,6.797999999999999876e-02,5.777303596191384755e-02,1.000000000000000000e+00
1.374000000000000110e+00,6.797999999999999876e-02,5.777303596191384755e-02,1.000000000000000000e+00
1.391420000000000101e+00,6.933000000000000274e-02,5.817570065701282989e-02,1.000000000000000000e+00
1.391420000000000101e+00,6.933000000000000274e-02,5.817570065701282989e-02,1.000000000000000000e+00
1.403999999999999915e+00,7.029000000000000525e-02,6.070676163148394644e-02,1.000000000000000000e+00
1.422029999999999905e+00,7.088999999999999468e-02,6.098596700488722461e-02,1.000000000000000000e+00
1.422029999999999905e+00,7.088999999999999468e-02,6.098596700488722461e-02,1.000000000000000000e+00
1.435249999999999915e+00,7.155999999999999861e-02,5.821391393668878117e-02,1.000000000000000000e+00
1.435249999999999915e+00,7.155999999999999861e-02,5.821391393668878117e-02,1.000000000000000000e+00
1.453810000000000047e+00,7.335999999999999466e-02,6.037402312974288893e-02,1.000000000000000000e+00
1.455489999999999950e+00,7.352000000000000202e-02,6.060637498263522771e-02,1.000000000000000000e+00
1.472059999999999924e+00,7.439999999999999392e-02,6.065720832968606036e-02,1.000000000000000000e+00
1.472059999999999924e+00,7.439999999999999392e-02,6.065720832968606036e-02,1.000000000000000000e+00
1.490599999999999925e+00,7.563999999999999890e-02,6.092739584314679768e-02,1.000000000000000000e+00
1.490599999999999925e+00,7.563999999999999890e-02,6.092739584314679768e-02,1.000000000000000000e+00
1.509589999999999987e+00,7.702000000000000512e-02,6.119246863474822606e-02,1.000000000000000000e+00
1.523120000000000029e+00,7.802000000000000601e-02,6.385610491796325783e-02,1.000000000000000000e+00
1.535009999999999986e+00,7.945000000000000673e-02,6.151498598128666423e-02,1.000000000000000000e+00
1.535009999999999986e+00,7.945000000000000673e-02,6.151498598128666423e-02,1.000000000000000000e+00
1.553719999999999990e+00,8.087999999999999357e-02,6.156444162148306393e-02,1.000000000000000000e+00
1.553719999999999990e+00,8.087999999999999357e-02,6.156444162148306393e-02,1.000000000000000000e+00
1.572589999999999932e+00,8.258999999999999675e-02,6.204302409678132124e-02,1.000000000000000000e+00
1.586440000000000072e+00,8.359999999999999376e-02,6.529966233219867966e-02,1.000000000000000000e+00
1.586440000000000072e+00,8.359999999999999376e-02,6.529966233219867966e-02,1.000000000000000000e+00
1.592710000000000070e+00,8.464000000000000690e-02,6.285990614446494706e-02,1.000000000000000000e+00
1.593099999999999961e+00,8.470999999999999364e-02,6.266071991655815243e-02,1.000000000000000000e+00
1.598659999999999970e+00,8.537000000000000144e-02,6.246559997906045436e-02,1.000000000000000000e+00
1.617019999999999902e+00,8.655999999999999805e-02,6.528098995163909846e-02,1.000000000000000000e+00
1.637410000000000032e+00,8.769000000000000405e-02,6.844332344891547459e-02,1.000000000000000000e+00
1.650670000000000082e+00,8.855999999999999983e-02,6.867927081770835995e-02,1.000000000000000000e+00
1.650670000000000082e+00,8.855999999999999983e-02,6.867927081770835995e-02,1.000000000000000000e+00
1.663980000000000015e+00,8.930000000000000437e-02,6.858544311548364636e-02,1.000000000000000000e+00
1.683810000000000029e+00,9.067000000000000060e-02,6.627964482676730607e-02,1.000000000000000000e+00
1.683810000000000029e+00,9.067000000000000060e-02,6.627964482676730607e-02,1.000000000000000000e+00
1.696520000000000028e+00,9.168999999999999373e-02,6.621781817252124502e-02,1.000000000000000000e+00
1.710960000000000036e+00,9.253000000000000114e-02,6.666893331935826172e-02,1.000000000000000000e+00
1.710960000000000036e+00,9.253000000000000114e-02,6.666893331935826172e-02,1.000000000000000000e+00
1.731649999999999912e+00,9.402000000000000635e-02,6.676891209338124689e-02,1.000000000000000000e+00
1.738199999999999967e+00,9.471999999999999864e-02,6.656196860434418494e-02,1.000000000000000000e+00
1.738199999999999967e+00,9.471999999999999864e-02,6.656196860434418494e-02,1.000000000000000000e+00
1.744359999999999911e+00,9.578000000000000402e-02,6.919900767421729992e-02,1.000000000000000000e+00
1.763730000000000020e+00,9.718999999999999861e-02,6.684100338254554685e-02,1.000000000000000000e+00
1.763730000000000020e+00,9.718999999999999861e-02,6.684100338254554685e-02,1.000000000000000000e+00
1.784340000000000037e+00,9.872000000000000219e-02,6.687268620904228411e-02,1.000000000000000000e+00
1.797619999999999996e+00,1.004799999999999999e-01,6.709762209899494678e-02,1.000000000000000000e+00
1.798489999999999922e+00,1.005999999999999950e-01,6.711242005228433560e-02,1.000000000000000000e+00
1.810890000000000111e+00,1.021299999999999986e-01,6.771510165438815454e-02,1.000000000000000000e+00
1.824600000000000000e+00,1.034299999999999942e-01,7.066417824294699002e-02,1.000000000000000000e+00
1.840230000000000032e+00,1.043800000000000006e-01,7.134211348944718978e-02,1.000000000000000000e+00
1.840230000000000032e+00,1.043800000000000006e-01,7.134211348944718978e-02,1.000000000000000000e+00
1.861930000000000085e+00,1.055799999999999933e-01,7.449301164119948027e-02,1.000000000000000000e+00
1.861930000000000085e+00,1.055799999999999933e-01,7.449301164119948027e-02,1.000000000000000000e+00
1.868600000000000039e+00,1.063299999999999940e-01,7.731051290930153475e-02,1.000000000000000000e+00
1.889590000000000103e+00,1.073100000000000026e-01,7.754298837477532902e-02,1.000000000000000000e+00
1.889590000000000103e+00,1.073100000000000026e-01,7.754298837477532902e-02,1.000000000000000000e+00
1.896039999999999948e+00,1.082800000000000012e-01,7.467290504288562336e-02,1.000000000000000000e+00
1.896039999999999948e+00,1.082800000000000012e-01,7.467290504288562336e-02,1.000000000000000000e+00
1.908849999999999936e+00,1.093200000000000005e-01,7.768908503450216996e-02,1.000000000000000000e+00
1.908849999999999936e+00,1.093200000000000005e-01,7.768908503450216996e-02,1.000000000000000000e+00
1.920840000000000103e+00,1.102100000000000024e-01,7.795289278230277397e-02,1.000000000000000000e+00
1.921929999999999916e+00,1.102899999999999991e-01,7.794330311095781783e-02,1.000000000000000000e+00
1.935950000000000060e+00,1.113100000000000062e-01,7.525491918426355231e-02,1.000000000000000000e+00
1.939540000000000042e+00,1.122100000000000042e-01,7.795422187378836520e-02,1.000000000000000000e+00
1.939540000000000042e+00,1.122100000000000042e-01,7.795422187378836520e-02,1.000000000000000000e+00
1.949810000000000043e+00,1.128500000000000059e-01,7.543167861417589271e-02,1.000000000000000000e+00
1.949810000000000043e+00,1.128500000000000059e-01,7.543167861417589271e-02,1.000000000000000000e+00
1.952369999999999939e+00,1.131700000000000067e-01,7.209070904391114143e-02,1.000000000000000000e+00
1.962420000000000053e+00,1.134099999999999969e-01,7.483933053025806914e-02,1.000000000000000000e+00
1.962420000000000053e+00,1.134099999999999969e-01,7.483933053025806914e-02,1.000000000000000000e+00
1.956979999999999942e+00,1.136400000000000049e-01,7.505669634237632781e-02,1.000000000000000000e+00
1.956979999999999942e+00,1.136400000000000049e-01,7.505669634237632781e-02,1.000000000000000000e+00
1.973079999999999945e+00,1.140400000000000025e-01,7.237195674090891873e-02,1.000000000000000000e+00
1.973079999999999945e+00,1.140400000000000025e-01,7.237195674090891873e-02,1.000000000000000000e+00
1.967359999999999998e+00,1.141199999999999992e-01,7.487258681256508952e-02,1.000000000000000000e+00
1.966609999999999969e+00,1.141199999999999992e-01,7.514930343464154561e-02,1.000000000000000000e+00
1.975179999999999936e+00,1.145000000000000046e-01,7.228621608357636841e-02,1.000000000000000000e+00
1.967940000000000023e+00,1.139300000000000035e-01,7.481507952176784382e-02,1.000000000000000000e+00
1.967940000000000023e+00,1.139300000000000035e-01,7.481507952176784382e-02,1.000000000000000000e+00
1.982369999999999965e+00,1.144700000000000023e-01,7.546357947807771915e-02,1.000000000000000000e+00
1.982369999999999965e+00,1.144700000000000023e-01,7.546357947807771915e-02,1.000000000000000000e+00
1.975829999999999975e+00,1.144099999999999978e-01,6.944360854784892290e-02,1.000000000000000000e+00
1.974990000000000023e+00,1.144000000000000017e-01,6.881577189015002094e-02,1.000000000000000000e+00
1.967249999999999943e+00,1.140800000000000008e-01,7.169063928452480694e-02,1.000000000000000000e+00
1.973729999999999984e+00,1.141400000000000053e-01,7.207249322212065656e-02,1.000000000000000000e+00
1.973729999999999984e+00,1.141400000000000053e-01,7.207249322212065656e-02,1.000000000000000000e+00
1.975139999999999896e+00,1.144499999999999962e-01,7.198900794227694466e-02,1.000000000000000000e+00
1.975139999999999896e+00,1.144499999999999962e-01,7.198900794227694466e-02,1.000000000000000000e+00
1.975710000000000077e+00,1.145000000000000046e-01,7.216299518425071946e-02,1.000000000000000000e+00
1.975759999999999961e+00,1.145100000000000007e-01,7.217992365825083578e-02,1.000000000000000000e+00
1.975330000000000030e+00,1.144899999999999946e-01,7.217505253898801043e-02,1.000000000000000000e+00
1.975319999999999965e+00,1.139099999999999974e-01,7.203799037903783897e-02,1.000000000000000000e+00
1.975319999999999965e+00,1.139099999999999974e-01,7.203799037903783897e-02,1.000000000000000000e+00
1.975240000000000107e+00,1.141299999999999953e-01,7.192161116831351231e-02,1.000000000000000000e+00
1.975240000000000107e+00,1.141299999999999953e-01,7.192161116831351231e-02,1.000000000000000000e+00
-8.999999999999999754e-04,8.000000000000000654e-05,0.000000000000000000e+00,1.000000000000000000e+00
-8.999999999999999754e-04,8.000000000000000654e-05,0.000000000000000000e+00,1.000000000000000000e+00
3.299999999999999982e-04,-3.000000000000000076e-05,-8.480446066825024672e-06,1.000000000000000000e+00
-9.200000000000000278e-04,4.000000000000000327e-05,-1.498041098429037142e-03,1.000000000000000000e+00
-9.200000000000000278e-04,4.000000000000000327e-05,-1.498041098429037142e-03,1.000000000000000000e+00
1.900000000000000105e-04,-2.200000000000000078e-04,-1.690074933875090933e-03,1.000000000000000000e+00
2.799999999999999755e-04,-2.400000000000000061e-04,-1.695122096356026535e-03,1.000000000000000000e+00
2.799999999999999755e-04,-2.400000000000000061e-04,-1.695122096356026535e-03,1.000000000000000000e+00
5.299999999999999807e-04,-4.000000000000000327e-05,-1.208743811399657069e-04,1.000000000000000000e+00
2.999999999999999737e-04,-6.999999999999999387e-05,-1.506044842509512678e-03,1.000000000000000000e+00
2.999999999999999737e-04,-6.999999999999999387e-05,-1.506044842509512678e-03,1.000000000000000000e+00
-7.900000000000000121e-04,-4.000000000000000327e-05,-1.776513687863677873e-03,1.000000000000000000e+00
-3.000000000000000076e-05,-1.299999999999999886e-04,-1.413729796195033151e-04,1.000000000000000000e+00
-3.000000000000000076e-05,-1.299999999999999886e-04,-1.413729796195033151e-04,1.000000000000000000e+00
3.510000000000000099e-03,-2.000000000000000096e-04,-1.587449573023608056e-06,1.000000000000000000e+00
3.510000000000000099e-03,-2.000000000000000096e-04,-1.587449573023608056e-06,1.000000000000000000e+00
8.609999999999999598e-03,2.500000000000000052e-04,1.269099207380691057e-03,1.000000000000000000e+00
8.609999999999999598e-03,2.500000000000000052e-04,1.269099207380691057e-03,1.000000000000000000e+00
1.686999999999999958e-02,4.899999999999999842e-04,-3.304768233906848563e-04,1.000000000000000000e+00
1.686999999999999958e-02,4.899999999999999842e-04,-3.304768233906848563e-04,1.000000000000000000e+00
1.686999999999999958e-02,4.899999999999999842e-04,-3.304768233906848563e-04,1.000000000000000000e+00
1.765999999999999862e-02,5.100000000000000366e-04,-5.081621425645134081e-04,1.000000000000000000e+00
3.395000000000000101e-02,1.059999999999999961e-03,2.476100829468725218e-03,1.000000000000000000e+00
4.653999999999999804e-02,1.319999999999999993e-03,3.926402622912973650e-03,1.000000000000000000e+00
4.653999999999999804e-02,1.319999999999999993e-03,3.926402622912973650e-03,1.000000000000000000e+00
5.786000000000000171e-02,1.139999999999999954e-03,5.478696609588254787e-03,1.000000000000000000e+00
5.786000000000000171e-02,1.139999999999999954e-03,5.478696609588254787e-03,1.000000000000000000e+00
7.192999999999999394e-02,1.299999999999999940e-03,8.607216537970883985e-03,1.000000000000000000e+00
8.284999999999999309e-02,1.779999999999999898e-03,8.326929008757259082e-03,1.000000000000000000e+00
8.284999999999999309e-02,1.779999999999999898e-03,8.326929008757259082e-03,1.000000000000000000e+00
9.647999999999999632e-02,1.709999999999999932e-03,1.099508875514849243e-02,1.000000000000000000e+00
9.647999999999999632e-02,1.709999999999999932e-03,1.099508875514849243e-02,1.000000000000000000e+00
1.181600000000000011e-01,2.490000000000000026e-03,9.331531585282899083e-03,1.000000000000000000e+00
1.181600000000000011e-01,2.490000000000000026e-03,9.331531585282899083e-03,1.000000000000000000e+00
1.337599999999999900e-01,2.789999999999999945e-03,7.208973796188584277e-03,1.000000000000000000e+00
1.337599999999999900e-01,2.789999999999999945e-03,7.208973796188584277e-03,1.000000000000000000e+00
1.470799999999999885e-01,3.059999999999999786e-03,1.124163601134218343e-02,1.000000000000000000e+00
1.470799999999999885e-01,3.059999999999999786e-03,1.124163601134218343e-02,1.000000000000000000e+00
1.623799999999999966e-01,3.609999999999999928e-03,8.494949890000540182e-03,1.000000000000000000e+00
1.759100000000000108e-01,4.009999999999999676e-03,7.786397568901587754e-03,1.000000000000000000e+00
1.759100000000000108e-01,4.009999999999999676e-03,7.786397568901587754e-03,1.000000000000000000e+00
1.772900000000000031e-01,4.060000000000000241e-03,7.742159622846439548e-03,1.000000000000000000e+00
1.772900000000000031e-01,4.060000000000000241e-03,7.742159622846439548e-03,1.000000000000000000e+00
1.772900000000000031e-01,4.060000000000000241e-03,7.742159622846439548e-03,1.000000000000000000e+00
1.772900000000000031e-01,4.060000000000000241e-03,7.742159622846439548e-03,1.000000000000000000e+00
1.772900000000000031e-01,4.060000000000000241e-03,7.742159622846439548e-03,1.000000000000000000e+00
1.772900000000000031e-01,4.060000000000000241e-03,7.742159622846439548e-03,1.000000000000000000e+00
1.772900000000000031e-01,4.060000000000000241e-03,7.742159622846439548e-03,1.000000000000000000e+00
1.772900000000000031e-01,4.060000000000000241e-03,7.742159622846439548e-03,1.000000000000000000e+00
2.713999999999999746e-01,8.160000000000000586e-03,1.816771583328639569e-02,1.000000000000000000e+00
2.713999999999999746e-01,8.160000000000000586e-03,1.816771583328639569e-02,1.000000000000000000e+00
2.847999999999999976e-01,8.550000000000000308e-03,1.780444969702547203e-02,1.000000000000000000e+00
2.847999999999999976e-01,8.550000000000000308e-03,1.780444969702547203e-02,1.000000000000000000e+00
2.847999999999999976e-01,8.550000000000000308e-03,1.780444969702547203e-02,1.000000000000000000e+00
3.025800000000000156e-01,8.999999999999999320e-03,1.758228769428819144e-02,1.000000000000000000e+00
3.178300000000000014e-01,9.379999999999999449e-03,1.573779488425138331e-02,1.000000000000000000e+00
3.192599999999999882e-01,9.409999999999999962e-03,1.554579646007969197e-02,1.000000000000000000e+00
3.326600000000000112e-01,9.459999999999999659e-03,1.680932590188798786e-02,1.000000000000000000e+00
3.534800000000000164e-01,9.010000000000000647e-03,1.318865626736987796e-02,1.000000000000000000e+00
3.534800000000000164e-01,9.010000000000000647e-03,1.318865626736987796e-02,1.000000000000000000e+00
3.534800000000000164e-01,9.010000000000000647e-03,1.318865626736987796e-02,1.000000000000000000e+00
3.534800000000000164e-01,9.010000000000000647e-03,1.318865626736987796e-02,1.000000000000000000e+00
3.869600000000000262e-01,9.790000000000000091e-03,1.774615747471573052e-02,1.000000000000000000e+00
4.023200000000000109e-01,1.047999999999999973e-02,1.781980737900932393e-02,1.000000000000000000e+00
4.023200000000000109e-01,1.047999999999999973e-02,1.781980737900932393e-02,1.000000000000000000e+00
4.023200000000000109e-01,1.047999999999999973e-02,1.781980737900932393e-02,1.000000000000000000e+00
4.038599999999999968e-01,1.055000000000000035e-02,1.781129692863579750e-02,1.000000000000000000e+00
4.038599999999999968e-01,1.055000000000000035e-02,1.781129692863579750e-02,1.000000000000000000e+00
4.038599999999999968e-01,1.055000000000000035e-02,1.781129692863579750e-02,1.000000000000000000e+00
4.535799999999999832e-01,1.284000000000000072e-02,2.180976214640995003e-02,1.000000000000000000e+00
4.697799999999999754e-01,1.353999999999999995e-02,2.192905606917852288e-02,1.000000000000000000e+00
4.697799999999999754e-01,1.353999999999999995e-02,2.192905606917852288e-02,1.000000000000000000e+00
4.854600000000000026e-01,1.443000000000000012e-02,1.995165353393427501e-02,1.000000000000000000e+00
4.854600000000000026e-01,1.443000000000000012e-02,1.995165353393427501e-02,1.000000000000000000e+00
4.854600000000000026e-01,1.443000000000000012e-02,1.995165353393427501e-02,1.000000000000000000e+00
4.854600000000000026e-01,1.443000000000000012e-02,1.995165353393427501e-02,1.000000000000000000e+00
5.171900000000000386e-01,1.541999999999999968e-02,2.098309333060469420e-02,1.000000000000000000e+00
5.311200000000000365e-01,1.593999999999999931e-02,1.932475205056804687e-02,1.000000000000000000e+00
5.311200000000000365e-01,1.593999999999999931e-02,1.932475205056804687e-02,1.000000000000000000e+00
5.471000000000000307e-01,1.624000000000000096e-02,2.065762299042896849e-02,1.000000000000000000e+00
5.680899999999999839e-01,1.683000000000000121e-02,1.999350379987250084e-02,1.000000000000000000e+00
5.680899999999999839e-01,1.683000000000000121e-02,1.999350379987250084e-02,1.000000000000000000e+00
5.876900000000000457e-01,1.737000000000000002e-02,1.996330050260804526e-02,1.000000000000000000e+00
5.876900000000000457e-01,1.737000000000000002e-02,1.996330050260804526e-02,1.000000000000000000e+00
6.043500000000000538e-01,1.794000000000000108e-02,2.189327781537481199e-02,1.000000000000000000e+00
6.043500000000000538e-01,1.794000000000000108e-02,2.189327781537481199e-02,1.000000000000000000e+00
6.043500000000000538e-01,1.794000000000000108e-02,2.189327781537481199e-02,1.000000000000000000e+00
6.349799999999999889e-01,1.933999999999999955e-02,2.189291590499077914e-02,1.000000000000000000e+00
6.349799999999999889e-01,1.933999999999999955e-02,2.189291590499077914e-02,1.000000000000000000e+00
6.461000000000000076e-01,1.999000000000000082e-02,2.175605720288937422e-02,1.000000000000000000e+00
6.471000000000000085e-01,2.004999999999999838e-02,2.174330634257098938e-02,1.000000000000000000e+00
6.653999999999999915e-01,2.097999999999999865e-02,2.583294213882119175e-02,1.000000000000000000e+00
6.653999999999999915e-01,2.097999999999999865e-02,2.583294213882119175e-02,1.000000000000000000e+00
6.653999999999999915e-01,2.097999999999999865e-02,2.583294213882119175e-02,1.000000000000000000e+00
6.966200000000000170e-01,2.283999999999999919e-02,2.203055492741414975e-02,1.000000000000000000e+00
6.966200000000000170e-01,2.283999999999999919e-02,2.203055492741414975e-02,1.000000000000000000e+00
7.166299999999999892e-01,2.364000000000000129e-02,2.389450177336894035e-02,1.000000000000000000e+00
7.186799999999999855e-01,2.372000000000000150e-02,2.412385982091573566e-02,1.000000000000000000e+00
7.186799999999999855e-01,2.372000000000000150e-02,2.412385982091573566e-02,1.000000000000000000e+00
7.458700000000000330e-01,2.492000000000000118e-02,2.794334150140379350e-02,1.000000000000000000e+00
7.458700000000000330e-01,2.492000000000000118e-02,2.794334150140379350e-02,1.000000000000000000e+00
7.601400000000000379e-01,2.528999999999999998e-02,2.592979353763757294e-02,1.000000000000000000e+00
7.614400000000000057e-01,2.531999999999999876e-02,2.568824133345636029e-02,1.000000000000000000e+00
7.780200000000000449e-01,2.562000000000000041e-02,2.775039708430332430e-02,1.000000000000000000e+00
7.780200000000000449e-01,2.562000000000000041e-02,2.775039708430332430e-02,1.000000000000000000e+00
7.795299999999999452e-01,2.564999999999999919e-02,2.793753010430130926e-02,1.000000000000000000e+00
7.925900000000000167e-01,2.590999999999999900e-02,2.763778214917990417e-02,1.000000000000000000e+00
8.084999999999999964e-01,2.616999999999999882e-02,2.521208513678423191e-02,1.000000000000000000e+00
8.254200000000000426e-01,2.680000000000000090e-02,2.712831081024473512e-02,1.000000000000000000e+00
8.402100000000000124e-01,2.764000000000000137e-02,2.310122717019947453e-02,1.000000000000000000e+00
8.402100000000000124e-01,2.764000000000000137e-02,2.310122717019947453e-02,1.000000000000000000e+00
8.549299999999999677e-01,2.843000000000000041e-02,2.475726467421923357e-02,1.000000000000000000e+00
8.549299999999999677e-01,2.843000000000000041e-02,2.475726467421923357e-02,1.000000000000000000e+00
8.767200000000000548e-01,2.908000000000000168e-02,2.495878588667033160e-02,1.000000000000000000e+00
8.787399999999999656e-01,2.913999999999999924e-02,2.496000567246284274e-02,1.000000000000000000e+00
8.924100000000000366e-01,2.973999999999999908e-02,2.695321985532058220e-02,1.000000000000000000e+00
8.924100000000000366e-01,2.973999999999999908e-02,2.695321985532058220e-02,1.000000000000000000e+00
9.074499999999999789e-01,3.088000000000000120e-02,2.698411720975334160e-02,1.000000000000000000e+00
9.225400000000000267e-01,3.164999999999999758e-02,2.696927668240618400e-02,1.000000000000000000e+00
9.237999999999999545e-01,3.171000000000000207e-02,2.696966152146376694e-02,1.000000000000000000e+00
9.376999999999999780e-01,3.239000000000000212e-02,2.698108811657354625e-02,1.000000000000000000e+00
9.568499999999999783e-01,3.318000000000000116e-02,2.930108169353844161e-02,1.000000000000000000e+00
9.568499999999999783e-01,3.318000000000000116e-02,2.930108169353844161e-02,1.000000000000000000e+00
9.728299999999999725e-01,3.370000000000000079e-02,2.930667007898605722e-02,1.000000000000000000e+00
9.728299999999999725e-01,3.370000000000000079e-02,2.930667007898605722e-02,1.000000000000000000e+00
9.883300000000000418e-01,3.422000000000000042e-02,3.124607378842927594e-02,1.000000000000000000e+00
1.000099999999999989e+00,3.477999999999999842e-02,3.136530425827050578e-02,1.000000000000000000e+00
1.000099999999999989e+00,3.477999999999999842e-02,3.136530425827050578e-02,1.000000000000000000e+00
1.015209999999999946e+00,3.459999999999999881e-02,3.110635463135920722e-02,1.000000000000000000e+00
1.015209999999999946e+00,3.459999999999999881e-02,3.110635463135920722e-02,1.000000000000000000e+00
1.035260000000000069e+00,3.509999999999999926e-02,2.892514663907389677e-02,1.000000000000000000e+00
1.055749999999999966e+00,3.520999999999999824e-02,3.073294545687367887e-02,1.000000000000000000e+00
1.055749999999999966e+00,3.520999999999999824e-02,3.073294545687367887e-02,1.000000000000000000e+00
1.067180000000000017e+00,3.640000000000000180e-02,2.651118960997743065e-02,1.000000000000000000e+00
1.067180000000000017e+00,3.640000000000000180e-02,2.651118960997743065e-02,1.000000000000000000e+00
1.083139999999999992e+00,3.724999999999999839e-02,2.834831092868645569e-02,1.000000000000000000e+00
1.099560000000000093e+00,3.796999999999999681e-02,2.858163897784307683e-02,1.000000000000000000e+00
1.099560000000000093e+00,3.796999999999999681e-02,2.858163897784307683e-02,1.000000000000000000e+00
1.115459999999999896e+00,3.891000000000000014e-02,2.849606284820843660e-02,1.000000000000000000e+00
1.115459999999999896e+00,3.891000000000000014e-02,2.849606284820843660e-02,1.000000000000000000e+00
1.140759999999999996e+00,3.996999999999999859e-02,2.866484901558200710e-02,1.000000000000000000e+00
1.140759999999999996e+00,3.996999999999999859e-02,2.866484901558200710e-02,1.000000000000000000e+00
1.162179999999999991e+00,4.098999999999999866e-02,2.889571992932769492e-02,1.000000000000000000e+00
1.179459999999999953e+00,4.168000000000000177e-02,3.128769578550992525e-02,1.000000000000000000e+00
1.179459999999999953e+00,4.168000000000000177e-02,3.128769578550992525e-02,1.000000000000000000e+00
1.187400000000000011e+00,4.220000000000000140e-02,3.114229296810433825e-02,1.000000000000000000e+00
1.187400000000000011e+00,4.220000000000000140e-02,3.114229296810433825e-02,1.000000000000000000e+00
1.207810000000000050e+00,4.277000000000000246e-02,2.895237944769198102e-02,1.000000000000000000e+00
1.209640000000000049e+00,4.281000000000000083e-02,2.875659777800825337e-02,1.000000000000000000e+00
1.225000000000000089e+00,4.317000000000000004e-02,3.091791289009658203e-02,1.000000000000000000e+00
1.243800000000000017e+00,4.401999999999999663e-02,3.053073427461331507e-02,1.000000000000000000e+00
1.243800000000000017e+00,4.401999999999999663e-02,3.053073427461331507e-02,1.000000000000000000e+00
1.261239999999999917e+00,4.449000000000000177e-02,3.041310351542005422e-02,1.000000000000000000e+00
1.261239999999999917e+00,4.449000000000000177e-02,3.041310351542005422e-02,1.000000000000000000e+00
1.273069999999999924e+00,4.506000000000000283e-02,2.775817278543117259e-02,1.000000000000000000e+00
1.273069999999999924e+00,4.506000000000000283e-02,2.775817278543117259e-02,1.000000000000000000e+00
1.295430000000000081e+00,4.571999999999999675e-02,2.763213540826486500e-02,1.000000000000000000e+00
1.308170000000000055e+00,4.678000000000000214e-02,3.025289546969668272e-02,1.000000000000000000e+00
1.308170000000000055e+00,4.678000000000000214e-02,3.025289546969668272e-02,1.000000000000000000e+00
1.324989999999999890e+00,4.778999999999999915e-02,3.057640836559601116e-02,1.000000000000000000e+00
1.324989999999999890e+00,4.778999999999999915e-02,3.057640836559601116e-02,1.000000000000000000e+00
1.342629999999999990e+00,4.870000000000000023e-02,3.315018618648446491e-02,1.000000000000000000e+00
1.344149999999999956e+00,4.879000000000000004e-02,3.339315228372300576e-02,1.000000000000000000e+00
1.355180000000000051e+00,4.981000000000000011e-02,3.097306504384110190e-02,1.000000000000000000e+00
1.377820000000000045e+00,5.068999999999999895e-02,3.315234626776579485e-02,1.000000000000000000e+00
1.377820000000000045e+00,5.068999999999999895e-02,3.315234626776579485e-02,1.000000000000000000e+00
1.396179999999999977e+00,5.174999999999999739e-02,3.089717344719666511e-02,1.000000000000000000e+00
1.396179999999999977e+00,5.174999999999999739e-02,3.089717344719666511e-02,1.000000000000000000e+00
1.408670000000000089e+00,5.233000000000000151e-02,3.305216740859114044e-02,1.000000000000000000e+00
1.431899999999999951e+00,5.308000000000000218e-02,3.109453505343754212e-02,1.000000000000000000e+00
1.431899999999999951e+00,5.308000000000000218e-02,3.109453505343754212e-02,1.000000000000000000e+00
1.439820000000000100e+00,5.383000000000000285e-02,3.309015248371521833e-02,1.000000000000000000e+00
1.439820000000000100e+00,5.383000000000000285e-02,3.309015248371521833e-02,1.000000000000000000e+00
1.457219999999999960e+00,5.430000000000000104e-02,3.319895058544151956e-02,1.000000000000000000e+00
1.457219999999999960e+00,5.430000000000000104e-02,3.319895058544151956e-02,1.000000000000000000e+00
1.471189999999999998e+00,5.435000000000000248e-02,3.537574892875782612e-02,1.000000000000000000e+00
1.494969999999999910e+00,5.491999999999999660e-02,3.316368796377011652e-02,1.000000000000000000e+00
1.494969999999999910e+00,5.491999999999999660e-02,3.316368796377011652e-02,1.000000000000000000e+00
1.508289999999999909e+00,5.573000000000000176e-02,3.566420569988845712e-02,1.000000000000000000e+00
1.509309999999999929e+00,5.580000000000000238e-02,3.590794989600322451e-02,1.000000000000000000e+00
1.520969999999999933e+00,5.659000000000000141e-02,3.341818749583840009e-02,1.000000000000000000e+00
1.539360000000000062e+00,5.750000000000000250e-02,3.587836946456351289e-02,1.000000000000000000e+00
1.539360000000000062e+00,5.750000000000000250e-02,3.587836946456351289e-02,1.000000000000000000e+00
1.558249999999999913e+00,5.834000000000000297e-02,3.346485692803752993e-02,1.000000000000000000e+00
1.558249999999999913e+00,5.834000000000000297e-02,3.346485692803752993e-02,1.000000000000000000e+00
1.577879999999999949e+00,5.936000000000000304e-02,3.328683470959735435e-02,1.000000000000000000e+00
1.584480000000000111e+00,6.003000000000000003e-02,3.309972384301289317e-02,1.000000000000000000e+00
1.584480000000000111e+00,6.003000000000000003e-02,3.309972384301289317e-02,1.000000000000000000e+00
1.602649999999999908e+00,6.146000000000000074e-02,3.612987613621722327e-02,1.000000000000000000e+00
1.602649999999999908e+00,6.146000000000000074e-02,3.612987613621722327e-02,1.000000000000000000e+00
1.615699999999999914e+00,6.271000000000000185e-02,3.638303201160304756e-02,1.000000000000000000e+00
1.616670000000000051e+00,6.281000000000000472e-02,3.638023780092411452e-02,1.000000000000000000e+00
1.635189999999999921e+00,6.350000000000000089e-02,3.637120995416233404e-02,1.000000000000000000e+00
1.648560000000000025e+00,6.407999999999999807e-02,3.366716061212707972e-02,1.000000000000000000e+00
1.648560000000000025e+00,6.407999999999999807e-02,3.366716061212707972e-02,1.000000000000000000e+00
1.667890000000000095e+00,6.486999999999999711e-02,3.596872514656671710e-02,1.000000000000000000e+00
1.681570000000000009e+00,6.565000000000000002e-02,3.613499560501434726e-02,1.000000000000000000e+00
1.681570000000000009e+00,6.565000000000000002e-02,3.613499560501434726e-02,1.000000000000000000e+00
1.695650000000000102e+00,6.568999999999999839e-02,3.861485548144436009e-02,1.000000000000000000e+00
1.695650000000000102e+00,6.568999999999999839e-02,3.861485548144436009e-02,1.000000000000000000e+00
1.715179999999999927e+00,6.632000000000000395e-02,3.609444632793051833e-02,1.000000000000000000e+00
1.716849999999999987e+00,6.636999999999999844e-02,3.584931634210625218e-02,1.000000000000000000e+00
1.722380000000000022e+00,6.704000000000000237e-02,3.836603991512446687e-02,1.000000000000000000e+00
1.748769999999999936e+00,6.801000000000000101e-02,3.611813193358071744e-02,1.000000000000000000e+00
1.748769999999999936e+00,6.801000000000000101e-02,3.611813193358071744e-02,1.000000000000000000e+00
1.756369999999999987e+00,6.894000000000000128e-02,3.611743470511637882e-02,1.000000000000000000e+00
1.756820000000000048e+00,6.901000000000000190e-02,3.613480415258664424e-02,1.000000000000000000e+00
1.775619999999999976e+00,6.965000000000000357e-02,3.890895199794090070e-02,1.000000000000000000e+00
1.797039999999999971e+00,7.083000000000000407e-02,3.882951556502386992e-02,1.000000000000000000e+00
1.797039999999999971e+00,7.083000000000000407e-02,3.882951556502386992e-02,1.000000000000000000e+00
1.810990000000000100e+00,7.215000000000000580e-02,3.612959760287827449e-02,1.000000000000000000e+00
1.812170000000000059e+00,7.226000000000000478e-02,3.586723502523922469e-02,1.000000000000000000e+00
1.838789999999999925e+00,7.378999999999999448e-02,3.622232251558839961e-02,1.000000000000000000e+00
1.853690000000000060e+00,7.448000000000000453e-02,3.910547883111101242e-02,1.000000000000000000e+00
1.853690000000000060e+00,7.448000000000000453e-02,3.910547883111101242e-02,1.000000000000000000e+00
1.867480000000000029e+00,7.521999999999999520e-02,3.932470816773082911e-02,1.000000000000000000e+00
1.867480000000000029e+00,7.521999999999999520e-02,3.932470816773082911e-02,1.000000000000000000e+00
1.881669999999999954e+00,7.610000000000000098e-02,4.207323703161808259e-02,1.000000000000000000e+00
1.901920000000000055e+00,7.693999999999999451e-02,3.975687379800055266e-02,1.000000000000000000e+00
1.901920000000000055e+00,7.693999999999999451e-02,3.975687379800055266e-02,1.000000000000000000e+00
1.904749999999999943e+00,7.704999999999999349e-02,3.936710742730487739e-02,1.000000000000000000e+00
1.918190000000000062e+00,7.699999999999999900e-02,4.193634441699733290e-02,1.000000000000000000e+00
1.918190000000000062e+00,7.699999999999999900e-02,4.193634441699733290e-02,1.000000000000000000e+00
1.933289999999999953e+00,7.754999999999999394e-02,3.888520566739404188e-02,1.000000000000000000e+00
1.946299999999999919e+00,7.804999999999999438e-02,4.180368203846958342e-02,1.000000000000000000e+00
1.947500000000000009e+00,7.810000000000000275e-02,4.207184104073614928e-02,1.000000000000000000e+00
1.959170000000000078e+00,7.908999999999999364e-02,3.936528072465875910e-02,1.000000000000000000e+00
1.980830000000000091e+00,7.925000000000000100e-02,3.884869990170221332e-02,1.000000000000000000e+00
1.982790000000000052e+00,7.925000000000000100e-02,3.882935498820391101e-02,1.000000000000000000e+00
1.985419999999999963e+00,8.036000000000000087e-02,4.203527407534871085e-02,1.000000000000000000e+00
1.999829999999999997e+00,8.114999999999999991e-02,4.239605190288255054e-02,1.000000000000000000e+00
1.999829999999999997e+00,8.114999999999999991e-02,4.239605190288255054e-02,1.000000000000000000e+00
2.003239999999999910e+00,8.140000000000000013e-02,3.918985586714700958e-02,1.000000000000000000e+00
2.003239999999999910e+00,8.140000000000000013e-02,3.918985586714700958e-02,1.000000000000000000e+00
2.013450000000000184e+00,8.165999999999999648e-02,3.897405529290862147e-02,1.000000000000000000e+00
2.016630000000000145e+00,8.217000000000000692e-02,3.892690927632915660e-02,1.000000000000000000e+00
2.016630000000000145e+00,8.217000000000000692e-02,3.892690927632915660e-02,1.000000000000000000e+00
2.025999999999999801e+00,8.225999999999999979e-02,3.903762217673396179e-02,1.000000000000000000e+00
2.025999999999999801e+00,8.225999999999999979e-02,3.903762217673396179e-02,1.000000000000000000e+00
2.027960000000000207e+00,8.268000000000000349e-02,3.897133280582418952e-02,1.000000000000000000e+00
2.028059999999999974e+00,8.272000000000000186e-02,3.896366895366803335e-02,1.000000000000000000e+00
2.029479999999999951e+00,8.283999999999999697e-02,3.899257571615585838e-02,1.000000000000000000e+00
2.029619999999999980e+00,8.284999999999999309e-02,3.899528265735302535e-02,1.000000000000000000e+00
2.030590000000000117e+00,8.269999999999999574e-02,4.185305607652370363e-02,1.000000000000000000e+00
2.030479999999999841e+00,8.271000000000000574e-02,4.232406795928279203e-02,1.000000000000000000e+00
2.030460000000000154e+00,8.271000000000000574e-02,4.234261080930215582e-02,1.000000000000000000e+00
2.038619999999999877e+00,8.298999999999999433e-02,3.935483407851683019e-02,1.000000000000000000e+00
2.039260000000000073e+00,8.283999999999999697e-02,3.910353391509676507e-02,1.000000000000000000e+00
2.039260000000000073e+00,8.283999999999999697e-02,3.910353391509676507e-02,1.000000000000000000e+00
2.030990000000000073e+00,8.301000000000000045e-02,4.200131164374779069e-02,1.000000000000000000e+00
2.030990000000000073e+00,8.301000000000000045e-02,4.200131164374779069e-02,1.000000000000000000e+00
2.038289999999999935e+00,8.296000000000000596e-02,3.927371738854773531e-02,1.000000000000000000e+00
2.038920000000000066e+00,8.294999999999999596e-02,3.903756469638151871e-02,1.000000000000000000e+00
2.031579999999999941e+00,8.287999999999999534e-02,4.183397274732390120e-02,1.000000000000000000e+00
2.030879999999999797e+00,8.272000000000000186e-02,4.214709511302656281e-02,1.000000000000000000e+00
2.030879999999999797e+00,8.272000000000000186e-02,4.214709511302656281e-02,1.000000000000000000e+00
2.030409999999999826e+00,8.300000000000000433e-02,4.221591309807857378e-02,1.000000000000000000e+00
2.030370000000000008e+00,8.301999999999999658e-02,4.222139377274074235e-02,1.000000000000000000e+00
2.029869999999999841e+00,8.293000000000000371e-02,3.931654997803161328e-02,1.000000000000000000e+00
2.030180000000000096e+00,8.269999999999999574e-02,4.190768032948878619e-02,1.000000000000000000e+00
2.030180000000000096e+00,8.269999999999999574e-02,4.190768032948878619e-02,1.000000000000000000e+00
2.038710000000000022e+00,8.293999999999999984e-02,3.928446381766494133e-02,1.000000000000000000e+00
2.038710000000000022e+00,8.293999999999999984e-02,3.928446381766494133e-02,1.000000000000000000e+00
2.039919999999999956e+00,8.305999999999999495e-02,4.199174659788541819e-02,1.000000000000000000e+00
2.039969999999999839e+00,8.307000000000000495e-02,4.226178211424751197e-02,1.000000000000000000e+00
2.039649999999999963e+00,8.297999999999999821e-02,3.931924921976110571e-02,1.000000000000000000e+00
2.039460000000000051e+00,8.290000000000000147e-02,4.209424611366179014e-02,1.000000000000000000e+00
2.039460000000000051e+00,8.290000000000000147e-02,4.209424611366179014e-02,1.000000000000000000e+00
2.039320000000000022e+00,8.301999999999999658e-02,4.225911736480551101e-02,1.000000000000000000e+00
2.039270000000000138e+00,8.289000000000000534e-02,4.230941964713526987e-02,1.000000000000000000e+00
-4.499999999999999877e-04,-2.000000000000000164e-05,0.000000000000000000e+00,1.000000000000000000e+00
-7.600000000000000418e-04,2.000000000000000164e-05,-1.326922781833343203e-03,1.000000000000000000e+00
-7.600000000000000418e-04,2.000000000000000164e-05,-1.326922781833343203e-03,1.000000000000000000e+00
-6.499999999999999702e-04,5.000000000000000240e-05,5.450771438601743554e-06,1.000000000000000000e+00
-6.499999999999999702e-04,5.000000000000000240e-05,5.450771438601743554e-06,1.000000000000000000e+00
6.300000000000000261e-04,8.000000000000000654e-05,2.635829649831289380e-04,1.000000000000000000e+00
6.300000000000000261e-04,8.000000000000000654e-05,2.635829649831289380e-04,1.000000000000000000e+00
1.820000000000000003e-03,-9.000000000000000567e-05,6.156691922481617295e-04,1.000000000000000000e+00
1.920000000000000049e-03,-1.100000000000000039e-04,6.444673162697112882e-04,1.000000000000000000e+00
-1.469999999999999953e-03,5.000000000000000240e-05,-1.650604635604751517e-03,1.000000000000000000e+00
-1.760000000000000063e-03,6.999999999999999387e-05,-1.881601130748365150e-03,1.000000000000000000e+00
-5.699999999999999772e-04,9.000000000000000567e-05,-1.314931314946764501e-03,1.000000000000000000e+00
-5.299999999999999807e-04,-6.000000000000000152e-05,-1.575335110014523289e-03,1.000000000000000000e+00
-5.299999999999999807e-04,-6.000000000000000152e-05,-1.575335110014523289e-03,1.000000000000000000e+00
1.449999999999999900e-03,-5.999999999999999474e-04,1.277942757630442768e-03,1.000000000000000000e+00
1.449999999999999900e-03,-5.999999999999999474e-04,1.277942757630442768e-03,1.000000000000000000e+00
8.869999999999999413e-03,2.000000000000000164e-05,1.186030601728397822e-03,1.000000000000000000e+00
8.869999999999999413e-03,2.000000000000000164e-05,1.186030601728397822e-03,1.000000000000000000e+00
1.820000000000000090e-02,5.599999999999999509e-04,-3.760757331004640353e-04,1.000000000000000000e+00
1.902999999999999831e-02,5.999999999999999474e-04,-5.182012202926646787e-04,1.000000000000000000e+00
2.760999999999999913e-02,9.100000000000000016e-04,2.483567052790970273e-03,1.000000000000000000e+00
2.760999999999999913e-02,9.100000000000000016e-04,2.483567052790970273e-03,1.000000000000000000e+00
2.760999999999999913e-02,9.100000000000000016e-04,2.483567052790970273e-03,1.000000000000000000e+00
4.453000000000000014e-02,2.060000000000000199e-03,3.163221860547971338e-03,1.000000000000000000e+00
4.453000000000000014e-02,2.060000000000000199e-03,3.163221860547971338e-03,1.000000000000000000e+00
4.453000000000000014e-02,2.060000000000000199e-03,3.163221860547971338e-03,1.000000000000000000e+00
4.542999999999999816e-02,2.089999999999999844e-03,3.437109542738871031e-03,1.000000000000000000e+00
6.904000000000000414e-02,2.870000000000000155e-03,8.089054362651337815e-03,1.000000000000000000e+00
7.012999999999999790e-02,2.939999999999999905e-03,8.402073824370772520e-03,1.000000000000000000e+00
8.282000000000000473e-02,3.069999999999999812e-03,7.866207376883248628e-03,1.000000000000000000e+00
9.829999999999999849e-02,3.389999999999999784e-03,1.088700534934538069e-02,1.000000000000000000e+00
9.829999999999999849e-02,3.389999999999999784e-03,1.088700534934538069e-02,1.000000000000000000e+00
1.086400000000000005e-01,3.720000000000000216e-03,1.054766119180189539e-02,1.000000000000000000e+00
1.094699999999999979e-01,3.749999999999999861e-03,1.049022774062395753e-02,1.000000000000000000e+00
1.229599999999999999e-01,3.710000000000000190e-03,9.967688854667715662e-03,1.000000000000000000e+00
1.242100000000000010e-01,3.710000000000000190e-03,9.920816413781535781e-03,1.000000000000000000e+00
1.393000000000000071e-01,3.799999999999999992e-03,9.903540213324586033e-03,1.000000000000000000e+00
1.529399999999999926e-01,4.159999999999999636e-03,1.252945693003476753e-02,1.000000000000000000e+00
1.529399999999999926e-01,4.159999999999999636e-03,1.252945693003476753e-02,1.000000000000000000e+00
1.724799999999999944e-01,3.810000000000000019e-03,1.090343813641033756e-02,1.000000000000000000e+00
1.724799999999999944e-01,3.810000000000000019e-03,1.090343813641033756e-02,1.000000000000000000e+00
1.924599999999999922e-01,4.579999999999999870e-03,1.267816779169089400e-02,1.000000000000000000e+00
1.941400000000000070e-01,4.649999999999999620e-03,1.287159869176245260e-02,1.000000000000000000e+00
2.038000000000000089e-01,5.579999999999999891e-03,1.896425518885128461e-02,1.000000000000000000e+00
2.232000000000000095e-01,5.780000000000000415e-03,1.921474179172666039e-02,1.000000000000000000e+00
2.232000000000000095e-01,5.780000000000000415e-03,1.921474179172666039e-02,1.000000000000000000e+00
2.461200000000000054e-01,7.539999999999999827e-03,1.986382933381333066e-02,1.000000000000000000e+00
2.461200000000000054e-01,7.539999999999999827e-03,1.986382933381333066e-02,1.000000000000000000e+00
2.613599999999999812e-01,8.670000000000000623e-03,1.860850190231675208e-02,1.000000000000000000e+00
2.627099999999999991e-01,8.770000000000000018e-03,1.847430638946212164e-02,1.000000000000000000e+00
2.773999999999999799e-01,9.429999999999999147e-03,2.001174645499574981e-02,1.000000000000000000e+00
2.960099999999999953e-01,1.008000000000000042e-02,1.819985395069659978e-02,1.000000000000000000e+00
2.960099999999999953e-01,1.008000000000000042e-02,1.819985395069659978e-02,1.000000000000000000e+00
3.111599999999999921e-01,1.047999999999999973e-02,1.949477207121040265e-02,1.000000000000000000e+00
3.111599999999999921e-01,1.047999999999999973e-02,1.949477207121040265e-02,1.000000000000000000e+00
3.259900000000000020e-01,1.103999999999999947e-02,2.121971018902493039e-02,1.000000000000000000e+00
3.273800000000000043e-01,1.110000000000000049e-02,2.138149269092521829e-02,1.000000000000000000e+00
3.427899999999999836e-01,1.139000000000000082e-02,1.766551579415057832e-02,1.000000000000000000e+00
3.427899999999999836e-01,1.139000000000000082e-02,1.766551579415057832e-02,1.000000000000000000e+00
3.579899999999999749e-01,1.149000000000000021e-02,1.823789398811479293e-02,1.000000000000000000e+00
3.751399999999999735e-01,1.162999999999999971e-02,1.975635021388090148e-02,1.000000000000000000e+00
3.751399999999999735e-01,1.162999999999999971e-02,1.975635021388090148e-02,1.000000000000000000e+00
3.904500000000000193e-01,1.196999999999999974e-02,2.146300249756837031e-02,1.000000000000000000e+00
3.920000000000000151e-01,1.200999999999999984e-02,2.163953607001438753e-02,1.000000000000000000e+00
4.060900000000000065e-01,1.238000000000000038e-02,2.521121835590033403e-02,1.000000000000000000e+00
4.074699999999999989e-01,1.242000000000000048e-02,2.555921477946555831e-02,1.000000000000000000e+00
4.213700000000000223e-01,1.336000000000000035e-02,2.360743175611373229e-02,1.000000000000000000e+00
4.458900000000000086e-01,1.409999999999999969e-02,2.910132430876264178e-02,1.000000000000000000e+00
4.458900000000000086e-01,1.409999999999999969e-02,2.910132430876264178e-02,1.000000000000000000e+00
4.624900000000000122e-01,1.481000000000000025e-02,2.973332452390363076e-02,1.000000000000000000e+00
4.624900000000000122e-01,1.481000000000000025e-02,2.973332452390363076e-02,1.000000000000000000e+00
4.756699999999999817e-01,1.597000000000000156e-02,2.602094054179525731e-02,1.000000000000000000e+00
4.770400000000000196e-01,1.609000000000000014e-02,2.558196492082609810e-02,1.000000000000000000e+00
4.939299999999999802e-01,1.691000000000000142e-02,2.770584430063290082e-02,1.000000000000000000e+00
5.167000000000000481e-01,1.830999999999999989e-02,2.723054620128275219e-02,1.000000000000000000e+00
5.167000000000000481e-01,1.830999999999999989e-02,2.723054620128275219e-02,1.000000000000000000e+00
5.193100000000000493e-01,1.847999999999999990e-02,2.713985456783505473e-02,1.000000000000000000e+00
5.313400000000000345e-01,1.898999999999999994e-02,2.686001439618001044e-02,1.000000000000000000e+00
5.496600000000000374e-01,1.957000000000000059e-02,2.838639941871703293e-02,1.000000000000000000e+00
5.514200000000000212e-01,1.961999999999999855e-02,2.854494454422768987e-02,1.000000000000000000e+00
5.637900000000000134e-01,2.020999999999999880e-02,2.657418963982293575e-02,1.000000000000000000e+00
5.824700000000000433e-01,2.041000000000000106e-02,2.821148248117885671e-02,1.000000000000000000e+00
5.824700000000000433e-01,2.041000000000000106e-02,2.821148248117885671e-02,1.000000000000000000e+00
5.963500000000000467e-01,2.082000000000000170e-02,3.180004362109673660e-02,1.000000000000000000e+00
5.963500000000000467e-01,2.082000000000000170e-02,3.180004362109673660e-02,1.000000000000000000e+00
6.100999999999999757e-01,2.127000000000000071e-02,3.204282080457065973e-02,1.000000000000000000e+00
6.100999999999999757e-01,2.127000000000000071e-02,3.204282080457065973e-02,1.000000000000000000e+00
6.237700000000000466e-01,2.189999999999999933e-02,3.214067851704385109e-02,1.000000000000000000e+00
6.397199999999999553e-01,2.290999999999999981e-02,3.219551103124083935e-02,1.000000000000000000e+00
6.397199999999999553e-01,2.290999999999999981e-02,3.219551103124083935e-02,1.000000000000000000e+00
6.415499999999999536e-01,2.302999999999999839e-02,3.220103017428758985e-02,1.000000000000000000e+00
6.415499999999999536e-01,2.302999999999999839e-02,3.220103017428758985e-02,1.000000000000000000e+00
6.754900000000000349e-01,2.492000000000000118e-02,3.431149837255453861e-02,1.000000000000000000e+00
6.787999999999999590e-01,2.511000000000000038e-02,3.451738688830845864e-02,1.000000000000000000e+00
6.913300000000000001e-01,2.569000000000000103e-02,3.443476993225504795e-02,1.000000000000000000e+00
7.051600000000000090e-01,2.672000000000000069e-02,3.429659132469010246e-02,1.000000000000000000e+00
7.051600000000000090e-01,2.672000000000000069e-02,3.429659132469010246e-02,1.000000000000000000e+00
7.219400000000000261e-01,2.801000000000000018e-02,3.674171598403691563e-02,1.000000000000000000e+00
7.219400000000000261e-01,2.801000000000000018e-02,3.674171598403691563e-02,1.000000000000000000e+00
7.365699999999999470e-01,2.878999999999999962e-02,3.453425736799679152e-02,1.000000000000000000e+00
7.378500000000000059e-01,2.885000000000000064e-02,3.428300330779291555e-02,1.000000000000000000e+00
7.604699999999999793e-01,2.930999999999999925e-02,3.859218533400009254e-02,1.000000000000000000e+00
7.624699999999999811e-01,2.936000000000000068e-02,3.897286694754202585e-02,1.000000000000000000e+00
7.750799999999999912e-01,3.011000000000000135e-02,3.878098343623840455e-02,1.000000000000000000e+00
7.750799999999999912e-01,3.011000000000000135e-02,3.878098343623840455e-02,1.000000000000000000e+00
7.961599999999999788e-01,3.067999999999999894e-02,3.876936903421949326e-02,1.000000000000000000e+00
8.113399999999999501e-01,3.090999999999999998e-02,3.841469367553617537e-02,1.000000000000000000e+00
8.113399999999999501e-01,3.090999999999999998e-02,3.841469367553617537e-02,1.000000000000000000e+00
8.366900000000000448e-01,3.227000000000000007e-02,3.796523089741050266e-02,1.000000000000000000e+00
8.390100000000000335e-01,3.239999999999999825e-02,3.792617444156112794e-02,1.000000000000000000e+00
8.490199999999999969e-01,3.309999999999999748e-02,3.989952333898891257e-02,1.000000000000000000e+00
8.632699999999999818e-01,3.409999999999999837e-02,3.813429449313598257e-02,1.000000000000000000e+00
8.632699999999999818e-01,3.409999999999999837e-02,3.813429449313598257e-02,1.000000000000000000e+00
8.817099999999999937e-01,3.545000000000000234e-02,4.001558507729700842e-02,1.000000000000000000e+00
8.817099999999999937e-01,3.545000000000000234e-02,4.001558507729700842e-02,1.000000000000000000e+00
8.971700000000000230e-01,3.640000000000000180e-02,4.217258319609933775e-02,1.000000000000000000e+00
8.984600000000000364e-01,3.647999999999999854e-02,4.235578710266810210e-02,1.000000000000000000e+00
9.122200000000000308e-01,3.699999999999999817e-02,4.002545711993262673e-02,1.000000000000000000e+00
9.303599999999999648e-01,3.794000000000000150e-02,3.994925000483420807e-02,1.000000000000000000e+00
9.303599999999999648e-01,3.794000000000000150e-02,3.994925000483420807e-02,1.000000000000000000e+00
9.463099999999999845e-01,3.950000000000000039e-02,4.236695460392701784e-02,1.000000000000000000e+00
9.463099999999999845e-01,3.950000000000000039e-02,4.236695460392701784e-02,1.000000000000000000e+00
9.614500000000000268e-01,4.050999999999999740e-02,4.257939529263606721e-02,1.000000000000000000e+00
9.614500000000000268e-01,4.050999999999999740e-02,4.257939529263606721e-02,1.000000000000000000e+00
9.765500000000000291e-01,4.134000000000000175e-02,4.262003807657806231e-02,1.000000000000000000e+00
9.918599999999999639e-01,4.195000000000000118e-02,4.279070437379453584e-02,1.000000000000000000e+00
9.918599999999999639e-01,4.195000000000000118e-02,4.279070437379453584e-02,1.000000000000000000e+00
1.007759999999999989e+00,4.284999999999999920e-02,4.506458033965676790e-02,1.000000000000000000e+00
1.007759999999999989e+00,4.284999999999999920e-02,4.506458033965676790e-02,1.000000000000000000e+00
1.027600000000000069e+00,4.320999999999999841e-02,4.728532256442474768e-02,1.000000000000000000e+00
1.029349999999999987e+00,4.324000000000000066e-02,4.747661697074407466e-02,1.000000000000000000e+00
1.043989999999999974e+00,4.388000000000000234e-02,4.517224088812852451e-02,1.000000000000000000e+00
1.063960000000000017e+00,4.408000000000000113e-02,4.706311133210856062e-02,1.000000000000000000e+00
1.063960000000000017e+00,4.408000000000000113e-02,4.706311133210856062e-02,1.000000000000000000e+00
1.063960000000000017e+00,4.408000000000000113e-02,4.706311133210856062e-02,1.000000000000000000e+00
1.084240000000000093e+00,4.544000000000000122e-02,4.552987357909991234e-02,1.000000000000000000e+00
1.101099999999999968e+00,4.685999999999999888e-02,4.784328716113257773e-02,1.000000000000000000e+00
1.112950000000000106e+00,4.782000000000000139e-02,4.787320427671630518e-02,1.000000000000000000e+00
1.112950000000000106e+00,4.782000000000000139e-02,4.787320427671630518e-02,1.000000000000000000e+00
1.128980000000000095e+00,4.846000000000000307e-02,4.765586129347280236e-02,1.000000000000000000e+00
1.128980000000000095e+00,4.846000000000000307e-02,4.765586129347280236e-02,1.000000000000000000e+00
1.149699999999999944e+00,4.988000000000000073e-02,4.566947744940508258e-02,1.000000000000000000e+00
1.149699999999999944e+00,4.988000000000000073e-02,4.566947744940508258e-02,1.000000000000000000e+00
1.162009999999999987e+00,5.136999999999999900e-02,4.790847017204790531e-02,1.000000000000000000e+00
1.182860000000000023e+00,5.235000000000000070e-02,4.840442160518945020e-02,1.000000000000000000e+00
1.182860000000000023e+00,5.235000000000000070e-02,4.840442160518945020e-02,1.000000000000000000e+00
1.195410000000000084e+00,5.330000000000000016e-02,5.057952324442597375e-02,1.000000000000000000e+00
1.196390000000000065e+00,5.338999999999999996e-02,5.077503064968152263e-02,1.000000000000000000e+00
1.216460000000000097e+00,5.435000000000000248e-02,5.116704220786626872e-02,1.000000000000000000e+00
1.216460000000000097e+00,5.435000000000000248e-02,5.116704220786626872e-02,1.000000000000000000e+00
1.224140000000000006e+00,5.519999999999999907e-02,5.100075748041797696e-02,1.000000000000000000e+00
1.240110000000000046e+00,5.582000000000000156e-02,5.060742903865705911e-02,1.000000000000000000e+00
1.240110000000000046e+00,5.582000000000000156e-02,5.060742903865705911e-02,1.000000000000000000e+00
1.257660000000000000e+00,5.643000000000000099e-02,5.056502409282871702e-02,1.000000000000000000e+00
1.275220000000000020e+00,5.704000000000000042e-02,5.057377328220939022e-02,1.000000000000000000e+00
1.275220000000000020e+00,5.704000000000000042e-02,5.057377328220939022e-02,1.000000000000000000e+00
1.292799999999999949e+00,5.786999999999999783e-02,5.064783433579454763e-02,1.000000000000000000e+00
1.292799999999999949e+00,5.786999999999999783e-02,5.064783433579454763e-02,1.000000000000000000e+00
1.315630000000000077e+00,5.979999999999999899e-02,4.828004053472388646e-02,1.000000000000000000e+00
1.333690000000000042e+00,6.146000000000000074e-02,5.323052801094897701e-02,1.000000000000000000e+00
1.333690000000000042e+00,6.146000000000000074e-02,5.323052801094897701e-02,1.000000000000000000e+00
1.346219999999999972e+00,6.275999999999999635e-02,5.605433729404024623e-02,1.000000000000000000e+00
1.346219999999999972e+00,6.275999999999999635e-02,5.605433729404024623e-02,1.000000000000000000e+00
1.363990000000000036e+00,6.363000000000000600e-02,5.410698483565704736e-02,1.000000000000000000e+00
1.363990000000000036e+00,6.363000000000000600e-02,5.410698483565704736e-02,1.000000000000000000e+00
1.381369999999999987e+00,6.499000000000000610e-02,5.409866746670507348e-02,1.000000000000000000e+00
1.381369999999999987e+00,6.499000000000000610e-02,5.409866746670507348e-02,1.000000000000000000e+00
1.381369999999999987e+00,6.499000000000000610e-02,5.409866746670507348e-02,1.000000000000000000e+00
1.410959999999999992e+00,6.784999999999999365e-02,5.426471729485387446e-02,1.000000000000000000e+00
1.410959999999999992e+00,6.784999999999999365e-02,5.426471729485387446e-02,1.000000000000000000e+00
1.429059999999999997e+00,6.901999999999999802e-02,5.458679468477512647e-02,1.000000000000000000e+00
1.447719999999999896e+00,7.023999999999999688e-02,5.710420552337897721e-02,1.000000000000000000e+00
1.447719999999999896e+00,7.023999999999999688e-02,5.710420552337897721e-02,1.000000000000000000e+00
1.447719999999999896e+00,7.023999999999999688e-02,5.710420552337897721e-02,1.000000000000000000e+00
1.447719999999999896e+00,7.023999999999999688e-02,5.710420552337897721e-02,1.000000000000000000e+00
1.478709999999999969e+00,7.187999999999999945e-02,5.986739475980497327e-02,1.000000000000000000e+00
1.480669999999999931e+00,7.195000000000000007e-02,6.009930689065058618e-02,1.000000000000000000e+00
1.492169999999999996e+00,7.260999999999999399e-02,5.762540853834914600e-02,1.000000000000000000e+00
1.510480000000000045e+00,7.348000000000000365e-02,5.747301791171303964e-02,1.000000000000000000e+00
1.510480000000000045e+00,7.348000000000000365e-02,5.747301791171303964e-02,1.000000000000000000e+00
1.512140000000000040e+00,7.356000000000000039e-02,5.748056020878464928e-02,1.000000000000000000e+00
1.529549999999999965e+00,7.464999999999999414e-02,5.780963692509127200e-02,1.000000000000000000e+00
1.542880000000000029e+00,7.563999999999999890e-02,6.063419154826929502e-02,1.000000000000000000e+00
1.542880000000000029e+00,7.563999999999999890e-02,6.063419154826929502e-02,1.000000000000000000e+00
1.542880000000000029e+00,7.563999999999999890e-02,6.063419154826929502e-02,1.000000000000000000e+00
1.543940000000000090e+00,7.571999999999999564e-02,6.088441581650939904e-02,1.000000000000000000e+00
1.573879999999999946e+00,7.885000000000000342e-02,6.114307797774357067e-02,1.000000000000000000e+00
1.593390000000000084e+00,8.007000000000000228e-02,6.124840661803519770e-02,1.000000000000000000e+00
1.595029999999999948e+00,8.017000000000000515e-02,6.127995755222957058e-02,1.000000000000000000e+00
1.606219999999999981e+00,8.137999999999999401e-02,6.127734213969996541e-02,1.000000000000000000e+00
1.607299999999999951e+00,8.150000000000000300e-02,6.127672269079299794e-02,1.000000000000000000e+00
1.624949999999999894e+00,8.314000000000000556e-02,6.174270195922049176e-02,1.000000000000000000e+00
1.643969999999999931e+00,8.465000000000000302e-02,6.178587476944320117e-02,1.000000000000000000e+00
1.643969999999999931e+00,8.465000000000000302e-02,6.178587476944320117e-02,1.000000000000000000e+00
1.658409999999999940e+00,8.544999999999999818e-02,6.459601577531079442e-02,1.000000000000000000e+00
1.659559999999999924e+00,8.551000000000000267e-02,6.485076402992411004e-02,1.000000000000000000e+00
1.671429999999999971e+00,8.694000000000000339e-02,6.765742897430215841e-02,1.000000000000000000e+00
1.684220000000000050e+00,8.827000000000000124e-02,6.544040010681369257e-02,1.000000000000000000e+00
1.684220000000000050e+00,8.827000000000000124e-02,6.544040010681369257e-02,1.000000000000000000e+00
1.703959999999999919e+00,8.898000000000000353e-02,6.502175794694096955e-02,1.000000000000000000e+00
1.705580000000000096e+00,8.902999999999999803e-02,6.500544216699540023e-02,1.000000000000000000e+00
1.717940000000000023e+00,8.988999999999999768e-02,6.520218176827999312e-02,1.000000000000000000e+00
1.719170000000000087e+00,8.996999999999999442e-02,6.522137164138080978e-02,1.000000000000000000e+00
1.731219999999999981e+00,9.095000000000000306e-02,6.535179335608307105e-02,1.000000000000000000e+00
1.751949999999999896e+00,9.214999999999999580e-02,6.831262977410570980e-02,1.000000000000000000e+00
1.765509999999999913e+00,9.324000000000000343e-02,6.299614723067853417e-02,1.000000000000000000e+00
1.765509999999999913e+00,9.324000000000000343e-02,6.299614723067853417e-02,1.000000000000000000e+00
1.785349999999999993e+00,9.503000000000000336e-02,6.829991175436146700e-02,1.000000000000000000e+00
1.785349999999999993e+00,9.503000000000000336e-02,6.829991175436146700e-02,1.000000000000000000e+00
1.806789999999999896e+00,9.719999999999999474e-02,6.920751852851769748e-02,1.000000000000000000e+00
1.808789999999999898e+00,9.740000000000000047e-02,6.924614492513879449e-02,1.000000000000000000e+00
1.828889999999999905e+00,9.861999999999999933e-02,6.960570234637523945e-02,1.000000000000000000e+00
1.849250000000000060e+00,1.004000000000000031e-01,6.709844083724081365e-02,1.000000000000000000e+00
1.849250000000000060e+00,1.004000000000000031e-01,6.709844083724081365e-02,1.000000000000000000e+00
1.856379999999999919e+00,1.018600000000000061e-01,6.958885126222340289e-02,1.000000000000000000e+00
1.856379999999999919e+00,1.018600000000000061e-01,6.958885126222340289e-02,1.000000000000000000e+00
1.876430000000000042e+00,1.034800000000000025e-01,7.023815730107149657e-02,1.000000000000000000e+00
1.890940000000000065e+00,1.045100000000000057e-01,7.026509329756064348e-02,1.000000000000000000e+00
1.890940000000000065e+00,1.045100000000000057e-01,7.026509329756064348e-02,1.000000000000000000e+00
1.904660000000000020e+00,1.055999999999999994e-01,7.019322006268098602e-02,1.000000000000000000e+00
1.904660000000000020e+00,1.055999999999999994e-01,7.019322006268098602e-02,1.000000000000000000e+00
1.919440000000000035e+00,1.066600000000000048e-01,7.305828246800658010e-02,1.000000000000000000e+00
1.920619999999999994e+00,1.067499999999999977e-01,7.330819976366791113e-02,1.000000000000000000e+00
1.941289999999999960e+00,1.079100000000000059e-01,7.641277375819323370e-02,1.000000000000000000e+00
1.952630000000000088e+00,1.095099999999999962e-01,7.646086281605356250e-02,1.000000000000000000e+00
1.952630000000000088e+00,1.095099999999999962e-01,7.646086281605356250e-02,1.000000000000000000e+00
1.964669999999999916e+00,1.107500000000000012e-01,7.429512434166118950e-02,1.000000000000000000e+00
1.964669999999999916e+00,1.107500000000000012e-01,7.429512434166118950e-02,1.000000000000000000e+00
1.977500000000000036e+00,1.110000000000000014e-01,7.680704759553733108e-02,1.000000000000000000e+00
1.978590000000000071e+00,1.110199999999999937e-01,7.705589133643210575e-02,1.000000000000000000e+00
1.989630000000000010e+00,1.117900000000000005e-01,7.713646513375246871e-02,1.000000000000000000e+00
2.000840000000000174e+00,1.130599999999999938e-01,7.460714731891888996e-02,1.000000000000000000e+00
2.000840000000000174e+00,1.130599999999999938e-01,7.460714731891888996e-02,1.000000000000000000e+00
2.004280000000000062e+00,1.140800000000000008e-01,7.420626809841958382e-02,1.000000000000000000e+00
2.004529999999999923e+00,1.141699999999999937e-01,7.418881622518794239e-02,1.000000000000000000e+00
2.006580000000000030e+00,1.143499999999999933e-01,7.722428826285331060e-02,1.000000000000000000e+00
2.024719999999999853e+00,1.147299999999999986e-01,7.465812653977631219e-02,1.000000000000000000e+00
2.024719999999999853e+00,1.147299999999999986e-01,7.465812653977631219e-02,1.000000000000000000e+00
2.028360000000000163e+00,1.148799999999999960e-01,7.723576357049963259e-02,1.000000000000000000e+00
2.028360000000000163e+00,1.148799999999999960e-01,7.723576357049963259e-02,1.000000000000000000e+00
2.029199999999999893e+00,1.156100000000000044e-01,7.765378200292409605e-02,1.000000000000000000e+00
2.030079999999999885e+00,1.157900000000000040e-01,7.769448908865098091e-02,1.000000000000000000e+00
2.030079999999999885e+00,1.157900000000000040e-01,7.769448908865098091e-02,1.000000000000000000e+00
2.038949999999999818e+00,1.159199999999999953e-01,7.488591345359027485e-02,1.000000000000000000e+00
2.038949999999999818e+00,1.159199999999999953e-01,7.488591345359027485e-02,1.000000000000000000e+00
2.031730000000000036e+00,1.154599999999999932e-01,7.724920484341647742e-02,1.000000000000000000e+00
2.030940000000000190e+00,1.154099999999999987e-01,7.750833360636692759e-02,1.000000000000000000e+00
2.039200000000000124e+00,1.159599999999999936e-01,7.781832974526989299e-02,1.000000000000000000e+00
2.039600000000000080e+00,1.162099999999999939e-01,7.496225252342564316e-02,1.000000000000000000e+00
2.039600000000000080e+00,1.162099999999999939e-01,7.496225252342564316e-02,1.000000000000000000e+00
2.039709999999999912e+00,1.161999999999999977e-01,7.469435266686486052e-02,1.000000000000000000e+00
2.039709999999999912e+00,1.161999999999999977e-01,7.469435266686486052e-02,1.000000000000000000e+00
2.031140000000000168e+00,1.155599999999999961e-01,7.737807177848143869e-02,1.000000000000000000e+00
2.030419999999999892e+00,1.155199999999999977e-01,7.742952960010510144e-02,1.000000000000000000e+00
2.030419999999999892e+00,1.155199999999999977e-01,7.742952960010510144e-02,1.000000000000000000e+00
2.038819999999999855e+00,1.159300000000000053e-01,7.779955527960281947e-02,1.000000000000000000e+00
2.038819999999999855e+00,1.159300000000000053e-01,7.779955527960281947e-02,1.000000000000000000e+00
2.040020000000000167e+00,1.162600000000000022e-01,7.791377432855800533e-02,1.000000000000000000e+00
2.040020000000000167e+00,1.162600000000000022e-01,7.791377432855800533e-02,1.000000000000000000e+00
2.040020000000000167e+00,1.162600000000000022e-01,7.791377432855800533e-02,1.000000000000000000e+00
2.040020000000000167e+00,1.162600000000000022e-01,7.791377432855800533e-02,1.000000000000000000e+00
2.038590000000000124e+00,1.158700000000000008e-01,7.464834651407879773e-02,1.000000000000000000e+00
2.038590000000000124e+00,1.158700000000000008e-01,7.464834651407879773e-02,1.000000000000000000e+00
2.038590000000000124e+00,1.158700000000000008e-01,7.464834651407879773e-02,1.000000000000000000e+00
2.039429999999999854e+00,1.159199999999999953e-01,7.782436912973361709e-02,1.000000000000000000e+00
2.039419999999999789e+00,1.159400000000000014e-01,7.783003469807921182e-02,1.000000000000000000e+00
2.031530000000000058e+00,1.158499999999999946e-01,7.771908989088752162e-02,1.000000000000000000e+00
2.030889999999999862e+00,1.158399999999999985e-01,7.751683707580847571e-02,1.000000000000000000e+00
2.030899999999999928e+00,1.158399999999999985e-01,7.749801250436462452e-02,1.000000000000000000e+00
2.038790000000000102e+00,1.158099999999999963e-01,7.786005999578919645e-02,1.000000000000000000e+00
2.799999999999999755e-04,-1.900000000000000105e-04,0.000000000000000000e+00,1.000000000000000000e+00
2.799999999999999755e-04,-1.900000000000000105e-04,0.000000000000000000e+00,1.000000000000000000e+00
8.000000000000000654e-05,0.000000000000000000e+00,1.399708820635298372e-03,1.000000000000000000e+00
8.000000000000000654e-05,0.000000000000000000e+00,1.399708820635298372e-03,1.000000000000000000e+00
2.200000000000000078e-04,1.299999999999999886e-04,4.157084898275342582e-04,1.000000000000000000e+00
3.400000000000000244e-04,-1.299999999999999886e-04,1.641361870916229577e-03,1.000000000000000000e+00
3.400000000000000244e-04,-1.299999999999999886e-04,1.641361870916229577e-03,1.000000000000000000e+00
4.400000000000000157e-04,-8.000000000000000654e-05,1.663517821669145040e-03,1.000000000000000000e+00
4.400000000000000157e-04,-8.000000000000000654e-05,1.663517821669145040e-03,1.000000000000000000e+00
4.000000000000000192e-04,-9.000000000000000567e-05,1.928865398698033883e-03,1.000000000000000000e+00
3.899999999999999929e-04,-9.000000000000000567e-05,1.954158870531695017e-03,1.000000000000000000e+00
1.330000000000000019e-03,1.700000000000000122e-04,-1.457354866643939019e-03,1.000000000000000000e+00
4.890000000000000249e-03,-0.000000000000000000e+00,8.893909861572969842e-04,1.000000000000000000e+00
4.890000000000000249e-03,-0.000000000000000000e+00,8.893909861572969842e-04,1.000000000000000000e+00
8.569999999999999493e-03,1.900000000000000105e-04,8.427943342902407880e-04,1.000000000000000000e+00
8.569999999999999493e-03,1.900000000000000105e-04,8.427943342902407880e-04,1.000000000000000000e+00
1.521999999999999915e-02,5.800000000000000034e-04,-8.444464773974490451e-04,1.000000000000000000e+00
1.521999999999999915e-02,5.800000000000000034e-04,-8.444464773974490451e-04,1.000000000000000000e+00
1.521999999999999915e-02,5.800000000000000034e-04,-8.444464773974490451e-04,1.000000000000000000e+00
1.521999999999999915e-02,5.800000000000000034e-04,-8.444464773974490451e-04,1.000000000000000000e+00
1.521999999999999915e-02,5.800000000000000034e-04,-8.444464773974490451e-04,1.000000000000000000e+00
1.575000000000000011e-02,6.099999999999999737e-04,-9.832618727621037207e-04,1.000000000000000000e+00
4.356999999999999762e-02,1.629999999999999939e-03,2.219871796633739441e-03,1.000000000000000000e+00
5.199000000000000149e-02,1.899999999999999996e-03,1.562697959555809637e-03,1.000000000000000000e+00
5.267999999999999766e-02,1.930000000000000075e-03,1.486288890810812590e-03,1.000000000000000000e+00
6.558999999999999553e-02,2.259999999999999856e-03,4.803817275352660100e-03,1.000000000000000000e+00
7.653000000000000080e-02,3.170000000000000075e-03,6.427081799813450132e-03,1.000000000000000000e+00
7.653000000000000080e-02,3.170000000000000075e-03,6.427081799813450132e-03,1.000000000000000000e+00
8.734999999999999709e-02,4.199999999999999740e-03,7.594181235544312548e-03,1.000000000000000000e+00
8.734999999999999709e-02,4.199999999999999740e-03,7.594181235544312548e-03,1.000000000000000000e+00
1.063700000000000062e-01,3.650000000000000033e-03,1.261509673579319472e-02,1.000000000000000000e+00
1.217000000000000026e-01,3.550000000000000204e-03,1.098572380314232280e-02,1.000000000000000000e+00
1.217000000000000026e-01,3.550000000000000204e-03,1.098572380314232280e-02,1.000000000000000000e+00
1.380099999999999938e-01,3.919999999999999873e-03,1.105272669521175678e-02,1.000000000000000000e+00
1.380099999999999938e-01,3.919999999999999873e-03,1.105272669521175678e-02,1.000000000000000000e+00
1.534800000000000053e-01,4.040000000000000188e-03,1.342470389986398852e-02,1.000000000000000000e+00
1.547699999999999909e-01,4.049999999999999781e-03,1.363975685846339179e-02,1.000000000000000000e+00
1.640500000000000014e-01,4.479999999999999608e-03,1.590881698476831127e-02,1.000000000000000000e+00
1.793200000000000072e-01,4.769999999999999934e-03,1.592746470611437412e-02,1.000000000000000000e+00
1.793200000000000072e-01,4.769999999999999934e-03,1.592746470611437412e-02,1.000000000000000000e+00
1.948100000000000109e-01,5.380000000000000233e-03,1.907953456266598541e-02,1.000000000000000000e+00
1.948100000000000109e-01,5.380000000000000233e-03,1.907953456266598541e-02,1.000000000000000000e+00
2.105200000000000127e-01,6.250000000000000347e-03,2.432619687303888903e-02,1.000000000000000000e+00
2.117900000000000060e-01,6.329999999999999689e-03,2.476557695129755210e-02,1.000000000000000000e+00
2.350299999999999889e-01,8.189999999999999364e-03,2.530423368831173983e-02,1.000000000000000000e+00
2.520800000000000263e-01,8.779999999999999610e-03,2.726011749848918087e-02,1.000000000000000000e+00
2.520800000000000263e-01,8.779999999999999610e-03,2.726011749848918087e-02,1.000000000000000000e+00
2.688499999999999779e-01,9.700000000000000289e-03,2.376356767662275021e-02,1.000000000000000000e+00
2.831799999999999873e-01,1.030000000000000013e-02,2.681268522540384072e-02,1.000000000000000000e+00
2.831799999999999873e-01,1.030000000000000013e-02,2.681268522540384072e-02,1.000000000000000000e+00
2.997000000000000219e-01,1.158999999999999961e-02,2.574253368688084534e-02,1.000000000000000000e+00
2.997000000000000219e-01,1.158999999999999961e-02,2.574253368688084534e-02,1.000000000000000000e+00
3.148000000000000242e-01,1.265999999999999938e-02,2.690495762771387064e-02,1.000000000000000000e+00
3.315899999999999959e-01,1.324999999999999963e-02,2.689125822364711246e-02,1.000000000000000000e+00
3.315899999999999959e-01,1.324999999999999963e-02,2.689125822364711246e-02,1.000000000000000000e+00
3.481799999999999895e-01,1.357000000000000046e-02,2.311174948100832433e-02,1.000000000000000000e+00
3.481799999999999895e-01,1.357000000000000046e-02,2.311174948100832433e-02,1.000000000000000000e+00
3.640999999999999792e-01,1.416000000000000071e-02,2.593053257388166014e-02,1.000000000000000000e+00
3.652400000000000091e-01,1.421000000000000041e-02,2.619046310980280637e-02,1.000000000000000000e+00
3.792599999999999860e-01,1.473999999999999963e-02,2.920362996182643625e-02,1.000000000000000000e+00
3.946500000000000008e-01,1.485999999999999995e-02,3.121354633340573878e-02,1.000000000000000000e+00
3.946500000000000008e-01,1.485999999999999995e-02,3.121354633340573878e-02,1.000000000000000000e+00
4.120199999999999974e-01,1.525999999999999926e-02,3.295588916791332423e-02,1.000000000000000000e+00
4.120199999999999974e-01,1.525999999999999926e-02,3.295588916791332423e-02,1.000000000000000000e+00
4.277599999999999736e-01,1.614000000000000157e-02,3.510827111725126765e-02,1.000000000000000000e+00
4.277599999999999736e-01,1.614000000000000157e-02,3.510827111725126765e-02,1.000000000000000000e+00
4.436499999999999888e-01,1.712999999999999939e-02,3.843728112312554124e-02,1.000000000000000000e+00
4.615900000000000003e-01,1.815999999999999906e-02,3.899301937183121541e-02,1.000000000000000000e+00
4.615900000000000003e-01,1.815999999999999906e-02,3.899301937183121541e-02,1.000000000000000000e+00
4.753000000000000003e-01,1.907999999999999974e-02,3.882216726356554209e-02,1.000000000000000000e+00
4.753000000000000003e-01,1.907999999999999974e-02,3.882216726356554209e-02,1.000000000000000000e+00
4.929200000000000248e-01,2.002999999999999919e-02,3.708259193014794286e-02,1.000000000000000000e+00
5.065300000000000358e-01,2.094999999999999987e-02,3.831972588084423675e-02,1.000000000000000000e+00
5.065300000000000358e-01,2.094999999999999987e-02,3.831972588084423675e-02,1.000000000000000000e+00
5.076100000000000056e-01,2.103000000000000008e-02,3.844480352005846813e-02,1.000000000000000000e+00
5.218699999999999450e-01,2.200999999999999832e-02,3.690618734251970706e-02,1.000000000000000000e+00
5.405900000000000150e-01,2.314000000000000085e-02,3.673898231025895383e-02,1.000000000000000000e+00
5.405900000000000150e-01,2.314000000000000085e-02,3.673898231025895383e-02,1.000000000000000000e+00
5.519399999999999862e-01,2.447999999999999829e-02,3.856761914121163010e-02,1.000000000000000000e+00
5.519399999999999862e-01,2.447999999999999829e-02,3.856761914121163010e-02,1.000000000000000000e+00
5.706099999999999506e-01,2.501000000000000098e-02,4.076746355352274531e-02,1.000000000000000000e+00
5.875399999999999512e-01,2.560000000000000123e-02,4.292847466102438919e-02,1.000000000000000000e+00
5.875399999999999512e-01,2.560000000000000123e-02,4.292847466102438919e-02,1.000000000000000000e+00
6.057900000000000507e-01,2.611000000000000126e-02,4.849539428593715312e-02,1.000000000000000000e+00
6.057900000000000507e-01,2.611000000000000126e-02,4.849539428593715312e-02,1.000000000000000000e+00
6.233600000000000252e-01,2.693999999999999867e-02,4.937045749799377076e-02,1.000000000000000000e+00
6.248399999999999510e-01,2.700999999999999929e-02,4.938212341585038884e-02,1.000000000000000000e+00
6.400500000000000078e-01,2.789000000000000160e-02,5.179122041768032675e-02,1.000000000000000000e+00
6.572000000000000064e-01,2.885000000000000064e-02,5.232934336679160442e-02,1.000000000000000000e+00
6.572000000000000064e-01,2.885000000000000064e-02,5.232934336679160442e-02,1.000000000000000000e+00
6.743299999999999850e-01,3.020000000000000115e-02,5.233118203382178257e-02,1.000000000000000000e+00
6.757699999999999818e-01,3.031999999999999973e-02,5.232800787541655452e-02,1.000000000000000000e+00
6.885900000000000354e-01,3.125000000000000000e-02,5.032147787656892496e-02,1.000000000000000000e+00
7.084000000000000297e-01,3.253000000000000336e-02,5.238714832468411436e-02,1.000000000000000000e+00
7.084000000000000297e-01,3.253000000000000336e-02,5.238714832468411436e-02,1.000000000000000000e+00
7.202600000000000113e-01,3.384000000000000202e-02,5.263126121392731199e-02,1.000000000000000000e+00
7.202600000000000113e-01,3.384000000000000202e-02,5.263126121392731199e-02,1.000000000000000000e+00
7.438900000000000512e-01,3.624000000000000138e-02,5.435599274393184549e-02,1.000000000000000000e+00
7.589599999999999680e-01,3.771999999999999659e-02,5.470771512537751791e-02,1.000000000000000000e+00
7.589599999999999680e-01,3.771999999999999659e-02,5.470771512537751791e-02,1.000000000000000000e+00
7.589599999999999680e-01,3.771999999999999659e-02,5.470771512537751791e-02,1.000000000000000000e+00
7.765699999999999825e-01,3.896999999999999770e-02,5.691134913172887777e-02,1.000000000000000000e+00
7.946299999999999475e-01,4.003000000000000308e-02,5.926352864741887827e-02,1.000000000000000000e+00
7.946299999999999475e-01,4.003000000000000308e-02,5.926352864741887827e-02,1.000000000000000000e+00
8.092300000000000049e-01,4.093000000000000110e-02,5.728004315257362311e-02,1.000000000000000000e+00
8.271899999999999809e-01,4.179999999999999688e-02,5.703030460002387475e-02,1.000000000000000000e+00
8.271899999999999809e-01,4.179999999999999688e-02,5.703030460002387475e-02,1.000000000000000000e+00
8.288299999999999557e-01,4.188000000000000056e-02,5.702616997116677355e-02,1.000000000000000000e+00
8.575500000000000345e-01,4.363999999999999824e-02,5.956375117453296258e-02,1.000000000000000000e+00
8.575500000000000345e-01,4.363999999999999824e-02,5.956375117453296258e-02,1.000000000000000000e+00
8.757000000000000339e-01,4.465999999999999831e-02,6.181590829686930272e-02,1.000000000000000000e+00
8.757000000000000339e-01,4.465999999999999831e-02,6.181590829686930272e-02,1.000000000000000000e+00
8.907599999999999962e-01,4.592999999999999861e-02,6.169591089787355986e-02,1.000000000000000000e+00
8.922200000000000131e-01,4.605000000000000066e-02,6.166122421449249380e-02,1.000000000000000000e+00
9.059300000000000130e-01,4.714000000000000135e-02,6.184014008226784709e-02,1.000000000000000000e+00
9.072900000000000409e-01,4.725000000000000033e-02,6.185795779258125571e-02,1.000000000000000000e+00
9.246999999999999664e-01,4.834999999999999715e-02,6.638194147667053624e-02,1.000000000000000000e+00
9.366400000000000281e-01,5.000999999999999890e-02,6.493653050356561207e-02,1.000000000000000000e+00
9.376499999999999835e-01,5.016000000000000320e-02,6.474894164126443474e-02,1.000000000000000000e+00
9.552199999999999580e-01,5.120000000000000245e-02,6.698138513159115903e-02,1.000000000000000000e+00
9.568400000000000238e-01,5.129999999999999838e-02,6.718809425386200462e-02,1.000000000000000000e+00
9.706099999999999728e-01,5.281999999999999890e-02,6.773028739616229754e-02,1.000000000000000000e+00
9.859099999999999531e-01,5.426999999999999880e-02,6.805038490198141166e-02,1.000000000000000000e+00
9.859099999999999531e-01,5.426999999999999880e-02,6.805038490198141166e-02,1.000000000000000000e+00
9.872900000000000009e-01,5.439999999999999697e-02,6.807666923091540423e-02,1.000000000000000000e+00
1.017349999999999977e+00,5.695999999999999674e-02,6.816811323651730814e-02,1.000000000000000000e+00
1.017349999999999977e+00,5.695999999999999674e-02,6.816811323651730814e-02,1.000000000000000000e+00
1.036759999999999904e+00,5.786000000000000171e-02,6.816351940749558469e-02,1.000000000000000000e+00
1.036759999999999904e+00,5.786000000000000171e-02,6.816351940749558469e-02,1.000000000000000000e+00
1.053330000000000100e+00,5.906999999999999751e-02,6.837303204176214955e-02,1.000000000000000000e+00
1.054659999999999931e+00,5.917000000000000037e-02,6.839174691937625894e-02,1.000000000000000000e+00
1.069229999999999903e+00,6.022000000000000269e-02,7.088831693571742698e-02,1.000000000000000000e+00
1.085439999999999960e+00,6.124999999999999889e-02,7.332113835349428344e-02,1.000000000000000000e+00
1.085439999999999960e+00,6.124999999999999889e-02,7.332113835349428344e-02,1.000000000000000000e+00
1.101169999999999982e+00,6.257999999999999674e-02,7.408618431289838713e-02,1.000000000000000000e+00
1.101169999999999982e+00,6.257999999999999674e-02,7.408618431289838713e-02,1.000000000000000000e+00
1.117520000000000069e+00,6.403999999999999970e-02,7.402294466332909328e-02,1.000000000000000000e+00
1.133569999999999967e+00,6.535000000000000531e-02,7.188088374349013709e-02,1.000000000000000000e+00
1.133569999999999967e+00,6.535000000000000531e-02,7.188088374349013709e-02,1.000000000000000000e+00
1.149999999999999911e+00,6.686000000000000276e-02,7.424449835776338047e-02,1.000000000000000000e+00
1.149999999999999911e+00,6.686000000000000276e-02,7.424449835776338047e-02,1.000000000000000000e+00
1.166930000000000023e+00,6.862999999999999656e-02,7.487174750949590618e-02,1.000000000000000000e+00
1.168290000000000051e+00,6.876999999999999780e-02,7.490414293284686220e-02,1.000000000000000000e+00
1.183310000000000084e+00,7.000000000000000666e-02,7.505133811970345070e-02,1.000000000000000000e+00
1.199680000000000080e+00,7.176000000000000434e-02,7.816386902833839800e-02,1.000000000000000000e+00
1.199680000000000080e+00,7.176000000000000434e-02,7.816386902833839800e-02,1.000000000000000000e+00
1.211649999999999894e+00,7.340000000000000691e-02,7.621851121986451816e-02,1.000000000000000000e+00
1.211649999999999894e+00,7.340000000000000691e-02,7.621851121986451816e-02,1.000000000000000000e+00
1.232359999999999900e+00,7.503999999999999559e-02,7.867838225685779008e-02,1.000000000000000000e+00
1.245160000000000045e+00,7.643999999999999406e-02,7.640304879653518622e-02,1.000000000000000000e+00
1.245160000000000045e+00,7.643999999999999406e-02,7.640304879653518622e-02,1.000000000000000000e+00
1.256899999999999906e+00,7.753999999999999782e-02,7.854732442651829460e-02,1.000000000000000000e+00
1.256899999999999906e+00,7.753999999999999782e-02,7.854732442651829460e-02,1.000000000000000000e+00
1.278810000000000002e+00,7.899000000000000465e-02,7.683122146682955234e-02,1.000000000000000000e+00
1.291919999999999957e+00,8.004000000000000004e-02,8.154817926207405532e-02,1.000000000000000000e+00
1.291919999999999957e+00,8.004000000000000004e-02,8.154817926207405532e-02,1.000000000000000000e+00
1.308810000000000029e+00,8.111999999999999766e-02,7.993322637964343780e-02,1.000000000000000000e+00
1.308810000000000029e+00,8.111999999999999766e-02,7.993322637964343780e-02,1.000000000000000000e+00
1.321029999999999927e+00,8.243000000000000327e-02,8.223311219209006317e-02,1.000000000000000000e+00
1.322179999999999911e+00,8.255999999999999450e-02,8.250046564698940155e-02,1.000000000000000000e+00
1.343099999999999961e+00,8.437999999999999667e-02,8.535221811075514864e-02,1.000000000000000000e+00
1.371879999999999988e+00,8.680999999999999828e-02,8.430930393540671253e-02,1.000000000000000000e+00
1.371879999999999988e+00,8.680999999999999828e-02,8.430930393540671253e-02,1.000000000000000000e+00
1.390940000000000065e+00,8.876000000000000556e-02,8.684906516712384561e-02,1.000000000000000000e+00
1.392460000000000031e+00,8.892999999999999516e-02,8.709319248321825691e-02,1.000000000000000000e+00
1.398260000000000058e+00,9.050999999999999324e-02,8.728723124309248349e-02,1.000000000000000000e+00
1.415219999999999922e+00,9.235999999999999766e-02,8.725795037592097569e-02,1.000000000000000000e+00
1.415219999999999922e+00,9.235999999999999766e-02,8.725795037592097569e-02,1.000000000000000000e+00
1.438390000000000057e+00,9.443000000000000005e-02,8.554704972498466953e-02,1.000000000000000000e+00
1.438390000000000057e+00,9.443000000000000005e-02,8.554704972498466953e-02,1.000000000000000000e+00
1.445840000000000014e+00,9.610000000000000486e-02,8.791611378431718471e-02,1.000000000000000000e+00
1.446329999999999893e+00,9.624000000000000610e-02,8.815007759971958679e-02,1.000000000000000000e+00
1.469090000000000007e+00,9.772999999999999743e-02,8.882831501681849595e-02,1.000000000000000000e+00
1.483009999999999939e+00,9.914000000000000590e-02,8.858277944310714858e-02,1.000000000000000000e+00
1.483009999999999939e+00,9.914000000000000590e-02,8.858277944310714858e-02,1.000000000000000000e+00
1.495649999999999924e+00,1.002799999999999941e-01,9.140582167920327517e-02,1.000000000000000000e+00
1.496580000000000021e+00,1.003700000000000009e-01,9.163254804754768224e-02,1.000000000000000000e+00
1.520119999999999916e+00,1.016699999999999965e-01,9.182855114663535101e-02,1.000000000000000000e+00
1.533959999999999990e+00,1.030800000000000050e-01,9.503305551930044115e-02,1.000000000000000000e+00
1.533959999999999990e+00,1.030800000000000050e-01,9.503305551930044115e-02,1.000000000000000000e+00
1.552570000000000006e+00,1.049100000000000033e-01,9.861297958484996351e-02,1.000000000000000000e+00
1.552570000000000006e+00,1.049100000000000033e-01,9.861297958484996351e-02,1.000000000000000000e+00
1.565579999999999972e+00,1.066700000000000009e-01,9.878590612166360252e-02,1.000000000000000000e+00
1.578119999999999967e+00,1.085099999999999953e-01,9.641646576491022524e-02,1.000000000000000000e+00
1.578119999999999967e+00,1.085099999999999953e-01,9.641646576491022524e-02,1.000000000000000000e+00
1.596209999999999907e+00,1.108600000000000002e-01,9.863787357981131099e-02,1.000000000000000000e+00
1.596209999999999907e+00,1.108600000000000002e-01,9.863787357981131099e-02,1.000000000000000000e+00
1.616100000000000092e+00,1.131999999999999951e-01,9.937333926600409872e-02,1.000000000000000000e+00
1.616100000000000092e+00,1.131999999999999951e-01,9.937333926600409872e-02,1.000000000000000000e+00
1.628880000000000106e+00,1.146400000000000058e-01,9.702840239985863202e-02,1.000000000000000000e+00
1.647820000000000062e+00,1.171500000000000041e-01,9.734192306231891079e-02,1.000000000000000000e+00
1.647820000000000062e+00,1.171500000000000041e-01,9.734192306231891079e-02,1.000000000000000000e+00
1.660209999999999964e+00,1.193300000000000055e-01,9.767450668239667511e-02,1.000000000000000000e+00
1.660209999999999964e+00,1.193300000000000055e-01,9.767450668239667511e-02,1.000000000000000000e+00
1.680080000000000018e+00,1.214999999999999969e-01,1.010515559661432083e-01,1.000000000000000000e+00
1.681599999999999984e+00,1.216700000000000004e-01,1.013208169820570825e-01,1.000000000000000000e+00
1.700380000000000003e+00,1.233100000000000029e-01,1.014733812243174549e-01,1.000000000000000000e+00
1.714050000000000074e+00,1.250100000000000100e-01,1.020881475495667434e-01,1.000000000000000000e+00
1.714050000000000074e+00,1.250100000000000100e-01,1.020881475495667434e-01,1.000000000000000000e+00
1.734420000000000073e+00,1.267999999999999960e-01,1.023040115280311607e-01,1.000000000000000000e+00
1.734420000000000073e+00,1.267999999999999960e-01,1.023040115280311607e-01,1.000000000000000000e+00
1.741630000000000011e+00,1.281499999999999861e-01,1.025114122968462937e-01,1.000000000000000000e+00
1.741630000000000011e+00,1.281499999999999861e-01,1.025114122968462937e-01,1.000000000000000000e+00
1.761039999999999939e+00,1.298100000000000087e-01,1.054806068289764337e-01,1.000000000000000000e+00
1.781889999999999974e+00,1.318999999999999895e-01,1.065952175631674353e-01,1.000000000000000000e+00
1.781889999999999974e+00,1.318999999999999895e-01,1.065952175631674353e-01,1.000000000000000000e+00
1.795350000000000001e+00,1.339100000000000013e-01,1.062748410269186844e-01,1.000000000000000000e+00
1.795350000000000001e+00,1.339100000000000013e-01,1.062748410269186844e-01,1.000000000000000000e+00
1.809500000000000108e+00,1.358300000000000063e-01,1.068289066934975523e-01,1.000000000000000000e+00
1.810349999999999904e+00,1.359499999999999875e-01,1.068661165164204174e-01,1.000000000000000000e+00
1.823069999999999968e+00,1.375300000000000133e-01,1.070625652564424490e-01,1.000000000000000000e+00
1.851809999999999956e+00,1.401399999999999868e-01,1.079940512649082418e-01,1.000000000000000000e+00
1.851809999999999956e+00,1.401399999999999868e-01,1.079940512649082418e-01,1.000000000000000000e+00
1.851809999999999956e+00,1.401399999999999868e-01,1.079940512649082418e-01,1.000000000000000000e+00
1.858170000000000099e+00,1.418800000000000061e-01,1.079808735566906430e-01,1.000000000000000000e+00
1.878160000000000052e+00,1.442700000000000093e-01,1.086794508153132027e-01,1.000000000000000000e+00
1.884740000000000082e+00,1.460799999999999876e-01,1.084843354831789008e-01,1.000000000000000000e+00
1.884740000000000082e+00,1.460799999999999876e-01,1.084843354831789008e-01,1.000000000000000000e+00
1.905149999999999899e+00,1.482600000000000029e-01,1.088815745233058241e-01,1.000000000000000000e+00
1.906970000000000054e+00,1.484499999999999986e-01,1.089203909657190661e-01,1.000000000000000000e+00
1.927510000000000057e+00,1.505499999999999894e-01,1.095601472834918655e-01,1.000000000000000000e+00
1.927510000000000057e+00,1.505499999999999894e-01,1.095601472834918655e-01,1.000000000000000000e+00
1.927510000000000057e+00,1.505499999999999894e-01,1.095601472834918655e-01,1.000000000000000000e+00
1.927510000000000057e+00,1.505499999999999894e-01,1.095601472834918655e-01,1.000000000000000000e+00
1.929280000000000106e+00,1.507300000000000029e-01,1.096154257904749657e-01,1.000000000000000000e+00
1.976900000000000102e+00,1.557499999999999996e-01,1.168286672226687833e-01,1.000000000000000000e+00
1.976900000000000102e+00,1.557499999999999996e-01,1.168286672226687833e-01,1.000000000000000000e+00
1.981659999999999977e+00,1.565999999999999892e-01,1.170504220260110140e-01,1.000000000000000000e+00
1.982010000000000050e+00,1.566700000000000037e-01,1.170488346384517819e-01,1.000000000000000000e+00
1.992799999999999905e+00,1.580000000000000016e-01,1.173927618916563026e-01,1.000000000000000000e+00
2.005040000000000155e+00,1.592399999999999927e-01,1.209029058211462532e-01,1.000000000000000000e+00
2.005040000000000155e+00,1.592399999999999927e-01,1.209029058211462532e-01,1.000000000000000000e+00
2.016119999999999912e+00,1.601700000000000068e-01,1.155040406533774655e-01,1.000000000000000000e+00
2.010650000000000048e+00,1.603300000000000003e-01,1.206772994344684768e-01,1.000000000000000000e+00
2.010650000000000048e+00,1.603300000000000003e-01,1.206772994344684768e-01,1.000000000000000000e+00
2.020680000000000032e+00,1.610300000000000065e-01,1.183080259904942116e-01,1.000000000000000000e+00
2.020680000000000032e+00,1.610300000000000065e-01,1.183080259904942116e-01,1.000000000000000000e+00
2.024010000000000087e+00,1.620399999999999896e-01,1.180787321083076463e-01,1.000000000000000000e+00
2.024239999999999817e+00,1.621299999999999963e-01,1.180788257113766782e-01,1.000000000000000000e+00
2.033459999999999823e+00,1.626299999999999968e-01,1.184372498454385886e-01,1.000000000000000000e+00
2.034240000000000048e+00,1.626700000000000090e-01,1.184673716933756088e-01,1.000000000000000000e+00
2.026699999999999946e+00,1.625600000000000100e-01,1.178950311507155901e-01,1.000000000000000000e+00
2.034689999999999888e+00,1.632599999999999885e-01,1.182580582103546912e-01,1.000000000000000000e+00
2.035449999999999982e+00,1.633199999999999930e-01,1.182937833386718263e-01,1.000000000000000000e+00
2.035379999999999967e+00,1.630199999999999982e-01,1.184308776111790279e-01,1.000000000000000000e+00
2.035379999999999967e+00,1.629899999999999960e-01,1.184427025013317647e-01,1.000000000000000000e+00
2.035299999999999887e+00,1.629800000000000137e-01,1.182301700462876498e-01,1.000000000000000000e+00
2.026920000000000055e+00,1.628799999999999970e-01,1.179535627064670356e-01,1.000000000000000000e+00
2.026920000000000055e+00,1.628799999999999970e-01,1.179535627064670356e-01,1.000000000000000000e+00
2.026100000000000012e+00,1.624899999999999956e-01,1.151458726671125005e-01,1.000000000000000000e+00
2.026100000000000012e+00,1.624599999999999933e-01,1.148798204555346314e-01,1.000000000000000000e+00
2.026100000000000012e+00,1.624599999999999933e-01,1.148798204555346314e-01,1.000000000000000000e+00
2.034339999999999815e+00,1.628900000000000070e-01,1.181671078711135220e-01,1.000000000000000000e+00
2.034339999999999815e+00,1.628900000000000070e-01,1.181671078711135220e-01,1.000000000000000000e+00
2.026670000000000194e+00,1.627099999999999935e-01,1.182342213614256676e-01,1.000000000000000000e+00
2.026670000000000194e+00,1.627099999999999935e-01,1.182342213614256676e-01,1.000000000000000000e+00
2.025910000000000100e+00,1.626900000000000013e-01,1.179982201285408178e-01,1.000000000000000000e+00
2.025999999999999801e+00,1.626900000000000013e-01,1.182013847634739295e-01,1.000000000000000000e+00
2.025999999999999801e+00,1.626900000000000013e-01,1.182013847634739295e-01,1.000000000000000000e+00
2.025850000000000151e+00,1.623900000000000066e-01,1.181372814858359238e-01,1.000000000000000000e+00
2.025850000000000151e+00,1.623900000000000066e-01,1.181372814858359238e-01,1.000000000000000000e+00
2.034170000000000034e+00,1.625800000000000023e-01,1.181280628407759964e-01,1.000000000000000000e+00
2.034170000000000034e+00,1.625800000000000023e-01,1.181280628407759964e-01,1.000000000000000000e+00
2.026839999999999975e+00,1.626900000000000013e-01,1.182017084054018258e-01,1.000000000000000000e+00
2.034279999999999866e+00,1.629099999999999993e-01,1.182029714608971854e-01,1.000000000000000000e+00
2.034279999999999866e+00,1.629099999999999993e-01,1.182029714608971854e-01,1.000000000000000000e+00
2.035029999999999895e+00,1.628000000000000003e-01,1.182609771456454434e-01,1.000000000000000000e+00
2.035029999999999895e+00,1.628000000000000003e-01,1.182609771456454434e-01,1.000000000000000000e+00
2.034940000000000193e+00,1.629099999999999993e-01,1.182070615325005736e-01,1.000000000000000000e+00
2.026730000000000143e+00,1.627099999999999935e-01,1.182167641261370750e-01,1.000000000000000000e+00
7.200000000000000453e-04,-3.000000000000000076e-05,0.000000000000000000e+00,1.000000000000000000e+00
7.200000000000000453e-04,-3.000000000000000076e-05,0.000000000000000000e+00,1.000000000000000000e+00
-6.800000000000000488e-04,1.100000000000000039e-04,-3.193308300058565188e-04,1.000000000000000000e+00
-8.000000000000000383e-04,1.200000000000000030e-04,-3.459574783668819490e-04,1.000000000000000000e+00
2.200000000000000078e-04,-8.000000000000000654e-05,6.045372440051041425e-05,1.000000000000000000e+00
-8.400000000000000348e-04,1.100000000000000039e-04,-3.953560093020164331e-05,1.000000000000000000e+00
-8.400000000000000348e-04,1.100000000000000039e-04,-3.953560093020164331e-05,1.000000000000000000e+00
2.400000000000000061e-04,-1.600000000000000131e-04,-8.962972357489881487e-05,1.000000000000000000e+00
3.299999999999999982e-04,-1.800000000000000113e-04,-9.268539140864216243e-05,1.000000000000000000e+00
4.499999999999999877e-04,-1.700000000000000122e-04,-1.330587593404345022e-03,1.000000000000000000e+00
6.300000000000000261e-04,-4.000000000000000327e-05,-3.914583375170483997e-04,1.000000000000000000e+00
6.300000000000000261e-04,-4.000000000000000327e-05,-3.914583375170483997e-04,1.000000000000000000e+00
7.699999999999999597e-04,-1.000000000000000082e-05,-2.840220165244362101e-04,1.000000000000000000e+00
7.699999999999999597e-04,-1.000000000000000082e-05,-2.840220165244362101e-04,1.000000000000000000e+00
7.799999999999999859e-04,-0.000000000000000000e+00,-2.842392286553089209e-04,1.000000000000000000e+00
6.939999999999999988e-03,-6.999999999999999387e-05,2.638753023849415690e-03,1.000000000000000000e+00
6.939999999999999988e-03,-6.999999999999999387e-05,2.638753023849415690e-03,1.000000000000000000e+00
9.740000000000000394e-03,5.800000000000000034e-04,3.973461711139934446e-03,1.000000000000000000e+00
9.740000000000000394e-03,5.800000000000000034e-04,3.973461711139934446e-03,1.000000000000000000e+00
9.740000000000000394e-03,5.800000000000000034e-04,3.973461711139934446e-03,1.000000000000000000e+00
1.905000000000000096e-02,9.700000000000000505e-04,2.429417327019929487e-03,1.000000000000000000e+00
2.931999999999999884e-02,1.090000000000000040e-03,6.929283865014256895e-03,1.000000000000000000e+00
3.599000000000000116e-02,1.779999999999999898e-03,5.095339229240318513e-03,1.000000000000000000e+00
3.599000000000000116e-02,1.779999999999999898e-03,5.095339229240318513e-03,1.000000000000000000e+00
3.647000000000000242e-02,1.840000000000000056e-03,4.913837842351864368e-03,1.000000000000000000e+00
4.988999999999999685e-02,1.770000000000000089e-03,6.535676022564858648e-03,1.000000000000000000e+00
5.793999999999999845e-02,2.330000000000000040e-03,7.830531450797099252e-03,1.000000000000000000e+00
7.062000000000000222e-02,2.799999999999999972e-03,9.062807107519065680e-03,1.000000000000000000e+00
7.062000000000000222e-02,2.799999999999999972e-03,9.062807107519065680e-03,1.000000000000000000e+00
8.273999999999999411e-02,3.220000000000000206e-03,1.001617034966345229e-02,1.000000000000000000e+00
8.273999999999999411e-02,3.220000000000000206e-03,1.001617034966345229e-02,1.000000000000000000e+00
9.675000000000000266e-02,4.270000000000000358e-03,1.177410851413386063e-02,1.000000000000000000e+00
9.765999999999999681e-02,4.340000000000000108e-03,1.189145540408698999e-02,1.000000000000000000e+00
1.107899999999999996e-01,4.989999999999999644e-03,1.402574346815629522e-02,1.000000000000000000e+00
1.253599999999999992e-01,5.790000000000000008e-03,1.523598910880354096e-02,1.000000000000000000e+00
1.253599999999999992e-01,5.790000000000000008e-03,1.523598910880354096e-02,1.000000000000000000e+00
1.389100000000000057e-01,6.279999999999999992e-03,1.639389928414601572e-02,1.000000000000000000e+00
1.389100000000000057e-01,6.279999999999999992e-03,1.639389928414601572e-02,1.000000000000000000e+00
1.389100000000000057e-01,6.279999999999999992e-03,1.639389928414601572e-02,1.000000000000000000e+00
1.525600000000000012e-01,6.409999999999999899e-03,1.794415123067025913e-02,1.000000000000000000e+00
1.537100000000000133e-01,6.420000000000000359e-03,1.807790634482282083e-02,1.000000000000000000e+00
1.848799999999999888e-01,7.270000000000000420e-03,1.910506690317339412e-02,1.000000000000000000e+00
1.848799999999999888e-01,7.270000000000000420e-03,1.910506690317339412e-02,1.000000000000000000e+00
1.991100000000000092e-01,7.680000000000000195e-03,2.499182785037027885e-02,1.000000000000000000e+00
2.114099999999999868e-01,8.279999999999999166e-03,2.639560242877998786e-02,1.000000000000000000e+00
2.114099999999999868e-01,8.279999999999999166e-03,2.639560242877998786e-02,1.000000000000000000e+00
2.307299999999999907e-01,8.680000000000000215e-03,3.004179596033359004e-02,1.000000000000000000e+00
2.307299999999999907e-01,8.680000000000000215e-03,3.004179596033359004e-02,1.000000000000000000e+00
2.461099999999999954e-01,9.990000000000000616e-03,3.352898149266642092e-02,1.000000000000000000e+00
2.471500000000000086e-01,1.009000000000000001e-02,3.376630850056958066e-02,1.000000000000000000e+00
2.619299999999999962e-01,1.095999999999999926e-02,3.722400617924050137e-02,1.000000000000000000e+00
2.785799999999999943e-01,1.174000000000000044e-02,3.740263034443702672e-02,1.000000000000000000e+00
2.785799999999999943e-01,1.174000000000000044e-02,3.740263034443702672e-02,1.000000000000000000e+00
3.004999999999999893e-01,1.227999999999999925e-02,3.801550744533715998e-02,1.000000000000000000e+00
3.025700000000000056e-01,1.231999999999999935e-02,3.808228390889699388e-02,1.000000000000000000e+00
3.175499999999999989e-01,1.324000000000000003e-02,3.790007937661286908e-02,1.000000000000000000e+00
3.331299999999999817e-01,1.457999999999999921e-02,3.471792542052547226e-02,1.000000000000000000e+00
3.331299999999999817e-01,1.457999999999999921e-02,3.471792542052547226e-02,1.000000000000000000e+00
3.500499999999999723e-01,1.544000000000000060e-02,3.793397863463830733e-02,1.000000000000000000e+00
3.500499999999999723e-01,1.544000000000000060e-02,3.793397863463830733e-02,1.000000000000000000e+00
3.653799999999999826e-01,1.624000000000000096e-02,3.787677110242303885e-02,1.000000000000000000e+00
3.653799999999999826e-01,1.624000000000000096e-02,3.787677110242303885e-02,1.000000000000000000e+00
3.867599999999999927e-01,1.822000000000000008e-02,4.019566177327176665e-02,1.000000000000000000e+00
4.046699999999999742e-01,1.897000000000000075e-02,4.374101344177645789e-02,1.000000000000000000e+00
4.046699999999999742e-01,1.897000000000000075e-02,4.374101344177645789e-02,1.000000000000000000e+00
4.201099999999999834e-01,1.985999999999999918e-02,4.614580983834774136e-02,1.000000000000000000e+00
4.201099999999999834e-01,1.985999999999999918e-02,4.614580983834774136e-02,1.000000000000000000e+00
4.355200000000000182e-01,2.057000000000000148e-02,4.815737497800413880e-02,1.000000000000000000e+00
4.368699999999999806e-01,2.063999999999999863e-02,4.833090890710688842e-02,1.000000000000000000e+00
4.533900000000000152e-01,2.120999999999999969e-02,5.209418546844225839e-02,1.000000000000000000e+00
4.546799999999999731e-01,2.126000000000000112e-02,5.238583594491919709e-02,1.000000000000000000e+00
4.693800000000000194e-01,2.253000000000000141e-02,5.260168024261488440e-02,1.000000000000000000e+00
4.849999999999999867e-01,2.383000000000000049e-02,5.057276114538081235e-02,1.000000000000000000e+00
4.863600000000000145e-01,2.393999999999999947e-02,5.038014003771442567e-02,1.000000000000000000e+00
5.032699999999999951e-01,2.495999999999999955e-02,5.428361142479483370e-02,1.000000000000000000e+00
5.167899999999999716e-01,2.594000000000000125e-02,5.072199115213132936e-02,1.000000000000000000e+00
5.167899999999999716e-01,2.594000000000000125e-02,5.072199115213132936e-02,1.000000000000000000e+00
5.326600000000000223e-01,2.708999999999999950e-02,5.236146409556589887e-02,1.000000000000000000e+00
5.326600000000000223e-01,2.708999999999999950e-02,5.236146409556589887e-02,1.000000000000000000e+00
5.484900000000000331e-01,2.859000000000000083e-02,5.262355155368865500e-02,1.000000000000000000e+00
5.484900000000000331e-01,2.859000000000000083e-02,5.262355155368865500e-02,1.000000000000000000e+00
5.484900000000000331e-01,2.859000000000000083e-02,5.262355155368865500e-02,1.000000000000000000e+00
5.802899999999999725e-01,3.126000000000000306e-02,5.501568268278358292e-02,1.000000000000000000e+00
5.802899999999999725e-01,3.126000000000000306e-02,5.501568268278358292e-02,1.000000000000000000e+00
5.947999999999999954e-01,3.234999999999999681e-02,5.922413743085185728e-02,1.000000000000000000e+00
5.947999999999999954e-01,3.234999999999999681e-02,5.922413743085185728e-02,1.000000000000000000e+00
5.947999999999999954e-01,3.234999999999999681e-02,5.922413743085185728e-02,1.000000000000000000e+00
6.249000000000000110e-01,3.443999999999999839e-02,6.311284513377489469e-02,1.000000000000000000e+00
6.249000000000000110e-01,3.443999999999999839e-02,6.311284513377489469e-02,1.000000000000000000e+00
6.249000000000000110e-01,3.443999999999999839e-02,6.311284513377489469e-02,1.000000000000000000e+00
6.413299999999999557e-01,3.556999999999999745e-02,6.410611435625938881e-02,1.000000000000000000e+00
6.413299999999999557e-01,3.556999999999999745e-02,6.410611435625938881e-02,1.000000000000000000e+00
6.582700000000000218e-01,3.642999999999999711e-02,6.442085591304433367e-02,1.000000000000000000e+00
6.747100000000000319e-01,3.747000000000000330e-02,6.623646016813188042e-02,1.000000000000000000e+00
6.747100000000000319e-01,3.747000000000000330e-02,6.623646016813188042e-02,1.000000000000000000e+00
6.921399999999999775e-01,3.878999999999999809e-02,6.882153690070953733e-02,1.000000000000000000e+00
7.036099999999999577e-01,4.007999999999999757e-02,6.848967967187356842e-02,1.000000000000000000e+00
7.036099999999999577e-01,4.007999999999999757e-02,6.848967967187356842e-02,1.000000000000000000e+00
7.293500000000000538e-01,4.193000000000000199e-02,7.174287120821833119e-02,1.000000000000000000e+00
7.314000000000000501e-01,4.207999999999999935e-02,7.201181790520842785e-02,1.000000000000000000e+00
7.476399999999999713e-01,4.336000000000000271e-02,7.261404903050353021e-02,1.000000000000000000e+00
7.654900000000000038e-01,4.488999999999999935e-02,7.272783178921211900e-02,1.000000000000000000e+00
7.654900000000000038e-01,4.488999999999999935e-02,7.272783178921211900e-02,1.000000000000000000e+00
7.768199999999999550e-01,4.676000000000000295e-02,7.285551418974421656e-02,1.000000000000000000e+00
7.768199999999999550e-01,4.676000000000000295e-02,7.285551418974421656e-02,1.000000000000000000e+00
7.908699999999999619e-01,4.846000000000000307e-02,7.487445237231973860e-02,1.000000000000000000e+00
7.908699999999999619e-01,4.846000000000000307e-02,7.487445237231973860e-02,1.000000000000000000e+00
7.908699999999999619e-01,4.846000000000000307e-02,7.487445237231973860e-02,1.000000000000000000e+00
7.919500000000000428e-01,4.859000000000000125e-02,7.503843848997202026e-02,1.000000000000000000e+00
8.244200000000000417e-01,5.120000000000000245e-02,7.550919628467517297e-02,1.000000000000000000e+00
8.414800000000000058e-01,5.233000000000000151e-02,7.560333496935336961e-02,1.000000000000000000e+00
8.414800000000000058e-01,5.233000000000000151e-02,7.560333496935336961e-02,1.000000000000000000e+00
8.414800000000000058e-01,5.233000000000000151e-02,7.560333496935336961e-02,1.000000000000000000e+00
8.414800000000000058e-01,5.233000000000000151e-02,7.560333496935336961e-02,1.000000000000000000e+00
8.414800000000000058e-01,5.233000000000000151e-02,7.560333496935336961e-02,1.000000000000000000e+00
8.899299999999999988e-01,5.591000000000000136e-02,8.056007631873579600e-02,1.000000000000000000e+00
8.914600000000000302e-01,5.600999999999999729e-02,8.057146800018347155e-02,1.000000000000000000e+00
9.050599999999999756e-01,5.732999999999999902e-02,8.302395870450922366e-02,1.000000000000000000e+00
9.204299999999999704e-01,5.911000000000000282e-02,8.367648834455197748e-02,1.000000000000000000e+00
9.204299999999999704e-01,5.911000000000000282e-02,8.367648834455197748e-02,1.000000000000000000e+00
9.355099999999999527e-01,6.069999999999999701e-02,8.594634316368138238e-02,1.000000000000000000e+00
9.355099999999999527e-01,6.069999999999999701e-02,8.594634316368138238e-02,1.000000000000000000e+00
9.368800000000000461e-01,6.083999999999999825e-02,8.616554535145215521e-02,1.000000000000000000e+00
9.368800000000000461e-01,6.083999999999999825e-02,8.616554535145215521e-02,1.000000000000000000e+00
9.368800000000000461e-01,6.083999999999999825e-02,8.616554535145215521e-02,1.000000000000000000e+00
9.368800000000000461e-01,6.083999999999999825e-02,8.616554535145215521e-02,1.000000000000000000e+00
1.001470000000000082e+00,6.766999999999999404e-02,8.762484383752629225e-02,1.000000000000000000e+00
1.001470000000000082e+00,6.766999999999999404e-02,8.762484383752629225e-02,1.000000000000000000e+00
1.016429999999999945e+00,6.955000000000000071e-02,9.024535395860512621e-02,1.000000000000000000e+00
1.016429999999999945e+00,6.955000000000000071e-02,9.024535395860512621e-02,1.000000000000000000e+00
1.031639999999999890e+00,7.109999999999999654e-02,9.076975214690979898e-02,1.000000000000000000e+00
1.032980000000000009e+00,7.123000000000000165e-02,9.080066143589400618e-02,1.000000000000000000e+00
1.055530000000000079e+00,7.276000000000000523e-02,9.113549236796571196e-02,1.000000000000000000e+00
1.068650000000000100e+00,7.419000000000000594e-02,9.129464786197298565e-02,1.000000000000000000e+00
1.068650000000000100e+00,7.419000000000000594e-02,9.129464786197298565e-02,1.000000000000000000e+00
1.080079999999999929e+00,7.581999999999999851e-02,9.128483672282312889e-02,1.000000000000000000e+00
1.080889999999999906e+00,7.593999999999999362e-02,9.128258102506756066e-02,1.000000000000000000e+00
1.095579999999999998e+00,7.699000000000000288e-02,9.374255606844708599e-02,1.000000000000000000e+00
1.112049999999999983e+00,7.835999999999999910e-02,9.426172900554767586e-02,1.000000000000000000e+00
1.112049999999999983e+00,7.835999999999999910e-02,9.426172900554767586e-02,1.000000000000000000e+00
1.128339999999999899e+00,8.017000000000000515e-02,9.471724917127535837e-02,1.000000000000000000e+00
1.129559999999999897e+00,8.031000000000000638e-02,9.475179539459870071e-02,1.000000000000000000e+00
1.144519999999999982e+00,8.183999999999999608e-02,9.759920614343987888e-02,1.000000000000000000e+00
1.167350000000000110e+00,8.454000000000000403e-02,9.794754577519124150e-02,1.000000000000000000e+00
1.167350000000000110e+00,8.454000000000000403e-02,9.794754577519124150e-02,1.000000000000000000e+00
1.184339999999999948e+00,8.654000000000000581e-02,1.005444156157630914e-01,1.000000000000000000e+00
1.185519999999999907e+00,8.667999999999999317e-02,1.007443350447525116e-01,1.000000000000000000e+00
1.200809999999999933e+00,8.866999999999999882e-02,1.012584063248601618e-01,1.000000000000000000e+00
1.217189999999999994e+00,9.070000000000000284e-02,1.018635462890861015e-01,1.000000000000000000e+00
1.217189999999999994e+00,9.070000000000000284e-02,1.018635462890861015e-01,1.000000000000000000e+00
1.233370000000000077e+00,9.292999999999999872e-02,1.025448214891522825e-01,1.000000000000000000e+00
1.233370000000000077e+00,9.292999999999999872e-02,1.025448214891522825e-01,1.000000000000000000e+00
1.245400000000000063e+00,9.518000000000000071e-02,1.002905925531714093e-01,1.000000000000000000e+00
1.266610000000000014e+00,9.686000000000000165e-02,1.030680094344478964e-01,1.000000000000000000e+00
1.266610000000000014e+00,9.686000000000000165e-02,1.030680094344478964e-01,1.000000000000000000e+00
1.284440000000000026e+00,9.866999999999999382e-02,1.038538061792265293e-01,1.000000000000000000e+00
1.285910000000000108e+00,9.882000000000000506e-02,1.039016758088598669e-01,1.000000000000000000e+00
1.296389999999999931e+00,1.005100000000000021e-01,1.062529585653551045e-01,1.000000000000000000e+00
1.313679999999999959e+00,1.025599999999999984e-01,1.044181462401498617e-01,1.000000000000000000e+00
1.313679999999999959e+00,1.025599999999999984e-01,1.044181462401498617e-01,1.000000000000000000e+00
1.331210000000000004e+00,1.037099999999999966e-01,1.119208306781608875e-01,1.000000000000000000e+00
1.332759999999999945e+00,1.038199999999999956e-01,1.126473012078982594e-01,1.000000000000000000e+00
1.348910000000000053e+00,1.053400000000000031e-01,1.107944424371561654e-01,1.000000000000000000e+00
1.355679999999999996e+00,1.073199999999999987e-01,1.157359130310390838e-01,1.000000000000000000e+00
1.355679999999999996e+00,1.073199999999999987e-01,1.157359130310390838e-01,1.000000000000000000e+00
1.377580000000000027e+00,1.095399999999999985e-01,1.143883713568496496e-01,1.000000000000000000e+00
1.379550000000000054e+00,1.097199999999999981e-01,1.142318311298107375e-01,1.000000000000000000e+00
1.395659999999999901e+00,1.121599999999999958e-01,1.124851600825351183e-01,1.000000000000000000e+00
1.408539999999999903e+00,1.142500000000000043e-01,1.149293290621409835e-01,1.000000000000000000e+00
1.408539999999999903e+00,1.142500000000000043e-01,1.149293290621409835e-01,1.000000000000000000e+00
1.425859999999999905e+00,1.165000000000000063e-01,1.155009666264474044e-01,1.000000000000000000e+00
1.425859999999999905e+00,1.165000000000000063e-01,1.155009666264474044e-01,1.000000000000000000e+00
1.443840000000000012e+00,1.183300000000000046e-01,1.161362201141279138e-01,1.000000000000000000e+00
1.456180000000000030e+00,1.211099999999999954e-01,1.192251783587586211e-01,1.000000000000000000e+00
1.456180000000000030e+00,1.211099999999999954e-01,1.192251783587586211e-01,1.000000000000000000e+00
1.474050000000000082e+00,1.237499999999999989e-01,1.201267373308620573e-01,1.000000000000000000e+00
1.474050000000000082e+00,1.237499999999999989e-01,1.201267373308620573e-01,1.000000000000000000e+00
1.486490000000000089e+00,1.255300000000000027e-01,1.204100111061525702e-01,1.000000000000000000e+00
1.487559999999999993e+00,1.256799999999999862e-01,1.204316534448930248e-01,1.000000000000000000e+00
1.505069999999999908e+00,1.278900000000000037e-01,1.210189040910733677e-01,1.000000000000000000e+00
1.517779999999999907e+00,1.295600000000000085e-01,1.209485326231146546e-01,1.000000000000000000e+00
1.517779999999999907e+00,1.295600000000000085e-01,1.209485326231146546e-01,1.000000000000000000e+00
1.536270000000000024e+00,1.320399999999999907e-01,1.218518008448825074e-01,1.000000000000000000e+00
1.537719999999999976e+00,1.322399999999999964e-01,1.219261068886682009e-01,1.000000000000000000e+00
1.555369999999999919e+00,1.338100000000000123e-01,1.274748581922647561e-01,1.000000000000000000e+00
1.568659999999999943e+00,1.356499999999999928e-01,1.257753699763356492e-01,1.000000000000000000e+00
1.568659999999999943e+00,1.356499999999999928e-01,1.257753699763356492e-01,1.000000000000000000e+00
1.587110000000000021e+00,1.376999999999999891e-01,1.287882476605174964e-01,1.000000000000000000e+00
1.600349999999999939e+00,1.400899999999999923e-01,1.267746404776864677e-01,1.000000000000000000e+00
1.600349999999999939e+00,1.400899999999999923e-01,1.267746404776864677e-01,1.000000000000000000e+00
1.612549999999999928e+00,1.424799999999999955e-01,1.297685782435339386e-01,1.000000000000000000e+00
1.612549999999999928e+00,1.424799999999999955e-01,1.297685782435339386e-01,1.000000000000000000e+00
1.631660000000000110e+00,1.450400000000000023e-01,1.333412927503745127e-01,1.000000000000000000e+00
1.633240000000000025e+00,1.452499999999999902e-01,1.336266593179408213e-01,1.000000000000000000e+00
1.651319999999999899e+00,1.472799999999999943e-01,1.314679218760670121e-01,1.000000000000000000e+00
1.664539999999999909e+00,1.494600000000000095e-01,1.313379026075377765e-01,1.000000000000000000e+00
1.664539999999999909e+00,1.494600000000000095e-01,1.313379026075377765e-01,1.000000000000000000e+00
1.677079999999999904e+00,1.524099999999999899e-01,1.349606412641304320e-01,1.000000000000000000e+00
1.677079999999999904e+00,1.524099999999999899e-01,1.349606412641304320e-01,1.000000000000000000e+00
1.695950000000000069e+00,1.551299999999999901e-01,1.357975149702590201e-01,1.000000000000000000e+00
1.708749999999999991e+00,1.577099999999999891e-01,1.336146372600494348e-01,1.000000000000000000e+00
1.708749999999999991e+00,1.577099999999999891e-01,1.336146372600494348e-01,1.000000000000000000e+00
1.735759999999999970e+00,1.605000000000000038e-01,1.367779331936124498e-01,1.000000000000000000e+00
1.735759999999999970e+00,1.605000000000000038e-01,1.367779331936124498e-01,1.000000000000000000e+00
1.743309999999999915e+00,1.623199999999999921e-01,1.374842440470825378e-01,1.000000000000000000e+00
1.743309999999999915e+00,1.623199999999999921e-01,1.374842440470825378e-01,1.000000000000000000e+00
1.755370000000000097e+00,1.645000000000000073e-01,1.405612208372414573e-01,1.000000000000000000e+00
1.783409999999999940e+00,1.673300000000000065e-01,1.392021407253417054e-01,1.000000000000000000e+00
1.783409999999999940e+00,1.673300000000000065e-01,1.392021407253417054e-01,1.000000000000000000e+00
1.790540000000000020e+00,1.690899999999999903e-01,1.418145346840793963e-01,1.000000000000000000e+00
1.790540000000000020e+00,1.690899999999999903e-01,1.418145346840793963e-01,1.000000000000000000e+00
1.810279999999999889e+00,1.717700000000000060e-01,1.454853303542621157e-01,1.000000000000000000e+00
1.810279999999999889e+00,1.717700000000000060e-01,1.454853303542621157e-01,1.000000000000000000e+00
1.831530000000000102e+00,1.745200000000000085e-01,1.464679119181283851e-01,1.000000000000000000e+00
1.833429999999999893e+00,1.747700000000000087e-01,1.465315940119574500e-01,1.000000000000000000e+00
1.852999999999999980e+00,1.784699999999999898e-01,1.448241196312971546e-01,1.000000000000000000e+00
1.867380000000000040e+00,1.811599999999999877e-01,1.450119654696631899e-01,1.000000000000000000e+00
1.867380000000000040e+00,1.811599999999999877e-01,1.450119654696631899e-01,1.000000000000000000e+00
1.880290000000000017e+00,1.835799999999999932e-01,1.482994383612466494e-01,1.000000000000000000e+00
1.880290000000000017e+00,1.835799999999999932e-01,1.482994383612466494e-01,1.000000000000000000e+00
1.901690000000000103e+00,1.868599999999999983e-01,1.495106802069102458e-01,1.000000000000000000e+00
1.903350000000000097e+00,1.871099999999999985e-01,1.495835429051034782e-01,1.000000000000000000e+00
1.916309999999999958e+00,1.900499999999999967e-01,1.501362596109346303e-01,1.000000000000000000e+00
1.936760000000000037e+00,1.929200000000000081e-01,1.509978819372869707e-01,1.000000000000000000e+00
1.938420000000000032e+00,1.931400000000000061e-01,1.510691290379645169e-01,1.000000000000000000e+00
1.942779999999999951e+00,1.947399999999999964e-01,1.538719900875331059e-01,1.000000000000000000e+00
1.943230000000000013e+00,1.949099999999999999e-01,1.541556238880499308e-01,1.000000000000000000e+00
1.954900000000000082e+00,1.966499999999999915e-01,1.514243608978040334e-01,1.000000000000000000e+00
1.968320000000000070e+00,1.987700000000000022e-01,1.517278369089246071e-01,1.000000000000000000e+00
1.969319999999999959e+00,1.989299999999999957e-01,1.517703731248180865e-01,1.000000000000000000e+00
1.988699999999999912e+00,2.008399999999999908e-01,1.526543741101925866e-01,1.000000000000000000e+00
2.001669999999999838e+00,2.026100000000000123e-01,1.558785789425179424e-01,1.000000000000000000e+00
2.001669999999999838e+00,2.026100000000000123e-01,1.558785789425179424e-01,1.000000000000000000e+00
2.004770000000000163e+00,2.034100000000000075e-01,1.561109439077437155e-01,1.000000000000000000e+00
2.004770000000000163e+00,2.034100000000000075e-01,1.561109439077437155e-01,1.000000000000000000e+00
2.007190000000000030e+00,2.041100000000000136e-01,1.562280046670903033e-01,1.000000000000000000e+00
2.018019999999999925e+00,2.050700000000000023e-01,1.596674742793759705e-01,1.000000000000000000e+00
2.018019999999999925e+00,2.050700000000000023e-01,1.596674742793759705e-01,1.000000000000000000e+00
2.020739999999999981e+00,2.062199999999999867e-01,1.572874866207569222e-01,1.000000000000000000e+00
2.020739999999999981e+00,2.062199999999999867e-01,1.572874866207569222e-01,1.000000000000000000e+00
2.022650000000000059e+00,2.068200000000000038e-01,1.569711808667630104e-01,1.000000000000000000e+00
2.023289999999999811e+00,2.068399999999999961e-01,1.568608834947917419e-01,1.000000000000000000e+00
2.023289999999999811e+00,2.068399999999999961e-01,1.568608834947917419e-01,1.000000000000000000e+00
2.024329999999999963e+00,2.068399999999999961e-01,1.567221746813866889e-01,1.000000000000000000e+00
2.024329999999999963e+00,2.068399999999999961e-01,1.567221746813866889e-01,1.000000000000000000e+00
2.024680000000000035e+00,2.072199999999999875e-01,1.599409054391316698e-01,1.000000000000000000e+00
2.024709999999999788e+00,2.072499999999999898e-01,1.602384806484416779e-01,1.000000000000000000e+00
2.023890000000000189e+00,2.071800000000000030e-01,1.600076513516536514e-01,1.000000000000000000e+00
2.032659999999999911e+00,2.074100000000000110e-01,1.605572601189149129e-01,1.000000000000000000e+00
2.032659999999999911e+00,2.074100000000000110e-01,1.605572601189149129e-01,1.000000000000000000e+00
2.024509999999999810e+00,2.068800000000000083e-01,1.599685995893776747e-01,1.000000000000000000e+00
2.024509999999999810e+00,2.068800000000000083e-01,1.599685995893776747e-01,1.000000000000000000e+00
2.024399999999999977e+00,2.070299999999999918e-01,1.600832029549702495e-01,1.000000000000000000e+00
2.024360000000000159e+00,2.071900000000000130e-01,1.602180417182058336e-01,1.000000000000000000e+00
2.024360000000000159e+00,2.071900000000000130e-01,1.602180417182058336e-01,1.000000000000000000e+00
2.024350000000000094e+00,2.071999999999999953e-01,1.602279631003196148e-01,1.000000000000000000e+00
2.024350000000000094e+00,2.071999999999999953e-01,1.602279631003196148e-01,1.000000000000000000e+00
2.032779999999999809e+00,2.075700000000000045e-01,1.605200956498659126e-01,1.000000000000000000e+00
2.033389999999999809e+00,2.075899999999999967e-01,1.605412549732566085e-01,1.000000000000000000e+00
2.025119999999999809e+00,2.069400000000000128e-01,1.601857315555547390e-01,1.000000000000000000e+00
2.024379999999999846e+00,2.068800000000000083e-01,1.601537058972505867e-01,1.000000000000000000e+00
2.024379999999999846e+00,2.068800000000000083e-01,1.601537058972505867e-01,1.000000000000000000e+00
2.032739999999999991e+00,2.075400000000000023e-01,1.605133057518491058e-01,1.000000000000000000e+00
2.032739999999999991e+00,2.075400000000000023e-01,1.605133057518491058e-01,1.000000000000000000e+00
2.025069999999999926e+00,2.072299999999999975e-01,1.602528088234126957e-01,1.000000000000000000e+00
2.023899999999999810e+00,2.070299999999999918e-01,1.600801033047209720e-01,1.000000000000000000e+00
2.023899999999999810e+00,2.070299999999999918e-01,1.600801033047209720e-01,1.000000000000000000e+00
2.032399999999999984e+00,2.069199999999999928e-01,1.601501607688566864e-01,1.000000000000000000e+00
2.032399999999999984e+00,2.069199999999999928e-01,1.601501607688566864e-01,1.000000000000000000e+00
2.025059999999999860e+00,2.071800000000000030e-01,1.602223188915126162e-01,1.000000000000000000e+00
-6.400000000000000524e-04,2.000000000000000164e-05,0.000000000000000000e+00,1.000000000000000000e+00
-6.400000000000000524e-04,2.000000000000000164e-05,0.000000000000000000e+00,1.000000000000000000e+00
-6.300000000000000261e-04,1.000000000000000082e-05,-5.000714200048669757e-06,1.000000000000000000e+00
5.999999999999999474e-04,0.000000000000000000e+00,-1.361915888670266498e-03,1.000000000000000000e+00
5.999999999999999474e-04,0.000000000000000000e+00,-1.361915888670266498e-03,1.000000000000000000e+00
-5.599999999999999509e-04,1.200000000000000030e-04,-1.273774285450163810e-03,1.000000000000000000e+00
-5.599999999999999509e-04,1.200000000000000030e-04,-1.273774285450163810e-03,1.000000000000000000e+00
-8.599999999999999789e-04,1.299999999999999886e-04,1.557725737164973633e-03,1.000000000000000000e+00
-8.700000000000000051e-04,1.299999999999999886e-04,1.758594624106659841e-03,1.000000000000000000e+00
-8.300000000000000086e-04,3.000000000000000076e-05,1.601873769578094253e-04,1.000000000000000000e+00
4.400000000000000157e-04,-9.000000000000000567e-05,1.181852600365396449e-05,1.000000000000000000e+00
4.400000000000000157e-04,-9.000000000000000567e-05,1.181852600365396449e-05,1.000000000000000000e+00
-4.400000000000000157e-04,-2.000000000000000164e-05,-1.232781705338702443e-03,1.000000000000000000e+00
-4.400000000000000157e-04,-2.000000000000000164e-05,-1.232781705338702443e-03,1.000000000000000000e+00
1.729999999999999984e-03,1.000000000000000048e-04,-1.421260646812555267e-03,1.000000000000000000e+00
5.859999999999999758e-03,4.000000000000000327e-05,-1.569658470391367060e-04,1.000000000000000000e+00
5.859999999999999758e-03,4.000000000000000327e-05,-1.569658470391367060e-04,1.000000000000000000e+00
8.880000000000000740e-03,2.000000000000000164e-05,-1.163524786785333697e-03,1.000000000000000000e+00
8.880000000000000740e-03,2.000000000000000164e-05,-1.163524786785333697e-03,1.000000000000000000e+00
9.140000000000000555e-03,3.000000000000000076e-05,-1.269940797795722064e-03,1.000000000000000000e+00
1.812000000000000069e-02,-2.900000000000000017e-04,-1.483645728892704456e-03,1.000000000000000000e+00
2.793999999999999956e-02,-5.299999999999999807e-04,4.189867635635956418e-04,1.000000000000000000e+00
4.084000000000000130e-02,-7.399999999999999894e-04,1.636520712479986824e-04,1.000000000000000000e+00
4.084000000000000130e-02,-7.399999999999999894e-04,1.636520712479986824e-04,1.000000000000000000e+00
5.056999999999999690e-02,-7.600000000000000418e-04,1.259212135565371000e-03,1.000000000000000000e+00
6.183999999999999914e-02,-4.400000000000000157e-04,2.730797891048332426e-03,1.000000000000000000e+00
6.183999999999999914e-02,-4.400000000000000157e-04,2.730797891048332426e-03,1.000000000000000000e+00
7.495999999999999885e-02,-8.000000000000000654e-05,4.186285271993547136e-03,1.000000000000000000e+00
7.495999999999999885e-02,-8.000000000000000654e-05,4.186285271993547136e-03,1.000000000000000000e+00
8.870000000000000107e-02,2.000000000000000096e-04,4.254931144147325144e-03,1.000000000000000000e+00
1.000400000000000039e-01,6.099999999999999737e-04,3.770619668482562501e-03,1.000000000000000000e+00
1.000400000000000039e-01,6.099999999999999737e-04,3.770619668482562501e-03,1.000000000000000000e+00
1.158200000000000063e-01,8.599999999999999789e-04,5.042323656898135310e-03,1.000000000000000000e+00
1.158200000000000063e-01,8.599999999999999789e-04,5.042323656898135310e-03,1.000000000000000000e+00
1.291899999999999993e-01,1.500000000000000031e-03,3.725222774280432993e-03,1.000000000000000000e+00
1.291899999999999993e-01,1.500000000000000031e-03,3.725222774280432993e-03,1.000000000000000000e+00
1.456300000000000094e-01,1.879999999999999944e-03,5.100965296577839383e-03,1.000000000000000000e+00
1.580000000000000016e-01,2.670000000000000064e-03,4.895579961051845473e-03,1.000000000000000000e+00
1.580000000000000016e-01,2.670000000000000064e-03,4.895579961051845473e-03,1.000000000000000000e+00
1.766199999999999992e-01,2.710000000000000169e-03,2.702466492672146725e-03,1.000000000000000000e+00
1.766199999999999992e-01,2.710000000000000169e-03,2.702466492672146725e-03,1.000000000000000000e+00
1.905999999999999917e-01,3.160000000000000048e-03,5.652199838063423458e-03,1.000000000000000000e+00
1.919899999999999940e-01,3.210000000000000180e-03,5.997078757722700861e-03,1.000000000000000000e+00
2.131299999999999861e-01,4.519999999999999712e-03,1.175120190739369248e-02,1.000000000000000000e+00
2.314199999999999868e-01,4.980000000000000052e-03,1.169085281453317686e-02,1.000000000000000000e+00
2.314199999999999868e-01,4.980000000000000052e-03,1.169085281453317686e-02,1.000000000000000000e+00
2.462100000000000122e-01,4.890000000000000249e-03,1.462200363738479225e-02,1.000000000000000000e+00
2.462100000000000122e-01,4.890000000000000249e-03,1.462200363738479225e-02,1.000000000000000000e+00
2.605999999999999983e-01,4.830000000000000092e-03,1.472229839446282350e-02,1.000000000000000000e+00
2.786199999999999788e-01,5.029999999999999749e-03,1.482505600291376957e-02,1.000000000000000000e+00
2.786199999999999788e-01,5.029999999999999749e-03,1.482505600291376957e-02,1.000000000000000000e+00
2.934899999999999731e-01,5.749999999999999903e-03,1.143987022904221530e-02,1.000000000000000000e+00
2.934899999999999731e-01,5.749999999999999903e-03,1.143987022904221530e-02,1.000000000000000000e+00
3.082900000000000085e-01,6.049999999999999822e-03,1.203754282841664261e-02,1.000000000000000000e+00
3.095100000000000073e-01,6.069999999999999875e-03,1.211775226395321245e-02,1.000000000000000000e+00
3.268099999999999894e-01,6.380000000000000254e-03,1.405182835089051688e-02,1.000000000000000000e+00
3.400000000000000244e-01,7.069999999999999896e-03,1.020019798665779825e-02,1.000000000000000000e+00
3.400000000000000244e-01,7.069999999999999896e-03,1.020019798665779825e-02,1.000000000000000000e+00
3.546400000000000108e-01,7.259999999999999960e-03,7.756855084714710073e-03,1.000000000000000000e+00
3.721800000000000108e-01,8.170000000000000179e-03,8.967636089170668429e-03,1.000000000000000000e+00
3.721800000000000108e-01,8.170000000000000179e-03,8.967636089170668429e-03,1.000000000000000000e+00
3.916999999999999926e-01,8.640000000000000110e-03,1.120562122006326343e-02,1.000000000000000000e+00
3.916999999999999926e-01,8.640000000000000110e-03,1.120562122006326343e-02,1.000000000000000000e+00
4.054699999999999971e-01,9.239999999999999949e-03,1.505005396934768966e-02,1.000000000000000000e+00
4.208399999999999919e-01,9.469999999999999252e-03,1.659671434943487886e-02,1.000000000000000000e+00
4.208399999999999919e-01,9.469999999999999252e-03,1.659671434943487886e-02,1.000000000000000000e+00
4.363000000000000211e-01,9.960000000000000103e-03,1.859494673447429150e-02,1.000000000000000000e+00
4.363000000000000211e-01,9.960000000000000103e-03,1.859494673447429150e-02,1.000000000000000000e+00
4.541299999999999781e-01,1.084000000000000068e-02,2.261152783111767053e-02,1.000000000000000000e+00
4.699999999999999734e-01,1.098000000000000018e-02,2.251908135124788823e-02,1.000000000000000000e+00
4.699999999999999734e-01,1.098000000000000018e-02,2.251908135124788823e-02,1.000000000000000000e+00
4.858999999999999986e-01,1.082999999999999935e-02,1.845037470484511138e-02,1.000000000000000000e+00
4.858999999999999986e-01,1.082999999999999935e-02,1.845037470484511138e-02,1.000000000000000000e+00
4.995999999999999885e-01,1.090999999999999956e-02,1.936168532640097570e-02,1.000000000000000000e+00
5.006300000000000194e-01,1.090999999999999956e-02,1.946679643510778462e-02,1.000000000000000000e+00
5.151700000000000168e-01,1.144000000000000052e-02,1.740410292785491211e-02,1.000000000000000000e+00
5.310300000000000020e-01,1.204999999999999995e-02,1.719166791352146062e-02,1.000000000000000000e+00
5.310300000000000020e-01,1.204999999999999995e-02,1.719166791352146062e-02,1.000000000000000000e+00
5.470699999999999452e-01,1.278999999999999929e-02,1.917890564732300032e-02,1.000000000000000000e+00
5.631599999999999939e-01,1.324000000000000003e-02,1.526869668961710995e-02,1.000000000000000000e+00
5.631599999999999939e-01,1.324000000000000003e-02,1.526869668961710995e-02,1.000000000000000000e+00
5.796700000000000186e-01,1.358000000000000006e-02,1.655784182538618324e-02,1.000000000000000000e+00
5.796700000000000186e-01,1.358000000000000006e-02,1.655784182538618324e-02,1.000000000000000000e+00
5.935399999999999565e-01,1.448999999999999941e-02,1.673520967578349949e-02,1.000000000000000000e+00
5.946599999999999664e-01,1.456999999999999962e-02,1.673735230570588817e-02,1.000000000000000000e+00
6.126599999999999824e-01,1.533999999999999947e-02,1.870613923006407206e-02,1.000000000000000000e+00
6.268599999999999728e-01,1.610999999999999932e-02,1.882401393169291087e-02,1.000000000000000000e+00
6.268599999999999728e-01,1.610999999999999932e-02,1.882401393169291087e-02,1.000000000000000000e+00
6.432700000000000085e-01,1.653999999999999915e-02,2.109562952206898295e-02,1.000000000000000000e+00
6.432700000000000085e-01,1.653999999999999915e-02,2.109562952206898295e-02,1.000000000000000000e+00
6.603700000000000125e-01,1.699000000000000163e-02,2.324320173826613378e-02,1.000000000000000000e+00
6.718300000000000383e-01,1.778000000000000067e-02,2.497297433047228343e-02,1.000000000000000000e+00
6.718300000000000383e-01,1.778000000000000067e-02,2.497297433047228343e-02,1.000000000000000000e+00
6.727300000000000502e-01,1.784000000000000169e-02,2.511242177501687642e-02,1.000000000000000000e+00
6.914400000000000546e-01,1.811000000000000110e-02,2.712900888929331220e-02,1.000000000000000000e+00
7.058400000000000230e-01,1.805000000000000007e-02,2.518006751153073139e-02,1.000000000000000000e+00
7.071100000000000163e-01,1.804000000000000048e-02,2.497096896633063667e-02,1.000000000000000000e+00
7.227200000000000291e-01,1.831999999999999948e-02,2.258948657621652131e-02,1.000000000000000000e+00
7.243300000000000294e-01,1.835000000000000173e-02,2.234344023668550366e-02,1.000000000000000000e+00
7.373199999999999754e-01,1.883999999999999911e-02,2.426250130561047672e-02,1.000000000000000000e+00
7.516800000000000148e-01,1.955000000000000140e-02,2.425966858129780662e-02,1.000000000000000000e+00
7.516800000000000148e-01,1.955000000000000140e-02,2.425966858129780662e-02,1.000000000000000000e+00
7.722200000000000175e-01,2.032000000000000126e-02,2.434626767360541233e-02,1.000000000000000000e+00
7.722200000000000175e-01,2.032000000000000126e-02,2.434626767360541233e-02,1.000000000000000000e+00
7.741000000000000103e-01,2.038999999999999840e-02,2.435588697114534837e-02,1.000000000000000000e+00
8.016499999999999737e-01,2.140999999999999848e-02,2.417753278781024917e-02,1.000000000000000000e+00
8.016499999999999737e-01,2.140999999999999848e-02,2.417753278781024917e-02,1.000000000000000000e+00
8.200699999999999656e-01,2.207999999999999893e-02,2.165526394352285458e-02,1.000000000000000000e+00
8.212699999999999445e-01,2.212000000000000077e-02,2.147879422952201148e-02,1.000000000000000000e+00
8.346400000000000485e-01,2.272000000000000061e-02,2.341488553854515972e-02,1.000000000000000000e+00
8.563199999999999701e-01,2.351999999999999924e-02,2.407452226310214868e-02,1.000000000000000000e+00
8.563199999999999701e-01,2.351999999999999924e-02,2.407452226310214868e-02,1.000000000000000000e+00
8.753100000000000325e-01,2.426999999999999991e-02,2.619832489528572950e-02,1.000000000000000000e+00
8.753100000000000325e-01,2.426999999999999991e-02,2.619832489528572950e-02,1.000000000000000000e+00
8.753100000000000325e-01,2.426999999999999991e-02,2.619832489528572950e-02,1.000000000000000000e+00
8.945999999999999508e-01,2.479999999999999913e-02,2.868403453452607332e-02,1.000000000000000000e+00
9.063900000000000290e-01,2.512999999999999956e-02,3.032486852483306031e-02,1.000000000000000000e+00
9.253000000000000114e-01,2.493000000000000077e-02,3.040710028420503738e-02,1.000000000000000000e+00
9.253000000000000114e-01,2.493000000000000077e-02,3.040710028420503738e-02,1.000000000000000000e+00
9.369100000000000206e-01,2.502000000000000057e-02,2.559638263194535454e-02,1.000000000000000000e+00
9.377900000000000125e-01,2.502000000000000057e-02,2.518652532858374829e-02,1.000000000000000000e+00
9.557200000000000140e-01,2.568000000000000144e-02,2.734284330009740041e-02,1.000000000000000000e+00
9.716399999999999482e-01,2.639999999999999986e-02,2.776388288646701105e-02,1.000000000000000000e+00
9.716399999999999482e-01,2.639999999999999986e-02,2.776388288646701105e-02,1.000000000000000000e+00
9.934500000000000552e-01,2.802999999999999936e-02,2.750570381184418503e-02,1.000000000000000000e+00
9.934500000000000552e-01,2.802999999999999936e-02,2.750570381184418503e-02,1.000000000000000000e+00
1.013530000000000042e+00,2.859000000000000083e-02,2.741382749339239810e-02,1.000000000000000000e+00
1.013530000000000042e+00,2.859000000000000083e-02,2.741382749339239810e-02,1.000000000000000000e+00
1.030010000000000092e+00,2.914999999999999883e-02,2.729825030324560531e-02,1.000000000000000000e+00
1.030010000000000092e+00,2.914999999999999883e-02,2.729825030324560531e-02,1.000000000000000000e+00
1.031250000000000000e+00,2.919000000000000067e-02,2.728881106255168568e-02,1.000000000000000000e+00
1.061360000000000081e+00,3.070000000000000159e-02,2.476196348923607668e-02,1.000000000000000000e+00
1.061360000000000081e+00,3.070000000000000159e-02,2.476196348923607668e-02,1.000000000000000000e+00
1.076740000000000030e+00,3.162000000000000227e-02,2.465511559904035380e-02,1.000000000000000000e+00
1.076740000000000030e+00,3.162000000000000227e-02,2.465511559904035380e-02,1.000000000000000000e+00
1.093699999999999894e+00,3.228000000000000314e-02,2.720547605609915931e-02,1.000000000000000000e+00
1.109469999999999956e+00,3.280999999999999889e-02,2.710278823922425417e-02,1.000000000000000000e+00
1.109469999999999956e+00,3.280999999999999889e-02,2.710278823922425417e-02,1.000000000000000000e+00
1.121469999999999967e+00,3.359999999999999792e-02,2.704851868267703352e-02,1.000000000000000000e+00
1.122409999999999908e+00,3.366999999999999854e-02,2.704638997107675080e-02,1.000000000000000000e+00
1.137669999999999959e+00,3.388000000000000039e-02,2.903691279893924615e-02,1.000000000000000000e+00
1.139070000000000027e+00,3.391000000000000264e-02,2.921981057865958090e-02,1.000000000000000000e+00
1.158889999999999976e+00,3.406000000000000000e-02,2.946390028270037820e-02,1.000000000000000000e+00
1.180010000000000003e+00,3.429000000000000103e-02,2.695801199614456314e-02,1.000000000000000000e+00
1.180010000000000003e+00,3.429000000000000103e-02,2.695801199614456314e-02,1.000000000000000000e+00
1.193259999999999987e+00,3.468000000000000249e-02,3.151795778240788076e-02,1.000000000000000000e+00
1.194059999999999899e+00,3.470999999999999780e-02,3.185177618044843922e-02,1.000000000000000000e+00
1.209500000000000020e+00,3.531999999999999723e-02,3.151242698922738367e-02,1.000000000000000000e+00
1.221559999999999979e+00,3.629000000000000281e-02,2.919160593192235420e-02,1.000000000000000000e+00
1.221559999999999979e+00,3.629000000000000281e-02,2.919160593192235420e-02,1.000000000000000000e+00
1.238410000000000011e+00,3.704999999999999960e-02,3.138419350696285137e-02,1.000000000000000000e+00
1.239749999999999908e+00,3.712000000000000022e-02,3.158626830530253393e-02,1.000000000000000000e+00
1.255079999999999973e+00,3.774000000000000271e-02,2.675861794846234529e-02,1.000000000000000000e+00
1.271879999999999900e+00,3.839999999999999664e-02,2.616733481900046510e-02,1.000000000000000000e+00
1.271879999999999900e+00,3.839999999999999664e-02,2.616733481900046510e-02,1.000000000000000000e+00
1.284359999999999946e+00,3.930999999999999772e-02,2.606119153026717830e-02,1.000000000000000000e+00
1.285250000000000004e+00,3.937000000000000222e-02,2.605407942776219801e-02,1.000000000000000000e+00
1.301160000000000094e+00,4.041000000000000147e-02,2.886460563251720679e-02,1.000000000000000000e+00
1.318729999999999958e+00,4.093000000000000110e-02,3.145612078901239422e-02,1.000000000000000000e+00
1.318729999999999958e+00,4.093000000000000110e-02,3.145612078901239422e-02,1.000000000000000000e+00
1.336649999999999894e+00,4.184000000000000219e-02,3.195395618383017194e-02,1.000000000000000000e+00
1.337830000000000075e+00,4.191000000000000281e-02,3.197414764110870916e-02,1.000000000000000000e+00
1.354489999999999972e+00,4.272999999999999715e-02,3.463180931160610154e-02,1.000000000000000000e+00
1.367050000000000098e+00,4.313000000000000167e-02,3.422169603263106041e-02,1.000000000000000000e+00
1.367050000000000098e+00,4.313000000000000167e-02,3.422169603263106041e-02,1.000000000000000000e+00
1.379389999999999894e+00,4.306000000000000105e-02,3.164991772548872428e-02,1.000000000000000000e+00
1.380300000000000082e+00,4.304999999999999799e-02,3.144766971467717609e-02,1.000000000000000000e+00
1.402420000000000000e+00,4.376000000000000029e-02,3.394599610207816448e-02,1.000000000000000000e+00
1.415580000000000060e+00,4.447000000000000258e-02,3.161006302370401866e-02,1.000000000000000000e+00
1.415580000000000060e+00,4.447000000000000258e-02,3.161006302370401866e-02,1.000000000000000000e+00
1.433440000000000047e+00,4.531000000000000305e-02,3.406096618740532544e-02,1.000000000000000000e+00
1.433440000000000047e+00,4.531000000000000305e-02,3.406096618740532544e-02,1.000000000000000000e+00
1.451780000000000070e+00,4.624999999999999944e-02,3.456778195056359887e-02,1.000000000000000000e+00
1.464639999999999942e+00,4.685999999999999888e-02,3.168042635458253459e-02,1.000000000000000000e+00
1.464639999999999942e+00,4.685999999999999888e-02,3.168042635458253459e-02,1.000000000000000000e+00
1.464639999999999942e+00,4.685999999999999888e-02,3.168042635458253459e-02,1.000000000000000000e+00
1.482469999999999954e+00,4.755999999999999811e-02,3.381472143344886605e-02,1.000000000000000000e+00
1.495139999999999914e+00,4.839000000000000246e-02,3.159299912708775360e-02,1.000000000000000000e+00
1.496240000000000014e+00,4.846000000000000307e-02,3.135374924433961125e-02,1.000000000000000000e+00
1.512799999999999923e+00,4.970000000000000112e-02,3.160473076086783850e-02,1.000000000000000000e+00
1.537800000000000056e+00,5.093000000000000305e-02,3.179962165231745019e-02,1.000000000000000000e+00
1.537800000000000056e+00,5.093000000000000305e-02,3.179962165231745019e-02,1.000000000000000000e+00
1.537800000000000056e+00,5.093000000000000305e-02,3.179962165231745019e-02,1.000000000000000000e+00
1.537800000000000056e+00,5.093000000000000305e-02,3.179962165231745019e-02,1.000000000000000000e+00
1.537800000000000056e+00,5.093000000000000305e-02,3.179962165231745019e-02,1.000000000000000000e+00
1.564230000000000009e+00,5.260999999999999704e-02,3.778782519946147916e-02,1.000000000000000000e+00
1.577769999999999895e+00,5.344000000000000139e-02,4.035823098810476656e-02,1.000000000000000000e+00
1.597220000000000084e+00,5.380999999999999672e-02,4.311759735937598786e-02,1.000000000000000000e+00
1.597220000000000084e+00,5.380999999999999672e-02,4.311759735937598786e-02,1.000000000000000000e+00
1.609830000000000094e+00,5.390000000000000346e-02,3.802468362260984919e-02,1.000000000000000000e+00
1.609830000000000094e+00,5.390000000000000346e-02,3.802468362260984919e-02,1.000000000000000000e+00
1.609830000000000094e+00,5.390000000000000346e-02,3.802468362260984919e-02,1.000000000000000000e+00
1.643829999999999902e+00,5.544999999999999929e-02,3.752727934207959054e-02,1.000000000000000000e+00
1.643829999999999902e+00,5.544999999999999929e-02,3.752727934207959054e-02,1.000000000000000000e+00
1.662430000000000074e+00,5.657000000000000223e-02,4.002803734293277488e-02,1.000000000000000000e+00
1.662430000000000074e+00,5.657000000000000223e-02,4.002803734293277488e-02,1.000000000000000000e+00
1.662430000000000074e+00,5.657000000000000223e-02,4.002803734293277488e-02,1.000000000000000000e+00
1.664039999999999964e+00,5.666999999999999815e-02,4.024804383416955011e-02,1.000000000000000000e+00
1.703130000000000033e+00,5.831999999999999684e-02,4.036165457741798523e-02,1.000000000000000000e+00
1.709920000000000107e+00,5.897000000000000158e-02,4.036598683128299336e-02,1.000000000000000000e+00
1.709920000000000107e+00,5.897000000000000158e-02,4.036598683128299336e-02,1.000000000000000000e+00
1.710509999999999975e+00,5.904000000000000220e-02,4.034239022097037969e-02,1.000000000000000000e+00
1.730990000000000029e+00,6.033000000000000168e-02,4.071248832712185545e-02,1.000000000000000000e+00
1.750280000000000058e+00,6.210999999999999854e-02,4.100583457135358739e-02,1.000000000000000000e+00
1.757050000000000001e+00,6.286999999999999533e-02,4.099774000197282248e-02,1.000000000000000000e+00
1.776429999999999954e+00,6.358999999999999375e-02,4.099583245908734047e-02,1.000000000000000000e+00
1.776429999999999954e+00,6.358999999999999375e-02,4.099583245908734047e-02,1.000000000000000000e+00
1.783709999999999907e+00,6.418999999999999706e-02,4.362748071948934631e-02,1.000000000000000000e+00
1.783709999999999907e+00,6.418999999999999706e-02,4.362748071948934631e-02,1.000000000000000000e+00
1.802990000000000093e+00,6.522000000000000020e-02,4.128817886833709844e-02,1.000000000000000000e+00
1.825720000000000010e+00,6.598999999999999311e-02,4.655639100571903888e-02,1.000000000000000000e+00
1.825720000000000010e+00,6.598999999999999311e-02,4.655639100571903888e-02,1.000000000000000000e+00
1.840200000000000058e+00,6.628000000000000558e-02,4.415958418480186304e-02,1.000000000000000000e+00
1.840200000000000058e+00,6.628000000000000558e-02,4.415958418480186304e-02,1.000000000000000000e+00
1.853709999999999969e+00,6.671000000000000540e-02,4.380460700879991454e-02,1.000000000000000000e+00
1.875099999999999989e+00,6.771000000000000629e-02,4.407976760172981068e-02,1.000000000000000000e+00
1.875099999999999989e+00,6.771000000000000629e-02,4.407976760172981068e-02,1.000000000000000000e+00
1.889010000000000078e+00,6.883999999999999841e-02,4.121971462332661706e-02,1.000000000000000000e+00
1.889010000000000078e+00,6.883999999999999841e-02,4.121971462332661706e-02,1.000000000000000000e+00
1.902479999999999949e+00,6.981999999999999318e-02,4.386007693117248418e-02,1.000000000000000000e+00
1.916600000000000081e+00,7.063999999999999446e-02,4.390959333569671025e-02,1.000000000000000000e+00
1.916600000000000081e+00,7.063999999999999446e-02,4.390959333569671025e-02,1.000000000000000000e+00
1.946730000000000071e+00,7.159999999999999698e-02,4.149354359753806148e-02,1.000000000000000000e+00
1.946730000000000071e+00,7.159999999999999698e-02,4.149354359753806148e-02,1.000000000000000000e+00
1.960839999999999916e+00,7.260999999999999399e-02,4.130194916581008541e-02,1.000000000000000000e+00
1.960839999999999916e+00,7.260999999999999399e-02,4.130194916581008541e-02,1.000000000000000000e+00
1.960839999999999916e+00,7.260999999999999399e-02,4.130194916581008541e-02,1.000000000000000000e+00
1.987500000000000044e+00,7.449999999999999678e-02,4.470260565559527194e-02,1.000000000000000000e+00
1.987500000000000044e+00,7.449999999999999678e-02,4.470260565559527194e-02,1.000000000000000000e+00
1.991149999999999975e+00,7.492000000000000048e-02,4.459838656529310774e-02,1.000000000000000000e+00
2.002339999999999787e+00,7.542000000000000093e-02,4.466459674406306202e-02,1.000000000000000000e+00
2.002339999999999787e+00,7.542000000000000093e-02,4.466459674406306202e-02,1.000000000000000000e+00
2.002339999999999787e+00,7.542000000000000093e-02,4.466459674406306202e-02,1.000000000000000000e+00
2.006159999999999943e+00,7.553999999999999604e-02,4.742020667586942934e-02,1.000000000000000000e+00
2.016399999999999970e+00,7.600999999999999424e-02,4.490414644772800640e-02,1.000000000000000000e+00
2.019550000000000178e+00,7.635000000000000120e-02,4.767219660448578089e-02,1.000000000000000000e+00
2.019550000000000178e+00,7.635000000000000120e-02,4.767219660448578089e-02,1.000000000000000000e+00
2.020830000000000126e+00,7.675999999999999490e-02,4.488634089493793999e-02,1.000000000000000000e+00
2.020830000000000126e+00,7.675999999999999490e-02,4.488634089493793999e-02,1.000000000000000000e+00
2.020830000000000126e+00,7.675999999999999490e-02,4.488634089493793999e-02,1.000000000000000000e+00
2.031880000000000130e+00,7.695000000000000451e-02,4.475304667362667299e-02,1.000000000000000000e+00
2.032739999999999991e+00,7.699999999999999900e-02,4.757413136780382079e-02,1.000000000000000000e+00
2.033479999999999954e+00,7.707999999999999574e-02,4.785260773208935281e-02,1.000000000000000000e+00
2.033479999999999954e+00,7.707999999999999574e-02,4.785260773208935281e-02,1.000000000000000000e+00
2.033479999999999954e+00,7.707999999999999574e-02,4.785260773208935281e-02,1.000000000000000000e+00
2.034339999999999815e+00,7.742000000000000270e-02,4.794221067449579154e-02,1.000000000000000000e+00
2.034510000000000041e+00,7.717000000000000248e-02,4.768510714334835837e-02,1.000000000000000000e+00
2.033999999999999808e+00,7.717999999999999861e-02,4.482504673708938292e-02,1.000000000000000000e+00
2.033959999999999990e+00,7.718999999999999473e-02,4.460357889936010511e-02,1.000000000000000000e+00
2.033570000000000100e+00,7.729999999999999372e-02,4.471403709219484712e-02,1.000000000000000000e+00
2.042170000000000041e+00,7.722999999999999310e-02,4.799516474138320471e-02,1.000000000000000000e+00
2.042170000000000041e+00,7.722999999999999310e-02,4.799516474138320471e-02,1.000000000000000000e+00
2.042170000000000041e+00,7.722999999999999310e-02,4.799516474138320471e-02,1.000000000000000000e+00
2.033539999999999903e+00,7.709000000000000574e-02,4.785426260739891052e-02,1.000000000000000000e+00
2.034009999999999874e+00,7.710000000000000187e-02,4.785933860611978757e-02,1.000000000000000000e+00
2.033780000000000143e+00,7.671000000000000041e-02,4.484000274457542595e-02,1.000000000000000000e+00
2.033780000000000143e+00,7.671000000000000041e-02,4.484000274457542595e-02,1.000000000000000000e+00
2.033859999999999779e+00,7.704999999999999349e-02,4.760889886637666851e-02,1.000000000000000000e+00
2.033879999999999910e+00,7.707999999999999574e-02,4.785443166407934990e-02,1.000000000000000000e+00
2.041669999999999874e+00,7.721000000000000085e-02,4.804191592077847878e-02,1.000000000000000000e+00
2.034149999999999903e+00,7.707999999999999574e-02,4.806753182756119680e-02,1.000000000000000000e+00
2.034149999999999903e+00,7.707999999999999574e-02,4.806753182756119680e-02,1.000000000000000000e+00
2.033430000000000071e+00,7.706999999999999962e-02,4.806832286637473250e-02,1.000000000000000000e+00
2.034069999999999823e+00,7.709000000000000574e-02,4.786439415756373744e-02,1.000000000000000000e+00
2.033259999999999845e+00,7.700999999999999512e-02,4.491180077792633618e-02,1.000000000000000000e+00
2.033510000000000151e+00,7.707999999999999574e-02,4.762398963886796399e-02,1.000000000000000000e+00
2.033510000000000151e+00,7.707999999999999574e-02,4.762398963886796399e-02,1.000000000000000000e+00
2.042339999999999822e+00,7.692000000000000226e-02,4.798873447765714118e-02,1.000000000000000000e+00
2.043079999999999785e+00,7.691000000000000614e-02,4.799952087473515622e-02,1.000000000000000000e+00
2.042580000000000062e+00,7.691000000000000614e-02,4.799004071931340515e-02,1.000000000000000000e+00
-2.599999999999999772e-04,3.000000000000000076e-05,0.000000000000000000e+00,1.000000000000000000e+00
-2.599999999999999772e-04,3.000000000000000076e-05,0.000000000000000000e+00,1.000000000000000000e+00
9.300000000000000541e-04,-3.000000000000000076e-05,-4.761820169424591702e-05,1.000000000000000000e+00
9.300000000000000541e-04,-3.000000000000000076e-05,-4.761820169424591702e-05,1.000000000000000000e+00
-1.399999999999999877e-04,9.000000000000000567e-05,-8.015546304211999470e-05,1.000000000000000000e+00
-1.399999999999999877e-04,9.000000000000000567e-05,-8.015546304211999470e-05,1.000000000000000000e+00
-3.899999999999999929e-04,1.000000000000000082e-05,1.876155708096507654e-05,1.000000000000000000e+00
-2.400000000000000061e-04,6.000000000000000152e-05,1.301736192153722139e-03,1.000000000000000000e+00
-2.400000000000000061e-04,6.000000000000000152e-05,1.301736192153722139e-03,1.000000000000000000e+00
-2.400000000000000061e-04,6.000000000000000152e-05,1.301736192153722139e-03,1.000000000000000000e+00
-2.400000000000000061e-04,6.000000000000000152e-05,1.373583483012435873e-03,1.000000000000000000e+00
-1.800000000000000113e-04,-1.000000000000000048e-04,-1.737120091777927689e-03,1.000000000000000000e+00
-1.800000000000000113e-04,-1.000000000000000048e-04,-1.737120091777927689e-03,1.000000000000000000e+00
1.209999999999999921e-03,-1.100000000000000039e-04,2.649645304593992992e-04,1.000000000000000000e+00
1.219999999999999947e-03,-1.000000000000000048e-04,2.932970129618734712e-04,1.000000000000000000e+00
9.799999999999999684e-04,-1.499999999999999869e-04,-3.698035956326738627e-04,1.000000000000000000e+00
9.799999999999999684e-04,-1.499999999999999869e-04,-3.698035956326738627e-04,1.000000000000000000e+00
9.799999999999999684e-04,-1.499999999999999869e-04,-3.698035956326738627e-04,1.000000000000000000e+00
9.799999999999999684e-04,-1.600000000000000131e-04,-4.178868778785042827e-04,1.000000000000000000e+00
6.009999999999999717e-03,-1.900000000000000105e-04,1.006388605231436136e-03,1.000000000000000000e+00
1.652999999999999955e-02,-6.999999999999999387e-05,7.421381309697556994e-04,1.000000000000000000e+00
1.652999999999999955e-02,-6.999999999999999387e-05,7.421381309697556994e-04,1.000000000000000000e+00
1.652999999999999955e-02,-6.999999999999999387e-05,7.421381309697556994e-04,1.000000000000000000e+00
1.652999999999999955e-02,-6.999999999999999387e-05,7.421381309697556994e-04,1.000000000000000000e+00
2.676999999999999866e-02,-4.600000000000000139e-04,3.648754468328165024e-03,1.000000000000000000e+00
2.676999999999999866e-02,-4.600000000000000139e-04,3.648754468328165024e-03,1.000000000000000000e+00
2.676999999999999866e-02,-4.600000000000000139e-04,3.648754468328165024e-03,1.000000000000000000e+00
2.676999999999999866e-02,-4.600000000000000139e-04,3.648754468328165024e-03,1.000000000000000000e+00
3.728000000000000064e-02,-5.000000000000000104e-04,4.928146140034956289e-03,1.000000000000000000e+00
6.796000000000000651e-02,6.499999999999999702e-04,8.180919358599393273e-03,1.000000000000000000e+00
8.054999999999999660e-02,9.700000000000000505e-04,7.779625389668731392e-03,1.000000000000000000e+00
8.143000000000000238e-02,9.899999999999999946e-04,7.741168217969785111e-03,1.000000000000000000e+00
9.171999999999999598e-02,1.779999999999999898e-03,9.165417611579032564e-03,1.000000000000000000e+00
1.081300000000000039e-01,2.299999999999999961e-03,1.130942170404454841e-02,1.000000000000000000e+00
1.081300000000000039e-01,2.299999999999999961e-03,1.130942170404454841e-02,1.000000000000000000e+00
1.219699999999999951e-01,2.490000000000000026e-03,9.812100741011917440e-03,1.000000000000000000e+00
1.365699999999999970e-01,2.830000000000000050e-03,7.979882372062679918e-03,1.000000000000000000e+00
1.365699999999999970e-01,2.830000000000000050e-03,7.979882372062679918e-03,1.000000000000000000e+00
1.515100000000000058e-01,3.640000000000000006e-03,1.104142406521328376e-02,1.000000000000000000e+00
1.515100000000000058e-01,3.640000000000000006e-03,1.104142406521328376e-02,1.000000000000000000e+00
1.656499999999999917e-01,4.519999999999999712e-03,9.459145388216185293e-03,1.000000000000000000e+00
1.665899999999999881e-01,4.579999999999999870e-03,9.323915003477928343e-03,1.000000000000000000e+00
1.824099999999999888e-01,4.980000000000000052e-03,1.144549515861076686e-02,1.000000000000000000e+00
1.948100000000000109e-01,6.029999999999999770e-03,1.605852457943765521e-02,1.000000000000000000e+00
1.948100000000000109e-01,6.029999999999999770e-03,1.605852457943765521e-02,1.000000000000000000e+00
2.099999999999999922e-01,6.689999999999999766e-03,1.948570645645465726e-02,1.000000000000000000e+00
2.099999999999999922e-01,6.689999999999999766e-03,1.948570645645465726e-02,1.000000000000000000e+00
2.283499999999999974e-01,7.239999999999999908e-03,1.998634005558133642e-02,1.000000000000000000e+00
2.427799999999999958e-01,7.609999999999999577e-03,2.509393434091470448e-02,1.000000000000000000e+00
2.427799999999999958e-01,7.609999999999999577e-03,2.509393434091470448e-02,1.000000000000000000e+00
2.568099999999999827e-01,7.590000000000000392e-03,2.832423204539619849e-02,1.000000000000000000e+00
2.568099999999999827e-01,7.590000000000000392e-03,2.832423204539619849e-02,1.000000000000000000e+00
2.733200000000000074e-01,8.019999999999999352e-03,2.355356649222445711e-02,1.000000000000000000e+00
2.733200000000000074e-01,8.019999999999999352e-03,2.355356649222445711e-02,1.000000000000000000e+00
2.895900000000000141e-01,8.649999999999999703e-03,2.507843840297321880e-02,1.000000000000000000e+00
3.042699999999999849e-01,9.119999999999999635e-03,2.706162816445533206e-02,1.000000000000000000e+00
3.042699999999999849e-01,9.119999999999999635e-03,2.706162816445533206e-02,1.000000000000000000e+00
3.229799999999999893e-01,9.610000000000000486e-03,2.377406392984379377e-02,1.000000000000000000e+00
3.229799999999999893e-01,9.610000000000000486e-03,2.377406392984379377e-02,1.000000000000000000e+00
3.382100000000000106e-01,1.035999999999999942e-02,2.168164999262501766e-02,1.000000000000000000e+00
3.394800000000000040e-01,1.043000000000000003e-02,2.151751863844575396e-02,1.000000000000000000e+00
3.508000000000000007e-01,1.081000000000000016e-02,2.108607507465052461e-02,1.000000000000000000e+00
3.680200000000000138e-01,1.157000000000000042e-02,1.928312336945545158e-02,1.000000000000000000e+00
3.680200000000000138e-01,1.157000000000000042e-02,1.928312336945545158e-02,1.000000000000000000e+00
3.835100000000000176e-01,1.251000000000000029e-02,2.277902622885311784e-02,1.000000000000000000e+00
3.835100000000000176e-01,1.251000000000000029e-02,2.277902622885311784e-02,1.000000000000000000e+00
4.028200000000000114e-01,1.336999999999999994e-02,2.726630670505298532e-02,1.000000000000000000e+00
4.044099999999999917e-01,1.344000000000000056e-02,2.762908204136212131e-02,1.000000000000000000e+00
4.227299999999999947e-01,1.442000000000000053e-02,3.189996105186410774e-02,1.000000000000000000e+00
4.384399999999999964e-01,1.532999999999999988e-02,3.396931036054259834e-02,1.000000000000000000e+00
4.384399999999999964e-01,1.532999999999999988e-02,3.396931036054259834e-02,1.000000000000000000e+00
4.565199999999999814e-01,1.595999999999999849e-02,3.602451606098967807e-02,1.000000000000000000e+00
4.565199999999999814e-01,1.595999999999999849e-02,3.602451606098967807e-02,1.000000000000000000e+00
4.724400000000000266e-01,1.620999999999999872e-02,3.446342040393834266e-02,1.000000000000000000e+00
4.882299999999999973e-01,1.644999999999999934e-02,3.418402015957594520e-02,1.000000000000000000e+00
4.882299999999999973e-01,1.644999999999999934e-02,3.418402015957594520e-02,1.000000000000000000e+00
5.017800000000000038e-01,1.697999999999999857e-02,3.402913751071239001e-02,1.000000000000000000e+00
5.029000000000000137e-01,1.703000000000000000e-02,3.401582039537841967e-02,1.000000000000000000e+00
5.173299999999999566e-01,1.762000000000000025e-02,3.404601717685135087e-02,1.000000000000000000e+00
5.334299999999999597e-01,1.839999999999999969e-02,3.207246380417801829e-02,1.000000000000000000e+00
5.334299999999999597e-01,1.839999999999999969e-02,3.207246380417801829e-02,1.000000000000000000e+00
5.470800000000000107e-01,1.946000000000000160e-02,3.204547176815673165e-02,1.000000000000000000e+00
5.470800000000000107e-01,1.946000000000000160e-02,3.204547176815673165e-02,1.000000000000000000e+00
5.653599999999999737e-01,1.984999999999999959e-02,3.411837994171005445e-02,1.000000000000000000e+00
5.822699999999999543e-01,2.080999999999999864e-02,3.631618671631502149e-02,1.000000000000000000e+00
5.822699999999999543e-01,2.080999999999999864e-02,3.631618671631502149e-02,1.000000000000000000e+00
5.961999999999999522e-01,2.199999999999999872e-02,3.659471507675431806e-02,1.000000000000000000e+00
5.961999999999999522e-01,2.199999999999999872e-02,3.659471507675431806e-02,1.000000000000000000e+00
6.123100000000000209e-01,2.317999999999999922e-02,3.712736568901692236e-02,1.000000000000000000e+00
6.290099999999999580e-01,2.420999999999999888e-02,3.934134316625029909e-02,1.000000000000000000e+00
6.290099999999999580e-01,2.420999999999999888e-02,3.934134316625029909e-02,1.000000000000000000e+00
6.430500000000000105e-01,2.525000000000000161e-02,4.157374290067285955e-02,1.000000000000000000e+00
6.430500000000000105e-01,2.525000000000000161e-02,4.157374290067285955e-02,1.000000000000000000e+00
6.594700000000000006e-01,2.622000000000000025e-02,4.185281486414920565e-02,1.000000000000000000e+00
6.766499999999999737e-01,2.725999999999999951e-02,4.431716476987748732e-02,1.000000000000000000e+00
6.766499999999999737e-01,2.725999999999999951e-02,4.431716476987748732e-02,1.000000000000000000e+00
6.910500000000000531e-01,2.779999999999999832e-02,4.636359772104057392e-02,1.000000000000000000e+00
6.910500000000000531e-01,2.779999999999999832e-02,4.636359772104057392e-02,1.000000000000000000e+00
7.079900000000000082e-01,2.806000000000000161e-02,4.686396727572301329e-02,1.000000000000000000e+00
7.253699999999999593e-01,2.870999999999999941e-02,4.478342785853987873e-02,1.000000000000000000e+00
7.253699999999999593e-01,2.870999999999999941e-02,4.478342785853987873e-02,1.000000000000000000e+00
7.367700000000000360e-01,2.961000000000000090e-02,4.633923254686522775e-02,1.000000000000000000e+00
7.367700000000000360e-01,2.961000000000000090e-02,4.633923254686522775e-02,1.000000000000000000e+00
7.570900000000000407e-01,3.059999999999999873e-02,4.704640909124653547e-02,1.000000000000000000e+00
7.720399999999999485e-01,3.166000000000000064e-02,4.529269404399168669e-02,1.000000000000000000e+00
7.720399999999999485e-01,3.166000000000000064e-02,4.529269404399168669e-02,1.000000000000000000e+00
7.732799999999999674e-01,3.175000000000000044e-02,4.512297741445136373e-02,1.000000000000000000e+00
7.864400000000000279e-01,3.250999999999999723e-02,4.721723741521300505e-02,1.000000000000000000e+00
8.038699999999999735e-01,3.350999999999999812e-02,4.336686735361790918e-02,1.000000000000000000e+00
8.190699999999999648e-01,3.445000000000000145e-02,4.503688899384206135e-02,1.000000000000000000e+00
8.190699999999999648e-01,3.445000000000000145e-02,4.503688899384206135e-02,1.000000000000000000e+00
8.370900000000000007e-01,3.577000000000000318e-02,4.557562716656930746e-02,1.000000000000000000e+00
8.370900000000000007e-01,3.577000000000000318e-02,4.557562716656930746e-02,1.000000000000000000e+00
8.485399999999999610e-01,3.703999999999999654e-02,4.795634150583886340e-02,1.000000000000000000e+00
8.497500000000000053e-01,3.719000000000000083e-02,4.824714791520642865e-02,1.000000000000000000e+00
8.726899999999999658e-01,3.889000000000000096e-02,4.818231239819491252e-02,1.000000000000000000e+00
8.887500000000000400e-01,4.016999999999999738e-02,5.035399802205813014e-02,1.000000000000000000e+00
8.887500000000000400e-01,4.016999999999999738e-02,5.035399802205813014e-02,1.000000000000000000e+00
9.038899999999999713e-01,4.114999999999999908e-02,5.287302412558556042e-02,1.000000000000000000e+00
9.038899999999999713e-01,4.114999999999999908e-02,5.287302412558556042e-02,1.000000000000000000e+00
9.226199999999999957e-01,4.170000000000000095e-02,5.517439941340121501e-02,1.000000000000000000e+00
9.345900000000000318e-01,4.227999999999999814e-02,5.316911568627384621e-02,1.000000000000000000e+00
9.345900000000000318e-01,4.227999999999999814e-02,5.316911568627384621e-02,1.000000000000000000e+00
9.533000000000000362e-01,4.299000000000000044e-02,5.546939553974235271e-02,1.000000000000000000e+00
9.533000000000000362e-01,4.299000000000000044e-02,5.546939553974235271e-02,1.000000000000000000e+00
9.689400000000000235e-01,4.388000000000000234e-02,5.590904846341022971e-02,1.000000000000000000e+00
9.842899999999999983e-01,4.494999999999999690e-02,5.402028691114901110e-02,1.000000000000000000e+00
9.842899999999999983e-01,4.494999999999999690e-02,5.402028691114901110e-02,1.000000000000000000e+00
1.003419999999999979e+00,4.592999999999999861e-02,5.626696157177171059e-02,1.000000000000000000e+00
1.003419999999999979e+00,4.592999999999999861e-02,5.626696157177171059e-02,1.000000000000000000e+00
1.019530000000000047e+00,4.692999999999999949e-02,5.413476747263122613e-02,1.000000000000000000e+00
1.020880000000000010e+00,4.701000000000000317e-02,5.391023956151686641e-02,1.000000000000000000e+00
1.030820000000000070e+00,4.794000000000000344e-02,5.182901707106517958e-02,1.000000000000000000e+00
1.050580000000000069e+00,4.871000000000000330e-02,5.188037121470284729e-02,1.000000000000000000e+00
1.050580000000000069e+00,4.871000000000000330e-02,5.188037121470284729e-02,1.000000000000000000e+00
1.066710000000000047e+00,5.052000000000000240e-02,5.237990843152582482e-02,1.000000000000000000e+00
1.066710000000000047e+00,5.052000000000000240e-02,5.237990843152582482e-02,1.000000000000000000e+00
1.082130000000000036e+00,5.197000000000000230e-02,5.273112277137362996e-02,1.000000000000000000e+00
1.082130000000000036e+00,5.197000000000000230e-02,5.273112277137362996e-02,1.000000000000000000e+00
1.082130000000000036e+00,5.197000000000000230e-02,5.273112277137362996e-02,1.000000000000000000e+00
1.082130000000000036e+00,5.197000000000000230e-02,5.273112277137362996e-02,1.000000000000000000e+00
1.082130000000000036e+00,5.197000000000000230e-02,5.273112277137362996e-02,1.000000000000000000e+00
1.082130000000000036e+00,5.197000000000000230e-02,5.273112277137362996e-02,1.000000000000000000e+00
1.132030000000000092e+00,5.566999999999999726e-02,5.850701861034616341e-02,1.000000000000000000e+00
1.151659999999999906e+00,5.646999999999999936e-02,5.865065543568423467e-02,1.000000000000000000e+00
1.164239999999999942e+00,5.705999999999999961e-02,6.097177836357618036e-02,1.000000000000000000e+00
1.164239999999999942e+00,5.705999999999999961e-02,6.097177836357618036e-02,1.000000000000000000e+00
1.164239999999999942e+00,5.705999999999999961e-02,6.097177836357618036e-02,1.000000000000000000e+00
1.182139999999999969e+00,5.818000000000000255e-02,6.175823688857640104e-02,1.000000000000000000e+00
1.197070000000000078e+00,5.915999999999999731e-02,6.190335542636204308e-02,1.000000000000000000e+00
1.209359999999999991e+00,6.019000000000000045e-02,6.190112575221102392e-02,1.000000000000000000e+00
1.209359999999999991e+00,6.019000000000000045e-02,6.190112575221102392e-02,1.000000000000000000e+00
1.209359999999999991e+00,6.019000000000000045e-02,6.190112575221102392e-02,1.000000000000000000e+00
1.209359999999999991e+00,6.019000000000000045e-02,6.190112575221102392e-02,1.000000000000000000e+00
1.210290000000000088e+00,6.028000000000000025e-02,6.189956457365022868e-02,1.000000000000000000e+00
1.210290000000000088e+00,6.028000000000000025e-02,6.189956457365022868e-02,1.000000000000000000e+00
1.210290000000000088e+00,6.028000000000000025e-02,6.189956457365022868e-02,1.000000000000000000e+00
1.254999999999999893e+00,6.371999999999999886e-02,6.004921439048988008e-02,1.000000000000000000e+00
1.254999999999999893e+00,6.371999999999999886e-02,6.004921439048988008e-02,1.000000000000000000e+00
1.293520000000000003e+00,6.654000000000000192e-02,5.839759874219324631e-02,1.000000000000000000e+00
1.293520000000000003e+00,6.654000000000000192e-02,5.839759874219324631e-02,1.000000000000000000e+00
1.311020000000000074e+00,6.816999999999999449e-02,6.361022609181675447e-02,1.000000000000000000e+00
1.328140000000000098e+00,6.958000000000000296e-02,6.430103379876869751e-02,1.000000000000000000e+00
1.328140000000000098e+00,6.958000000000000296e-02,6.430103379876869751e-02,1.000000000000000000e+00
1.340379999999999905e+00,7.119999999999999940e-02,6.686185239865338747e-02,1.000000000000000000e+00
1.341390000000000082e+00,7.134999999999999676e-02,6.709795050158777474e-02,1.000000000000000000e+00
1.352249999999999952e+00,7.252000000000000113e-02,6.746848845577799181e-02,1.000000000000000000e+00
1.369890000000000052e+00,7.342999999999999527e-02,6.760860132658554067e-02,1.000000000000000000e+00
1.369890000000000052e+00,7.342999999999999527e-02,6.760860132658554067e-02,1.000000000000000000e+00
1.393089999999999939e+00,7.451000000000000678e-02,7.310116838610987433e-02,1.000000000000000000e+00
1.395149999999999890e+00,7.462000000000000577e-02,7.361814604716261645e-02,1.000000000000000000e+00
1.406250000000000000e+00,7.538999999999999868e-02,7.131421830948757312e-02,1.000000000000000000e+00
1.423959999999999892e+00,7.664999999999999591e-02,7.124303333881708278e-02,1.000000000000000000e+00
1.423959999999999892e+00,7.664999999999999591e-02,7.124303333881708278e-02,1.000000000000000000e+00
1.431470000000000020e+00,7.772999999999999354e-02,7.111402673056234358e-02,1.000000000000000000e+00
1.431470000000000020e+00,7.772999999999999354e-02,7.111402673056234358e-02,1.000000000000000000e+00
1.448579999999999979e+00,7.938000000000000611e-02,7.145134087025432901e-02,1.000000000000000000e+00
1.466939999999999911e+00,8.072000000000000008e-02,7.195313963324254103e-02,1.000000000000000000e+00
1.466939999999999911e+00,8.072000000000000008e-02,7.195313963324254103e-02,1.000000000000000000e+00
1.479540000000000077e+00,8.185000000000000608e-02,6.939092548519952552e-02,1.000000000000000000e+00
1.479540000000000077e+00,8.185000000000000608e-02,6.939092548519952552e-02,1.000000000000000000e+00
1.509309999999999929e+00,8.433000000000000218e-02,7.018693642951631673e-02,1.000000000000000000e+00
1.512000000000000011e+00,8.455000000000000016e-02,7.028564401484645174e-02,1.000000000000000000e+00
1.523369999999999891e+00,8.616000000000000048e-02,7.049201433947382966e-02,1.000000000000000000e+00
1.541660000000000030e+00,8.762999999999999956e-02,7.375706455453122368e-02,1.000000000000000000e+00
1.541660000000000030e+00,8.762999999999999956e-02,7.375706455453122368e-02,1.000000000000000000e+00
1.554589999999999916e+00,8.910999999999999477e-02,7.433600512171331665e-02,1.000000000000000000e+00
1.554589999999999916e+00,8.910999999999999477e-02,7.433600512171331665e-02,1.000000000000000000e+00
1.566719999999999891e+00,9.038999999999999813e-02,7.686045841846007864e-02,1.000000000000000000e+00
1.585690000000000044e+00,9.188999999999999946e-02,7.757001745128162817e-02,1.000000000000000000e+00
1.585690000000000044e+00,9.188999999999999946e-02,7.757001745128162817e-02,1.000000000000000000e+00
1.611660000000000093e+00,9.299999999999999933e-02,8.084633550082166720e-02,1.000000000000000000e+00
1.611660000000000093e+00,9.299999999999999933e-02,8.084633550082166720e-02,1.000000000000000000e+00
1.619550000000000045e+00,9.393999999999999573e-02,8.105804042934754150e-02,1.000000000000000000e+00
1.620100000000000096e+00,9.403000000000000247e-02,8.104888337145514654e-02,1.000000000000000000e+00
1.638600000000000056e+00,9.539999999999999869e-02,7.866007599299489061e-02,1.000000000000000000e+00
1.657520000000000104e+00,9.732999999999999985e-02,7.879316764710726784e-02,1.000000000000000000e+00
1.657520000000000104e+00,9.732999999999999985e-02,7.879316764710726784e-02,1.000000000000000000e+00
1.670900000000000052e+00,9.889000000000000568e-02,7.867607945162885530e-02,1.000000000000000000e+00
1.670900000000000052e+00,9.889000000000000568e-02,7.867607945162885530e-02,1.000000000000000000e+00
1.696430000000000105e+00,1.008300000000000030e-01,8.210935552544972038e-02,1.000000000000000000e+00
1.704280000000000017e+00,1.018499999999999961e-01,8.235371066326074851e-02,1.000000000000000000e+00
1.704280000000000017e+00,1.018499999999999961e-01,8.235371066326074851e-02,1.000000000000000000e+00
1.723249999999999948e+00,1.034599999999999964e-01,8.003313036323629615e-02,1.000000000000000000e+00
1.723249999999999948e+00,1.034599999999999964e-01,8.003313036323629615e-02,1.000000000000000000e+00
1.736990000000000034e+00,1.052899999999999947e-01,8.018825145142241539e-02,1.000000000000000000e+00
1.756629999999999914e+00,1.075500000000000067e-01,8.354300713985729487e-02,1.000000000000000000e+00
1.756629999999999914e+00,1.075500000000000067e-01,8.354300713985729487e-02,1.000000000000000000e+00
1.769840000000000080e+00,1.091599999999999931e-01,8.414736423127122666e-02,1.000000000000000000e+00
1.769840000000000080e+00,1.091599999999999931e-01,8.414736423127122666e-02,1.000000000000000000e+00
1.789619999999999989e+00,1.111499999999999988e-01,8.729862795038687007e-02,1.000000000000000000e+00
1.791409999999999947e+00,1.113399999999999945e-01,8.759664566875796643e-02,1.000000000000000000e+00
1.803949999999999942e+00,1.126999999999999946e-01,9.059488620120766111e-02,1.000000000000000000e+00
1.817560000000000064e+00,1.140400000000000025e-01,8.567920826990731153e-02,1.000000000000000000e+00
1.817560000000000064e+00,1.140400000000000025e-01,8.567920826990731153e-02,1.000000000000000000e+00
1.831460000000000088e+00,1.149799999999999989e-01,8.804344902066407741e-02,1.000000000000000000e+00
1.831460000000000088e+00,1.149799999999999989e-01,8.804344902066407741e-02,1.000000000000000000e+00
1.852680000000000105e+00,1.164199999999999957e-01,8.607378018742620207e-02,1.000000000000000000e+00
1.867820000000000036e+00,1.178199999999999942e-01,8.860742983586269994e-02,1.000000000000000000e+00
1.867820000000000036e+00,1.178199999999999942e-01,8.860742983586269994e-02,1.000000000000000000e+00
1.880379999999999940e+00,1.194199999999999984e-01,8.664902110717230543e-02,1.000000000000000000e+00
1.880379999999999940e+00,1.194199999999999984e-01,8.664902110717230543e-02,1.000000000000000000e+00
1.902339999999999920e+00,1.210500000000000048e-01,8.658525933689205367e-02,1.000000000000000000e+00
1.916279999999999983e+00,1.228699999999999931e-01,8.972081846551764606e-02,1.000000000000000000e+00
1.916279999999999983e+00,1.228699999999999931e-01,8.972081846551764606e-02,1.000000000000000000e+00
1.929510000000000058e+00,1.241099999999999981e-01,9.313901670564245228e-02,1.000000000000000000e+00
1.929510000000000058e+00,1.241099999999999981e-01,9.313901670564245228e-02,1.000000000000000000e+00
1.943040000000000100e+00,1.256500000000000117e-01,8.797309989115031925e-02,1.000000000000000000e+00
1.944190000000000085e+00,1.257800000000000029e-01,8.745965498140023664e-02,1.000000000000000000e+00
1.954830000000000068e+00,1.270499999999999963e-01,8.468350127029899976e-02,1.000000000000000000e+00
1.955840000000000023e+00,1.271700000000000053e-01,8.442089062719883297e-02,1.000000000000000000e+00
1.958879999999999955e+00,1.277000000000000079e-01,8.745829411557087818e-02,1.000000000000000000e+00
1.977219999999999978e+00,1.290699999999999903e-01,8.531839824407801143e-02,1.000000000000000000e+00
1.979319999999999968e+00,1.292099999999999915e-01,8.503197380465335464e-02,1.000000000000000000e+00
1.989149999999999974e+00,1.300900000000000112e-01,8.828867351273694819e-02,1.000000000000000000e+00
1.992660000000000098e+00,1.306900000000000006e-01,8.873410156768087031e-02,1.000000000000000000e+00
1.992660000000000098e+00,1.306900000000000006e-01,8.873410156768087031e-02,1.000000000000000000e+00
1.994739999999999958e+00,1.312300000000000133e-01,8.871072388447510948e-02,1.000000000000000000e+00
1.994739999999999958e+00,1.312300000000000133e-01,8.871072388447510948e-02,1.000000000000000000e+00
1.995540000000000092e+00,1.316799999999999915e-01,8.878642815190969373e-02,1.000000000000000000e+00
2.004690000000000083e+00,1.321199999999999875e-01,8.892090624451343128e-02,1.000000000000000000e+00
2.004690000000000083e+00,1.321199999999999875e-01,8.892090624451343128e-02,1.000000000000000000e+00
2.006419999999999870e+00,1.325399999999999912e-01,8.887794309188778996e-02,1.000000000000000000e+00
2.006419999999999870e+00,1.325399999999999912e-01,8.887794309188778996e-02,1.000000000000000000e+00
1.998839999999999950e+00,1.326199999999999879e-01,8.884734652132662835e-02,1.000000000000000000e+00
1.998119999999999896e+00,1.326199999999999879e-01,8.884499288390483585e-02,1.000000000000000000e+00
2.006990000000000052e+00,1.330199999999999994e-01,9.183397463138376349e-02,1.000000000000000000e+00
2.007319999999999993e+00,1.327599999999999891e-01,9.224150256068527898e-02,1.000000000000000000e+00
2.007319999999999993e+00,1.327599999999999891e-01,9.224150256068527898e-02,1.000000000000000000e+00
2.007439999999999891e+00,1.327099999999999946e-01,8.620433800023374893e-02,1.000000000000000000e+00
2.007439999999999891e+00,1.327099999999999946e-01,8.620433800023374893e-02,1.000000000000000000e+00
2.006549999999999834e+00,1.326700000000000101e-01,8.576415555312683070e-02,1.000000000000000000e+00
2.014580000000000037e+00,1.330300000000000094e-01,8.890277607371543933e-02,1.000000000000000000e+00
2.014580000000000037e+00,1.330300000000000094e-01,8.890277607371543933e-02,1.000000000000000000e+00
2.008319999999999883e+00,1.328100000000000114e-01,8.902447526224332996e-02,1.000000000000000000e+00
2.008319999999999883e+00,1.328100000000000114e-01,8.902447526224332996e-02,1.000000000000000000e+00
2.007439999999999891e+00,1.326400000000000079e-01,8.904967002922192787e-02,1.000000000000000000e+00
2.007439999999999891e+00,1.326400000000000079e-01,8.904967002922192787e-02,1.000000000000000000e+00
2.007449999999999957e+00,1.326199999999999879e-01,8.905663964905388696e-02,1.000000000000000000e+00
2.007449999999999957e+00,1.326199999999999879e-01,8.905663964905388696e-02,1.000000000000000000e+00
2.006889999999999841e+00,1.327500000000000069e-01,8.899300687144394428e-02,1.000000000000000000e+00
2.006720000000000059e+00,1.329700000000000049e-01,9.201138243376402737e-02,1.000000000000000000e+00
2.006720000000000059e+00,1.329700000000000049e-01,9.201138243376402737e-02,1.000000000000000000e+00
2.007210000000000161e+00,1.329299999999999926e-01,8.941635002913701780e-02,1.000000000000000000e+00
2.007210000000000161e+00,1.329299999999999926e-01,8.941635002913701780e-02,1.000000000000000000e+00
2.015420000000000211e+00,1.330699999999999938e-01,8.926215954350248671e-02,1.000000000000000000e+00
2.016210000000000058e+00,1.330900000000000138e-01,8.927502990406052663e-02,1.000000000000000000e+00
2.007649999999999935e+00,1.328000000000000014e-01,8.900372720006757832e-02,1.000000000000000000e+00
2.006740000000000190e+00,1.329200000000000104e-01,8.909913249127103529e-02,1.000000000000000000e+00
2.006740000000000190e+00,1.329200000000000104e-01,8.909913249127103529e-02,1.000000000000000000e+00
-5.699999999999999772e-04,-2.000000000000000164e-05,0.000000000000000000e+00,1.000000000000000000e+00
-4.200000000000000174e-04,-4.000000000000000327e-05,-2.801044631045357175e-04,1.000000000000000000e+00
-4.200000000000000174e-04,-4.000000000000000327e-05,-2.939067623122208631e-04,1.000000000000000000e+00
-7.500000000000000156e-04,-4.000000000000000327e-05,-3.173300375133729411e-04,1.000000000000000000e+00
4.699999999999999859e-04,-6.999999999999999387e-05,-1.276019072695696124e-04,1.000000000000000000e+00
4.699999999999999859e-04,-6.999999999999999387e-05,-1.276019072695696124e-04,1.000000000000000000e+00
-4.800000000000000122e-04,1.000000000000000082e-05,1.186198999731048450e-03,1.000000000000000000e+00
-4.499999999999999877e-04,2.000000000000000164e-05,1.034804213313360310e-03,1.000000000000000000e+00
-4.400000000000000157e-04,2.000000000000000164e-05,1.017364556012639561e-03,1.000000000000000000e+00
-5.999999999999999474e-04,2.000000000000000164e-05,9.945984036583204943e-04,1.000000000000000000e+00
-6.099999999999999737e-04,2.000000000000000164e-05,9.925748140486429210e-04,1.000000000000000000e+00
8.800000000000000313e-04,1.499999999999999869e-04,2.758181503048534860e-03,1.000000000000000000e+00
4.669999999999999672e-03,4.299999999999999894e-04,4.362119361364502797e-03,1.000000000000000000e+00
4.669999999999999672e-03,4.299999999999999894e-04,4.362119361364502797e-03,1.000000000000000000e+00
1.008000000000000042e-02,5.400000000000000069e-04,4.227477221208696644e-03,1.000000000000000000e+00
1.008000000000000042e-02,5.400000000000000069e-04,4.227477221208696644e-03,1.000000000000000000e+00
1.746999999999999942e-02,3.699999999999999947e-04,1.811257887936405320e-03,1.000000000000000000e+00
1.811000000000000110e-02,3.600000000000000227e-04,1.588923446953665599e-03,1.000000000000000000e+00
2.699999999999999969e-02,4.899999999999999842e-04,4.587479710750048435e-03,1.000000000000000000e+00
3.470000000000000168e-02,9.499999999999999981e-04,4.663880952538750589e-03,1.000000000000000000e+00
3.470000000000000168e-02,9.499999999999999981e-04,4.663880952538750589e-03,1.000000000000000000e+00
4.624999999999999944e-02,1.000000000000000021e-03,4.553061370845951777e-03,1.000000000000000000e+00
4.624999999999999944e-02,1.000000000000000021e-03,4.553061370845951777e-03,1.000000000000000000e+00
5.616999999999999771e-02,1.080000000000000014e-03,8.688208760130756297e-03,1.000000000000000000e+00
5.700999999999999818e-02,1.090000000000000040e-03,9.076038316355262980e-03,1.000000000000000000e+00
7.019000000000000239e-02,1.110000000000000092e-03,8.459643956581363797e-03,1.000000000000000000e+00
7.986999999999999655e-02,1.160000000000000007e-03,9.261352930378467449e-03,1.000000000000000000e+00
7.986999999999999655e-02,1.160000000000000007e-03,9.261352930378467449e-03,1.000000000000000000e+00
9.969000000000000083e-02,7.799999999999999859e-04,1.273388579065605139e-02,1.000000000000000000e+00
1.016299999999999981e-01,7.600000000000000418e-04,1.306494193131402595e-02,1.000000000000000000e+00
1.135400000000000020e-01,1.080000000000000014e-03,1.290216438197429837e-02,1.000000000000000000e+00
1.281299999999999939e-01,1.549999999999999946e-03,1.283109628767417285e-02,1.000000000000000000e+00
1.281299999999999939e-01,1.549999999999999946e-03,1.283109628767417285e-02,1.000000000000000000e+00
1.416499999999999981e-01,2.050000000000000173e-03,1.258980087727155570e-02,1.000000000000000000e+00
1.416499999999999981e-01,2.050000000000000173e-03,1.258980087727155570e-02,1.000000000000000000e+00
1.633199999999999930e-01,3.589999999999999875e-03,1.134671353993035522e-02,1.000000000000000000e+00
1.633199999999999930e-01,3.589999999999999875e-03,1.134671353993035522e-02,1.000000000000000000e+00
1.809399999999999897e-01,3.930000000000000333e-03,1.115350289674633955e-02,1.000000000000000000e+00
1.825799999999999923e-01,3.939999999999999926e-03,1.114895571295834199e-02,1.000000000000000000e+00
1.951700000000000101e-01,4.959999999999999999e-03,1.273342876918785727e-02,1.000000000000000000e+00
2.089199999999999946e-01,5.899999999999999863e-03,1.699141966315525706e-02,1.000000000000000000e+00
2.089199999999999946e-01,5.899999999999999863e-03,1.699141966315525706e-02,1.000000000000000000e+00
2.297599999999999920e-01,6.579999999999999911e-03,1.925906521331320273e-02,1.000000000000000000e+00
2.319799999999999918e-01,6.620000000000000016e-03,1.947639246692788734e-02,1.000000000000000000e+00
2.416399999999999937e-01,7.729999999999999892e-03,2.433138545512860892e-02,1.000000000000000000e+00
2.426200000000000023e-01,7.839999999999999747e-03,2.482252940725365731e-02,1.000000000000000000e+00
2.591300000000000270e-01,7.799999999999999642e-03,2.654441910227290161e-02,1.000000000000000000e+00
2.591300000000000270e-01,7.799999999999999642e-03,2.654441910227290161e-02,1.000000000000000000e+00
2.591300000000000270e-01,7.799999999999999642e-03,2.654441910227290161e-02,1.000000000000000000e+00
2.607499999999999818e-01,7.799999999999999642e-03,2.671235620701859631e-02,1.000000000000000000e+00
2.917000000000000148e-01,8.869999999999999413e-03,2.435324813067402810e-02,1.000000000000000000e+00
3.051099999999999923e-01,8.789999999999999203e-03,2.580168450134277466e-02,1.000000000000000000e+00
3.231499999999999928e-01,8.970000000000000542e-03,2.402586522124270513e-02,1.000000000000000000e+00
3.231499999999999928e-01,8.970000000000000542e-03,2.402586522124270513e-02,1.000000000000000000e+00
3.366999999999999993e-01,9.469999999999999252e-03,2.354186490815455765e-02,1.000000000000000000e+00
3.531599999999999739e-01,9.990000000000000616e-03,2.141032542320989163e-02,1.000000000000000000e+00
3.531599999999999739e-01,9.990000000000000616e-03,2.141032542320989163e-02,1.000000000000000000e+00
3.701900000000000190e-01,1.081999999999999976e-02,2.099397557625514235e-02,1.000000000000000000e+00
3.701900000000000190e-01,1.081999999999999976e-02,2.099397557625514235e-02,1.000000000000000000e+00
3.839699999999999780e-01,1.157000000000000042e-02,2.410306836478634876e-02,1.000000000000000000e+00
3.839699999999999780e-01,1.157000000000000042e-02,2.410306836478634876e-02,1.000000000000000000e+00
4.005600000000000271e-01,1.182000000000000065e-02,2.603678018230586033e-02,1.000000000000000000e+00
4.025199999999999889e-01,1.184999999999999942e-02,2.623699673552098988e-02,1.000000000000000000e+00
4.165499999999999758e-01,1.264999999999999979e-02,2.613890168136285413e-02,1.000000000000000000e+00
4.319399999999999906e-01,1.370999999999999996e-02,2.630675041388045449e-02,1.000000000000000000e+00
4.319399999999999906e-01,1.370999999999999996e-02,2.630675041388045449e-02,1.000000000000000000e+00
4.471899999999999764e-01,1.485000000000000035e-02,2.979185982261842863e-02,1.000000000000000000e+00
4.471899999999999764e-01,1.485000000000000035e-02,2.979185982261842863e-02,1.000000000000000000e+00
4.632200000000000206e-01,1.615000000000000116e-02,3.392937824448043899e-02,1.000000000000000000e+00
4.646399999999999975e-01,1.626999999999999974e-02,3.429749122147437990e-02,1.000000000000000000e+00
4.878399999999999959e-01,1.593999999999999931e-02,3.272261392771556865e-02,1.000000000000000000e+00
4.903000000000000136e-01,1.589000000000000135e-02,3.256308438868874000e-02,1.000000000000000000e+00
4.903000000000000136e-01,1.589000000000000135e-02,3.256308438868874000e-02,1.000000000000000000e+00
4.903000000000000136e-01,1.589000000000000135e-02,3.256308438868874000e-02,1.000000000000000000e+00
5.195800000000000418e-01,1.705999999999999878e-02,3.197631087687416440e-02,1.000000000000000000e+00
5.340599999999999792e-01,1.740999999999999839e-02,3.345394162926897119e-02,1.000000000000000000e+00
5.356300000000000505e-01,1.745000000000000023e-02,3.361397118417368268e-02,1.000000000000000000e+00
5.504499999999999948e-01,1.794000000000000108e-02,3.356647459407170742e-02,1.000000000000000000e+00
5.665999999999999925e-01,1.838000000000000050e-02,3.359280673391581290e-02,1.000000000000000000e+00
5.665999999999999925e-01,1.838000000000000050e-02,3.359280673391581290e-02,1.000000000000000000e+00
5.805000000000000160e-01,1.955000000000000140e-02,3.563422452018201458e-02,1.000000000000000000e+00
5.818600000000000438e-01,1.967999999999999958e-02,3.585807469061391695e-02,1.000000000000000000e+00
6.016500000000000181e-01,2.144000000000000072e-02,3.707501345359210526e-02,1.000000000000000000e+00
6.185100000000000042e-01,2.219000000000000139e-02,3.712515165550635959e-02,1.000000000000000000e+00
6.185100000000000042e-01,2.219000000000000139e-02,3.712515165550635959e-02,1.000000000000000000e+00
6.381299999999999750e-01,2.318999999999999881e-02,3.540298585447494012e-02,1.000000000000000000e+00
6.381299999999999750e-01,2.318999999999999881e-02,3.540298585447494012e-02,1.000000000000000000e+00
6.521599999999999620e-01,2.433000000000000093e-02,3.962945313742097242e-02,1.000000000000000000e+00
6.533200000000000118e-01,2.443000000000000033e-02,4.003250706370692358e-02,1.000000000000000000e+00
6.689399999999999791e-01,2.552000000000000102e-02,3.984384488236810545e-02,1.000000000000000000e+00
6.826900000000000190e-01,2.690999999999999989e-02,4.226488100494574934e-02,1.000000000000000000e+00
6.826900000000000190e-01,2.690999999999999989e-02,4.226488100494574934e-02,1.000000000000000000e+00
6.826900000000000190e-01,2.690999999999999989e-02,4.226488100494574934e-02,1.000000000000000000e+00
6.968900000000000095e-01,2.755000000000000157e-02,4.211220252010167836e-02,1.000000000000000000e+00
7.197099999999999609e-01,2.820999999999999897e-02,4.465091537937689731e-02,1.000000000000000000e+00
7.216200000000000392e-01,2.827999999999999958e-02,4.487233056631732830e-02,1.000000000000000000e+00
7.316599999999999770e-01,2.905999999999999903e-02,4.451246117885274828e-02,1.000000000000000000e+00
7.456500000000000350e-01,2.974999999999999867e-02,4.626271354043520745e-02,1.000000000000000000e+00
7.456500000000000350e-01,2.974999999999999867e-02,4.626271354043520745e-02,1.000000000000000000e+00
7.600500000000000034e-01,3.017999999999999849e-02,4.613831751285064897e-02,1.000000000000000000e+00
7.600500000000000034e-01,3.017999999999999849e-02,4.613831751285064897e-02,1.000000000000000000e+00
7.770299999999999985e-01,3.087000000000000161e-02,4.603373871324048516e-02,1.000000000000000000e+00
7.787300000000000333e-01,3.094999999999999835e-02,4.602498275245518744e-02,1.000000000000000000e+00
7.982200000000000406e-01,3.167999999999999983e-02,4.860338498906129762e-02,1.000000000000000000e+00
8.064099999999999602e-01,3.266000000000000153e-02,4.237700241392149125e-02,1.000000000000000000e+00
8.064099999999999602e-01,3.266000000000000153e-02,4.237700241392149125e-02,1.000000000000000000e+00
8.268299999999999539e-01,3.357000000000000262e-02,4.398574928910423121e-02,1.000000000000000000e+00
8.268299999999999539e-01,3.357000000000000262e-02,4.398574928910423121e-02,1.000000000000000000e+00
8.494000000000000439e-01,3.468999999999999861e-02,4.225176398717175180e-02,1.000000000000000000e+00
8.615500000000000380e-01,3.579999999999999849e-02,4.392195961032429458e-02,1.000000000000000000e+00
8.615500000000000380e-01,3.579999999999999849e-02,4.392195961032429458e-02,1.000000000000000000e+00
8.825300000000000367e-01,3.694999999999999674e-02,4.645894593951262197e-02,1.000000000000000000e+00
8.825300000000000367e-01,3.694999999999999674e-02,4.645894593951262197e-02,1.000000000000000000e+00
8.985600000000000254e-01,3.844999999999999807e-02,4.920008553496072606e-02,1.000000000000000000e+00
8.985600000000000254e-01,3.844999999999999807e-02,4.920008553496072606e-02,1.000000000000000000e+00
9.133499999999999952e-01,3.935999999999999915e-02,4.907800130149538032e-02,1.000000000000000000e+00
9.145900000000000141e-01,3.944000000000000283e-02,4.904762339269534699e-02,1.000000000000000000e+00
9.347499999999999698e-01,4.102000000000000091e-02,4.892471611807982373e-02,1.000000000000000000e+00
9.369899999999999896e-01,4.120000000000000051e-02,4.891092644102528614e-02,1.000000000000000000e+00
9.508400000000000185e-01,4.175999999999999851e-02,4.871491576422265490e-02,1.000000000000000000e+00
9.666299999999999892e-01,4.256999999999999673e-02,5.320055771728793986e-02,1.000000000000000000e+00
9.666299999999999892e-01,4.256999999999999673e-02,5.320055771728793986e-02,1.000000000000000000e+00
9.859799999999999676e-01,4.288999999999999757e-02,5.360983890333375496e-02,1.000000000000000000e+00
9.859799999999999676e-01,4.288999999999999757e-02,5.360983890333375496e-02,1.000000000000000000e+00
1.001290000000000013e+00,4.363000000000000211e-02,5.154209419602407555e-02,1.000000000000000000e+00
1.017269999999999897e+00,4.469999999999999668e-02,5.574588986845908228e-02,1.000000000000000000e+00
1.017269999999999897e+00,4.469999999999999668e-02,5.574588986845908228e-02,1.000000000000000000e+00
1.036720000000000086e+00,4.544000000000000122e-02,5.410496585349273968e-02,1.000000000000000000e+00
1.036720000000000086e+00,4.544000000000000122e-02,5.410496585349273968e-02,1.000000000000000000e+00
1.048939999999999984e+00,4.669000000000000233e-02,5.355877280082391168e-02,1.000000000000000000e+00
1.049860000000000015e+00,4.680000000000000132e-02,5.352771739473762003e-02,1.000000000000000000e+00
1.068410000000000082e+00,4.769999999999999934e-02,5.151746465380952628e-02,1.000000000000000000e+00
1.084440000000000071e+00,4.873999999999999860e-02,4.941033372105023413e-02,1.000000000000000000e+00
1.084440000000000071e+00,4.873999999999999860e-02,4.941033372105023413e-02,1.000000000000000000e+00
1.100640000000000063e+00,4.988000000000000073e-02,5.141668066248508695e-02,1.000000000000000000e+00
1.100640000000000063e+00,4.988000000000000073e-02,5.141668066248508695e-02,1.000000000000000000e+00
1.112249999999999961e+00,5.151000000000000023e-02,5.184492681359086086e-02,1.000000000000000000e+00
1.131960000000000077e+00,5.299999999999999850e-02,5.452075195515661277e-02,1.000000000000000000e+00
1.131960000000000077e+00,5.299999999999999850e-02,5.452075195515661277e-02,1.000000000000000000e+00
1.144789999999999974e+00,5.405000000000000082e-02,5.692694537100604496e-02,1.000000000000000000e+00
1.144789999999999974e+00,5.405000000000000082e-02,5.692694537100604496e-02,1.000000000000000000e+00
1.160889999999999977e+00,5.500000000000000028e-02,5.505418008955727249e-02,1.000000000000000000e+00
1.160889999999999977e+00,5.500000000000000028e-02,5.505418008955727249e-02,1.000000000000000000e+00
1.182330000000000103e+00,5.598999999999999810e-02,5.730342232156804272e-02,1.000000000000000000e+00
1.194730000000000070e+00,5.686000000000000082e-02,6.012589260687983134e-02,1.000000000000000000e+00
1.194730000000000070e+00,5.686000000000000082e-02,6.012589260687983134e-02,1.000000000000000000e+00
1.211289999999999978e+00,5.748000000000000331e-02,6.020600837007937522e-02,1.000000000000000000e+00
1.211289999999999978e+00,5.748000000000000331e-02,6.020600837007937522e-02,1.000000000000000000e+00
1.228180000000000049e+00,5.840999999999999664e-02,5.781981335330320382e-02,1.000000000000000000e+00
1.240450000000000053e+00,5.938000000000000222e-02,6.005808489243974480e-02,1.000000000000000000e+00
1.240450000000000053e+00,5.938000000000000222e-02,6.005808489243974480e-02,1.000000000000000000e+00
1.256939999999999946e+00,6.031000000000000250e-02,5.790406541824317382e-02,1.000000000000000000e+00
1.256939999999999946e+00,6.031000000000000250e-02,5.790406541824317382e-02,1.000000000000000000e+00
1.283619999999999983e+00,6.183000000000000301e-02,5.815326757292117732e-02,1.000000000000000000e+00
1.285819999999999963e+00,6.196000000000000119e-02,5.819315020345208755e-02,1.000000000000000000e+00
1.301919999999999966e+00,6.332999999999999741e-02,5.591502108395597637e-02,1.000000000000000000e+00
1.319730000000000070e+00,6.457999999999999852e-02,5.832716687033326353e-02,1.000000000000000000e+00
1.319730000000000070e+00,6.457999999999999852e-02,5.832716687033326353e-02,1.000000000000000000e+00
1.332300000000000040e+00,6.633999999999999619e-02,6.122509116201874796e-02,1.000000000000000000e+00
1.333199999999999941e+00,6.647000000000000131e-02,6.144047693387609532e-02,1.000000000000000000e+00
1.348919999999999897e+00,6.819999999999999674e-02,6.449938169602328908e-02,1.000000000000000000e+00
1.350389999999999979e+00,6.836000000000000409e-02,6.478689002020213139e-02,1.000000000000000000e+00
1.366400000000000059e+00,6.962999999999999745e-02,6.776761684359917937e-02,1.000000000000000000e+00
1.379310000000000036e+00,7.073000000000000120e-02,6.759921616187945792e-02,1.000000000000000000e+00
1.379310000000000036e+00,7.073000000000000120e-02,6.759921616187945792e-02,1.000000000000000000e+00
1.396239999999999926e+00,7.155999999999999861e-02,6.524685053546719349e-02,1.000000000000000000e+00
1.398069999999999924e+00,7.163999999999999535e-02,6.498282984199942047e-02,1.000000000000000000e+00
1.420290000000000052e+00,7.277999999999999747e-02,6.774402056256352556e-02,1.000000000000000000e+00
1.433759999999999923e+00,7.349999999999999589e-02,6.815183897905946475e-02,1.000000000000000000e+00
1.433759999999999923e+00,7.349999999999999589e-02,6.815183897905946475e-02,1.000000000000000000e+00
1.446280000000000010e+00,7.452000000000000290e-02,6.793933105642363524e-02,1.000000000000000000e+00
1.458690000000000042e+00,7.545000000000000318e-02,6.813474587006201899e-02,1.000000000000000000e+00
1.458690000000000042e+00,7.545000000000000318e-02,6.813474587006201899e-02,1.000000000000000000e+00
1.476730000000000098e+00,7.660999999999999754e-02,6.833419447200063390e-02,1.000000000000000000e+00
1.476730000000000098e+00,7.660999999999999754e-02,6.833419447200063390e-02,1.000000000000000000e+00
1.495309999999999917e+00,7.804999999999999438e-02,6.860188280759647872e-02,1.000000000000000000e+00
1.495309999999999917e+00,7.804999999999999438e-02,6.860188280759647872e-02,1.000000000000000000e+00
1.513889999999999958e+00,7.950000000000000122e-02,6.610054577108392948e-02,1.000000000000000000e+00
1.521200000000000108e+00,8.093000000000000194e-02,6.842532615211906200e-02,1.000000000000000000e+00
1.521200000000000108e+00,8.093000000000000194e-02,6.842532615211906200e-02,1.000000000000000000e+00
1.539409999999999945e+00,8.228000000000000591e-02,6.911792053861567919e-02,1.000000000000000000e+00
1.540960000000000107e+00,8.240000000000000102e-02,6.916145250414866552e-02,1.000000000000000000e+00
1.558119999999999949e+00,8.415999999999999870e-02,6.959277324021601041e-02,1.000000000000000000e+00
1.577150000000000052e+00,8.622000000000000497e-02,7.513556593630392466e-02,1.000000000000000000e+00
1.577150000000000052e+00,8.622000000000000497e-02,7.513556593630392466e-02,1.000000000000000000e+00
1.577150000000000052e+00,8.622000000000000497e-02,7.513556593630392466e-02,1.000000000000000000e+00
1.584060000000000024e+00,8.763999999999999568e-02,7.307559306997478410e-02,1.000000000000000000e+00
1.602360000000000007e+00,8.880000000000000393e-02,7.328038942663370192e-02,1.000000000000000000e+00
1.622430000000000039e+00,8.980000000000000482e-02,7.342322761697510358e-02,1.000000000000000000e+00
1.622430000000000039e+00,8.980000000000000482e-02,7.342322761697510358e-02,1.000000000000000000e+00
1.635499999999999954e+00,9.114999999999999492e-02,7.344431177292312651e-02,1.000000000000000000e+00
1.661350000000000104e+00,9.229999999999999316e-02,7.941973460127260687e-02,1.000000000000000000e+00
1.661350000000000104e+00,9.229999999999999316e-02,7.941973460127260687e-02,1.000000000000000000e+00
1.674719999999999986e+00,9.414000000000000146e-02,7.663767211550125136e-02,1.000000000000000000e+00
1.674719999999999986e+00,9.414000000000000146e-02,7.663767211550125136e-02,1.000000000000000000e+00
1.688979999999999926e+00,9.478000000000000314e-02,7.679508693797745811e-02,1.000000000000000000e+00
1.689959999999999907e+00,9.481000000000000538e-02,7.682641583187545253e-02,1.000000000000000000e+00
1.706930000000000058e+00,9.656000000000000694e-02,7.688314855275880932e-02,1.000000000000000000e+00
1.720779999999999976e+00,9.804999999999999827e-02,7.672174850787849554e-02,1.000000000000000000e+00
1.720779999999999976e+00,9.804999999999999827e-02,7.672174850787849554e-02,1.000000000000000000e+00
1.741149999999999975e+00,9.965000000000000246e-02,7.717603265503097942e-02,1.000000000000000000e+00
1.741149999999999975e+00,9.965000000000000246e-02,7.717603265503097942e-02,1.000000000000000000e+00
1.754350000000000076e+00,1.009899999999999964e-01,7.449874199885564430e-02,1.000000000000000000e+00
1.755449999999999955e+00,1.010999999999999954e-01,7.424152120028373880e-02,1.000000000000000000e+00
1.767260000000000053e+00,1.023099999999999982e-01,7.170727907525324685e-02,1.000000000000000000e+00
1.781069999999999931e+00,1.041399999999999965e-01,7.729712900991883573e-02,1.000000000000000000e+00
1.781069999999999931e+00,1.041399999999999965e-01,7.729712900991883573e-02,1.000000000000000000e+00
1.799390000000000045e+00,1.061300000000000021e-01,7.835818927477403162e-02,1.000000000000000000e+00
1.799390000000000045e+00,1.061300000000000021e-01,7.835818927477403162e-02,1.000000000000000000e+00
1.821129999999999916e+00,1.082199999999999968e-01,8.176936078782676143e-02,1.000000000000000000e+00
1.821129999999999916e+00,1.082199999999999968e-01,8.176936078782676143e-02,1.000000000000000000e+00
1.828419999999999934e+00,1.091899999999999954e-01,8.156880969698540595e-02,1.000000000000000000e+00
1.849120000000000097e+00,1.105300000000000032e-01,8.194133323573864203e-02,1.000000000000000000e+00
1.849120000000000097e+00,1.105300000000000032e-01,8.194133323573864203e-02,1.000000000000000000e+00
1.863529999999999909e+00,1.120600000000000068e-01,7.944455092165406129e-02,1.000000000000000000e+00
1.864389999999999992e+00,1.121499999999999997e-01,7.928060191411627489e-02,1.000000000000000000e+00
1.877890000000000059e+00,1.130000000000000032e-01,8.207091969094543193e-02,1.000000000000000000e+00
1.899680000000000035e+00,1.142299999999999982e-01,8.272274996366073274e-02,1.000000000000000000e+00
1.913999999999999924e+00,1.155000000000000054e-01,8.264119549721947455e-02,1.000000000000000000e+00
1.913999999999999924e+00,1.155000000000000054e-01,8.264119549721947455e-02,1.000000000000000000e+00
1.922630000000000061e+00,1.164300000000000057e-01,8.302717924266346528e-02,1.000000000000000000e+00
1.935400000000000009e+00,1.173399999999999999e-01,8.304562961033019886e-02,1.000000000000000000e+00
1.936120000000000063e+00,1.173899999999999944e-01,8.304500563501911181e-02,1.000000000000000000e+00
1.940600000000000103e+00,1.179599999999999954e-01,8.278739554164793457e-02,1.000000000000000000e+00
1.961079999999999934e+00,1.199599999999999972e-01,8.322642825464056371e-02,1.000000000000000000e+00
1.962259999999999893e+00,1.200699999999999962e-01,8.325316505916197096e-02,1.000000000000000000e+00
1.966120000000000090e+00,1.206699999999999995e-01,8.329505493931617377e-02,1.000000000000000000e+00
1.985370000000000079e+00,1.214999999999999969e-01,8.355860829076375285e-02,1.000000000000000000e+00
1.980839999999999934e+00,1.222000000000000031e-01,8.334010177146519704e-02,1.000000000000000000e+00
1.980839999999999934e+00,1.222000000000000031e-01,8.334010177146519704e-02,1.000000000000000000e+00
1.991389999999999993e+00,1.231199999999999933e-01,8.371902557174208670e-02,1.000000000000000000e+00
1.991980000000000084e+00,1.231700000000000017e-01,8.373982578953494127e-02,1.000000000000000000e+00
1.991980000000000084e+00,1.231700000000000017e-01,8.373982578953494127e-02,1.000000000000000000e+00
2.002209999999999823e+00,1.239399999999999946e-01,8.091747930328116456e-02,1.000000000000000000e+00
2.003950000000000120e+00,1.241799999999999987e-01,8.080131728976139294e-02,1.000000000000000000e+00
2.013830000000000009e+00,1.248900000000000010e-01,8.384678151059464513e-02,1.000000000000000000e+00
2.013830000000000009e+00,1.248900000000000010e-01,8.384678151059464513e-02,1.000000000000000000e+00
2.015410000000000146e+00,1.250600000000000045e-01,8.404919711323773079e-02,1.000000000000000000e+00
2.007719999999999949e+00,1.251599999999999935e-01,8.407672532609279659e-02,1.000000000000000000e+00
2.007719999999999949e+00,1.251599999999999935e-01,8.407672532609279659e-02,1.000000000000000000e+00
2.007719999999999949e+00,1.251599999999999935e-01,8.407672532609279659e-02,1.000000000000000000e+00
2.015760000000000218e+00,1.255900000000000072e-01,8.088457454905233213e-02,1.000000000000000000e+00
2.015760000000000218e+00,1.255900000000000072e-01,8.088457454905233213e-02,1.000000000000000000e+00
2.015930000000000000e+00,1.256099999999999994e-01,8.088932017620634185e-02,1.000000000000000000e+00
2.016119999999999912e+00,1.256299999999999917e-01,8.090117130797992717e-02,1.000000000000000000e+00
2.016119999999999912e+00,1.256299999999999917e-01,8.090117130797992717e-02,1.000000000000000000e+00
2.016140000000000043e+00,1.256299999999999917e-01,8.090192689158805239e-02,1.000000000000000000e+00
2.024579999999999824e+00,1.259599999999999886e-01,8.427692936361132203e-02,1.000000000000000000e+00
2.024579999999999824e+00,1.259599999999999886e-01,8.427692936361132203e-02,1.000000000000000000e+00
2.025319999999999787e+00,1.259899999999999909e-01,8.456408833158303440e-02,1.000000000000000000e+00
2.016459999999999919e+00,1.255100000000000104e-01,8.388785823256250662e-02,1.000000000000000000e+00
2.016459999999999919e+00,1.255100000000000104e-01,8.388785823256250662e-02,1.000000000000000000e+00
2.016459999999999919e+00,1.255100000000000104e-01,8.388785823256250662e-02,1.000000000000000000e+00
2.016059999999999963e+00,1.255199999999999927e-01,8.433663825878144615e-02,1.000000000000000000e+00
2.015859999999999985e+00,1.255900000000000072e-01,8.135707841161309017e-02,1.000000000000000000e+00
2.015839999999999854e+00,1.255999999999999894e-01,8.109509191195657385e-02,1.000000000000000000e+00
2.024519999999999875e+00,1.258900000000000019e-01,8.134652331829153593e-02,1.000000000000000000e+00
2.016539999999999999e+00,1.256200000000000094e-01,8.111571154193147892e-02,1.000000000000000000e+00
2.016539999999999999e+00,1.256200000000000094e-01,8.111571154193147892e-02,1.000000000000000000e+00
2.016329999999999956e+00,1.255999999999999894e-01,8.091620655019866881e-02,1.000000000000000000e+00
2.016379999999999839e+00,1.255999999999999894e-01,8.090055717652611111e-02,1.000000000000000000e+00
2.016509999999999803e+00,1.255300000000000027e-01,8.390616448121067383e-02,1.000000000000000000e+00
2.016410000000000036e+00,1.252999999999999947e-01,8.111954970294803224e-02,1.000000000000000000e+00
2.016410000000000036e+00,1.252999999999999947e-01,8.111954970294803224e-02,1.000000000000000000e+00
2.015909999999999869e+00,1.252800000000000025e-01,8.100396292347837590e-02,1.000000000000000000e+00
2.015859999999999985e+00,1.252800000000000025e-01,8.102088522733337517e-02,1.000000000000000000e+00
2.023880000000000123e+00,1.259899999999999909e-01,8.107149201470728594e-02,1.000000000000000000e+00
2.017170000000000130e+00,1.256599999999999939e-01,8.091830998651344808e-02,1.000000000000000000e+00
2.017170000000000130e+00,1.256599999999999939e-01,8.091830998651344808e-02,1.000000000000000000e+00
2.016560000000000130e+00,1.256299999999999917e-01,8.090559114781825656e-02,1.000000000000000000e+00
-2.300000000000000070e-04,-6.000000000000000152e-05,0.000000000000000000e+00,1.000000000000000000e+00
-1.299999999999999886e-04,-3.000000000000000076e-05,-1.545024805316252796e-03,1.000000000000000000e+00
-1.399999999999999877e-04,6.000000000000000152e-05,-1.506764303019764942e-03,1.000000000000000000e+00
-1.399999999999999877e-04,6.000000000000000152e-05,-1.506764303019764942e-03,1.000000000000000000e+00
-1.200000000000000030e-04,-2.000000000000000164e-05,-1.664129387029254217e-03,1.000000000000000000e+00
-1.200000000000000030e-04,-2.000000000000000164e-05,-1.664129387029254217e-03,1.000000000000000000e+00
-2.300000000000000070e-04,-5.000000000000000240e-05,-1.073804608801826694e-04,1.000000000000000000e+00
-2.300000000000000070e-04,-6.000000000000000152e-05,0.000000000000000000e+00,1.000000000000000000e+00
-1.000000000000000082e-05,-8.000000000000000654e-05,2.999138336792382328e-05,1.000000000000000000e+00
-2.200000000000000078e-04,9.000000000000000567e-05,7.528962893455621273e-05,1.000000000000000000e+00
-2.200000000000000078e-04,9.000000000000000567e-05,7.528962893455621273e-05,1.000000000000000000e+00
1.020000000000000073e-03,-6.999999999999999387e-05,-1.339307238042928118e-03,1.000000000000000000e+00
1.020000000000000073e-03,-6.999999999999999387e-05,-1.339307238042928118e-03,1.000000000000000000e+00
1.119999999999999902e-03,-8.000000000000000654e-05,-1.454132370150875786e-03,1.000000000000000000e+00
2.289999999999999935e-03,-4.000000000000000327e-05,-6.171623381203813954e-04,1.000000000000000000e+00
2.289999999999999935e-03,-4.000000000000000327e-05,-6.171623381203813954e-04,1.000000000000000000e+00
2.500000000000000052e-03,-4.000000000000000327e-05,-4.903498397174638071e-04,1.000000000000000000e+00
2.500000000000000052e-03,-4.000000000000000327e-05,-4.903498397174638071e-04,1.000000000000000000e+00
1.366999999999999986e-02,1.160000000000000007e-03,1.494614840659186372e-03,1.000000000000000000e+00
1.366999999999999986e-02,1.160000000000000007e-03,1.494614840659186372e-03,1.000000000000000000e+00
1.366999999999999986e-02,1.160000000000000007e-03,1.494614840659186372e-03,1.000000000000000000e+00
1.366999999999999986e-02,1.160000000000000007e-03,1.494614840659186372e-03,1.000000000000000000e+00
1.366999999999999986e-02,1.160000000000000007e-03,1.494614840659186372e-03,1.000000000000000000e+00
1.366999999999999986e-02,1.160000000000000007e-03,1.494614840659186372e-03,1.000000000000000000e+00
1.366999999999999986e-02,1.160000000000000007e-03,1.494614840659186372e-03,1.000000000000000000e+00
1.366999999999999986e-02,1.160000000000000007e-03,1.494614840659186372e-03,1.000000000000000000e+00
5.618000000000000077e-02,1.869999999999999917e-03,3.898306140345777354e-03,1.000000000000000000e+00
6.432999999999999829e-02,2.490000000000000026e-03,6.755900317962685274e-03,1.000000000000000000e+00
6.522999999999999632e-02,2.560000000000000209e-03,7.070211039394158799e-03,1.000000000000000000e+00
7.495999999999999885e-02,2.919999999999999853e-03,8.449750203990738159e-03,1.000000000000000000e+00
7.495999999999999885e-02,2.919999999999999853e-03,8.449750203990738159e-03,1.000000000000000000e+00
8.544999999999999818e-02,3.350000000000000113e-03,7.359979259432143303e-03,1.000000000000000000e+00
8.544999999999999818e-02,3.350000000000000113e-03,7.359979259432143303e-03,1.000000000000000000e+00
1.003899999999999931e-01,3.559999999999999797e-03,1.199558007396161682e-02,1.000000000000000000e+00
1.016699999999999965e-01,3.589999999999999875e-03,1.242101264687484052e-02,1.000000000000000000e+00
1.160599999999999965e-01,3.660000000000000059e-03,1.471478019186529818e-02,1.000000000000000000e+00
1.306900000000000006e-01,3.629999999999999980e-03,1.277577863639469888e-02,1.000000000000000000e+00
1.306900000000000006e-01,3.629999999999999980e-03,1.277577863639469888e-02,1.000000000000000000e+00
1.506200000000000039e-01,3.129999999999999970e-03,1.386912712502376063e-02,1.000000000000000000e+00
1.646100000000000063e-01,3.579999999999999849e-03,1.535944741507862255e-02,1.000000000000000000e+00
1.646100000000000063e-01,3.579999999999999849e-03,1.535944741507862255e-02,1.000000000000000000e+00
1.802400000000000113e-01,4.309999999999999595e-03,1.358107641482758123e-02,1.000000000000000000e+00
1.960000000000000075e-01,4.729999999999999830e-03,1.511504032328789965e-02,1.000000000000000000e+00
1.960000000000000075e-01,4.729999999999999830e-03,1.511504032328789965e-02,1.000000000000000000e+00
2.184200000000000030e-01,6.490000000000000109e-03,1.725668646253903857e-02,1.000000000000000000e+00
2.184200000000000030e-01,6.490000000000000109e-03,1.725668646253903857e-02,1.000000000000000000e+00
2.368200000000000027e-01,7.459999999999999618e-03,1.964261691862746045e-02,1.000000000000000000e+00
2.368200000000000027e-01,7.459999999999999618e-03,1.964261691862746045e-02,1.000000000000000000e+00
2.501399999999999735e-01,8.750000000000000833e-03,2.467131735627736688e-02,1.000000000000000000e+00
2.510899999999999799e-01,8.850000000000000228e-03,2.505991506329826105e-02,1.000000000000000000e+00
2.696799999999999753e-01,9.740000000000000394e-03,2.408697243419253425e-02,1.000000000000000000e+00
2.842999999999999972e-01,1.021999999999999992e-02,2.712442065546863748e-02,1.000000000000000000e+00
2.842999999999999972e-01,1.021999999999999992e-02,2.712442065546863748e-02,1.000000000000000000e+00
2.988899999999999890e-01,1.071000000000000077e-02,2.353005246767959566e-02,1.000000000000000000e+00
2.988899999999999890e-01,1.071000000000000077e-02,2.353005246767959566e-02,1.000000000000000000e+00
3.149500000000000077e-01,1.112999999999999927e-02,2.301675862760489688e-02,1.000000000000000000e+00
3.149500000000000077e-01,1.112999999999999927e-02,2.301675862760489688e-02,1.000000000000000000e+00
3.288499999999999757e-01,1.144000000000000052e-02,2.469391193548328353e-02,1.000000000000000000e+00
3.452700000000000213e-01,1.162000000000000012e-02,2.251833022925784494e-02,1.000000000000000000e+00
3.452700000000000213e-01,1.162000000000000012e-02,2.251833022925784494e-02,1.000000000000000000e+00
3.466199999999999837e-01,1.162999999999999971e-02,2.231650074341139448e-02,1.000000000000000000e+00
3.574999999999999845e-01,1.196999999999999974e-02,2.174500879290786060e-02,1.000000000000000000e+00
3.574999999999999845e-01,1.196999999999999974e-02,2.174500879290786060e-02,1.000000000000000000e+00
3.749600000000000155e-01,1.243000000000000008e-02,2.329274580422112037e-02,1.000000000000000000e+00
3.984800000000000009e-01,1.255999999999999998e-02,2.590361647573806089e-02,1.000000000000000000e+00
3.984800000000000009e-01,1.255999999999999998e-02,2.590361647573806089e-02,1.000000000000000000e+00
4.173200000000000243e-01,1.324999999999999963e-02,2.769838320113938643e-02,1.000000000000000000e+00
4.173200000000000243e-01,1.324999999999999963e-02,2.769838320113938643e-02,1.000000000000000000e+00
4.173200000000000243e-01,1.324999999999999963e-02,2.769838320113938643e-02,1.000000000000000000e+00
4.173200000000000243e-01,1.324999999999999963e-02,2.769838320113938643e-02,1.000000000000000000e+00
4.173200000000000243e-01,1.324999999999999963e-02,2.769838320113938643e-02,1.000000000000000000e+00
4.173200000000000243e-01,1.324999999999999963e-02,2.769838320113938643e-02,1.000000000000000000e+00
4.173200000000000243e-01,1.324999999999999963e-02,2.769838320113938643e-02,1.000000000000000000e+00
4.173200000000000243e-01,1.324999999999999963e-02,2.769838320113938643e-02,1.000000000000000000e+00
4.892500000000000182e-01,1.871000000000000094e-02,2.978730932843179011e-02,1.000000000000000000e+00
5.034499999999999531e-01,1.949000000000000038e-02,3.174918115128771284e-02,1.000000000000000000e+00
5.193999999999999728e-01,1.981000000000000122e-02,2.980134501373248729e-02,1.000000000000000000e+00
5.193999999999999728e-01,1.981000000000000122e-02,2.980134501373248729e-02,1.000000000000000000e+00
5.351599999999999691e-01,2.029999999999999860e-02,3.137635526156463961e-02,1.000000000000000000e+00
5.351599999999999691e-01,2.029999999999999860e-02,3.137635526156463961e-02,1.000000000000000000e+00
5.487499999999999600e-01,2.106999999999999845e-02,3.304239555628282754e-02,1.000000000000000000e+00
5.501899999999999569e-01,2.116000000000000172e-02,3.321737291985709523e-02,1.000000000000000000e+00
5.625400000000000400e-01,2.139999999999999888e-02,3.507108942976980281e-02,1.000000000000000000e+00
5.834599999999999786e-01,2.163999999999999951e-02,3.746362961217264420e-02,1.000000000000000000e+00
5.834599999999999786e-01,2.163999999999999951e-02,3.746362961217264420e-02,1.000000000000000000e+00
5.976000000000000201e-01,2.256000000000000019e-02,3.568568460370951517e-02,1.000000000000000000e+00
5.976000000000000201e-01,2.256000000000000019e-02,3.568568460370951517e-02,1.000000000000000000e+00
6.144199999999999662e-01,2.305000000000000104e-02,3.729480453524054023e-02,1.000000000000000000e+00
6.280900000000000372e-01,2.392999999999999988e-02,3.717677383836804489e-02,1.000000000000000000e+00
6.280900000000000372e-01,2.392999999999999988e-02,3.717677383836804489e-02,1.000000000000000000e+00
6.447599999999999998e-01,2.493000000000000077e-02,3.745913753016905101e-02,1.000000000000000000e+00
6.447599999999999998e-01,2.493000000000000077e-02,3.745913753016905101e-02,1.000000000000000000e+00
6.447599999999999998e-01,2.493000000000000077e-02,3.745913753016905101e-02,1.000000000000000000e+00
6.447599999999999998e-01,2.493000000000000077e-02,3.745913753016905101e-02,1.000000000000000000e+00
6.447599999999999998e-01,2.493000000000000077e-02,3.745913753016905101e-02,1.000000000000000000e+00
6.461000000000000076e-01,2.502000000000000057e-02,3.748554556248125808e-02,1.000000000000000000e+00
6.461000000000000076e-01,2.502000000000000057e-02,3.748554556248125808e-02,1.000000000000000000e+00
7.063300000000000134e-01,2.955999999999999947e-02,4.239170776032927940e-02,1.000000000000000000e+00
7.063300000000000134e-01,2.955999999999999947e-02,4.239170776032927940e-02,1.000000000000000000e+00
7.202300000000000368e-01,3.072000000000000078e-02,4.283106457275647622e-02,1.000000000000000000e+00
7.405199999999999561e-01,3.159000000000000002e-02,4.475009262456085962e-02,1.000000000000000000e+00
7.405199999999999561e-01,3.159000000000000002e-02,4.475009262456085962e-02,1.000000000000000000e+00
7.522299999999999542e-01,3.232000000000000151e-02,4.484757190865659715e-02,1.000000000000000000e+00
7.531600000000000517e-01,3.237999999999999906e-02,4.484077615655892440e-02,1.000000000000000000e+00
7.693799999999999528e-01,3.311000000000000054e-02,4.492169786779388191e-02,1.000000000000000000e+00
7.841399999999999482e-01,3.377999999999999753e-02,4.676062606808491229e-02,1.000000000000000000e+00
7.841399999999999482e-01,3.377999999999999753e-02,4.676062606808491229e-02,1.000000000000000000e+00
7.984900000000000331e-01,3.431000000000000022e-02,4.904214203542048289e-02,1.000000000000000000e+00
7.984900000000000331e-01,3.431000000000000022e-02,4.904214203542048289e-02,1.000000000000000000e+00
8.197100000000000497e-01,3.504000000000000170e-02,4.729918462703350257e-02,1.000000000000000000e+00
8.348700000000000010e-01,3.543000000000000316e-02,4.666765710527304850e-02,1.000000000000000000e+00
8.348700000000000010e-01,3.543000000000000316e-02,4.666765710527304850e-02,1.000000000000000000e+00
8.528599999999999515e-01,3.645999999999999935e-02,4.483520550439709651e-02,1.000000000000000000e+00
8.528599999999999515e-01,3.645999999999999935e-02,4.483520550439709651e-02,1.000000000000000000e+00
8.645899999999999697e-01,3.762000000000000066e-02,4.453888663533948217e-02,1.000000000000000000e+00
8.825699999999999656e-01,3.871999999999999748e-02,4.697880776877638720e-02,1.000000000000000000e+00
8.825699999999999656e-01,3.871999999999999748e-02,4.697880776877638720e-02,1.000000000000000000e+00
9.049700000000000522e-01,3.987999999999999878e-02,4.772224711689146415e-02,1.000000000000000000e+00
9.049700000000000522e-01,3.987999999999999878e-02,4.772224711689146415e-02,1.000000000000000000e+00
9.241399999999999615e-01,4.141999999999999849e-02,5.020707184854519833e-02,1.000000000000000000e+00
9.257199999999999873e-01,4.154999999999999666e-02,5.043015747096628310e-02,1.000000000000000000e+00
9.356200000000000072e-01,4.265000000000000041e-02,5.224599321121946305e-02,1.000000000000000000e+00
9.509199999999999875e-01,4.354000000000000231e-02,5.273239942617734266e-02,1.000000000000000000e+00
9.509199999999999875e-01,4.354000000000000231e-02,5.273239942617734266e-02,1.000000000000000000e+00
9.703100000000000058e-01,4.463000000000000300e-02,5.515405999572450119e-02,1.000000000000000000e+00
9.719600000000000461e-01,4.472999999999999893e-02,5.537189248584498819e-02,1.000000000000000000e+00
9.856500000000000261e-01,4.529999999999999999e-02,5.315182843411846852e-02,1.000000000000000000e+00
1.005069999999999908e+00,4.612000000000000127e-02,5.305546032014784447e-02,1.000000000000000000e+00
1.005069999999999908e+00,4.612000000000000127e-02,5.305546032014784447e-02,1.000000000000000000e+00
1.017160000000000064e+00,4.640999999999999986e-02,5.508685048577883353e-02,1.000000000000000000e+00
1.018110000000000070e+00,4.642999999999999905e-02,5.527077848381235087e-02,1.000000000000000000e+00
1.036850000000000049e+00,4.748000000000000137e-02,5.319826520293968741e-02,1.000000000000000000e+00
1.049199999999999910e+00,4.834999999999999715e-02,6.007365102871681933e-02,1.000000000000000000e+00
1.049199999999999910e+00,4.834999999999999715e-02,6.007365102871681933e-02,1.000000000000000000e+00
1.068820000000000103e+00,4.938000000000000028e-02,5.397036324032908339e-02,1.000000000000000000e+00
1.068820000000000103e+00,4.938000000000000028e-02,5.397036324032908339e-02,1.000000000000000000e+00
1.085390000000000077e+00,5.045000000000000179e-02,5.329247696362826581e-02,1.000000000000000000e+00
1.101380000000000026e+00,5.179999999999999882e-02,5.579687664068369579e-02,1.000000000000000000e+00
1.101380000000000026e+00,5.179999999999999882e-02,5.579687664068369579e-02,1.000000000000000000e+00
1.113350000000000062e+00,5.299000000000000238e-02,5.612765593584839730e-02,1.000000000000000000e+00
1.113350000000000062e+00,5.299000000000000238e-02,5.612765593584839730e-02,1.000000000000000000e+00
1.113350000000000062e+00,5.299000000000000238e-02,5.612765593584839730e-02,1.000000000000000000e+00
1.113350000000000062e+00,5.299000000000000238e-02,5.612765593584839730e-02,1.000000000000000000e+00
1.113350000000000062e+00,5.299000000000000238e-02,5.612765593584839730e-02,1.000000000000000000e+00
1.113350000000000062e+00,5.299000000000000238e-02,5.612765593584839730e-02,1.000000000000000000e+00
1.113350000000000062e+00,5.299000000000000238e-02,5.612765593584839730e-02,1.000000000000000000e+00
1.113350000000000062e+00,5.299000000000000238e-02,5.612765593584839730e-02,1.000000000000000000e+00
1.194830000000000059e+00,5.940999999999999753e-02,6.211540010052194610e-02,1.000000000000000000e+00
1.194830000000000059e+00,5.940999999999999753e-02,6.211540010052194610e-02,1.000000000000000000e+00
1.196379999999999999e+00,5.951000000000000040e-02,6.237355562147050420e-02,1.000000000000000000e+00
1.215950000000000086e+00,6.054999999999999966e-02,6.299079478614685867e-02,1.000000000000000000e+00
1.224110000000000031e+00,6.142000000000000237e-02,6.266180595805273534e-02,1.000000000000000000e+00
1.224739999999999940e+00,6.149000000000000299e-02,6.262366599780355703e-02,1.000000000000000000e+00
1.246350000000000069e+00,6.278000000000000247e-02,6.248459993570298215e-02,1.000000000000000000e+00
1.263989999999999947e+00,6.389000000000000234e-02,6.248241986168864143e-02,1.000000000000000000e+00
1.263989999999999947e+00,6.389000000000000234e-02,6.248241986168864143e-02,1.000000000000000000e+00
1.265589999999999993e+00,6.399000000000000521e-02,6.248379845461658061e-02,1.000000000000000000e+00
1.281390000000000029e+00,6.457000000000000239e-02,6.009262187089716573e-02,1.000000000000000000e+00
1.303430000000000089e+00,6.592000000000000637e-02,6.033981996148107124e-02,1.000000000000000000e+00
1.305639999999999912e+00,6.605999999999999373e-02,6.039037575452384232e-02,1.000000000000000000e+00
1.316550000000000109e+00,6.700000000000000400e-02,6.054885736306286209e-02,1.000000000000000000e+00
1.333660000000000068e+00,6.837000000000000022e-02,6.100568194728270277e-02,1.000000000000000000e+00
1.333660000000000068e+00,6.837000000000000022e-02,6.100568194728270277e-02,1.000000000000000000e+00
1.345949999999999980e+00,6.984999999999999543e-02,6.325105305049993909e-02,1.000000000000000000e+00
1.345949999999999980e+00,6.984999999999999543e-02,6.325105305049993909e-02,1.000000000000000000e+00
1.368190000000000017e+00,7.155999999999999861e-02,6.440199862191581248e-02,1.000000000000000000e+00
1.368190000000000017e+00,7.155999999999999861e-02,6.440199862191581248e-02,1.000000000000000000e+00
1.380740000000000078e+00,7.313999999999999668e-02,6.439131953769242078e-02,1.000000000000000000e+00
1.398400000000000087e+00,7.488999999999999824e-02,6.717891368045750267e-02,1.000000000000000000e+00
1.398400000000000087e+00,7.488999999999999824e-02,6.717891368045750267e-02,1.000000000000000000e+00
1.410549999999999971e+00,7.606000000000000261e-02,6.487526717304975543e-02,1.000000000000000000e+00
1.410549999999999971e+00,7.606000000000000261e-02,6.487526717304975543e-02,1.000000000000000000e+00
1.428709999999999924e+00,7.752000000000000557e-02,6.757978049730217762e-02,1.000000000000000000e+00
1.430330000000000101e+00,7.766000000000000680e-02,6.785876218928274528e-02,1.000000000000000000e+00
1.440989999999999993e+00,7.846000000000000196e-02,6.768620533695332564e-02,1.000000000000000000e+00
1.459459999999999980e+00,7.964999999999999858e-02,7.057013802371187028e-02,1.000000000000000000e+00
1.459459999999999980e+00,7.964999999999999858e-02,7.057013802371187028e-02,1.000000000000000000e+00
1.459459999999999980e+00,7.964999999999999858e-02,7.057013802371187028e-02,1.000000000000000000e+00
1.472849999999999993e+00,8.036000000000000087e-02,7.066564301999214703e-02,1.000000000000000000e+00
1.496680000000000010e+00,8.143999999999999850e-02,7.115308062087530305e-02,1.000000000000000000e+00
1.498850000000000016e+00,8.154000000000000137e-02,7.120214410968928043e-02,1.000000000000000000e+00
1.521400000000000086e+00,8.304000000000000270e-02,6.890588759789104123e-02,1.000000000000000000e+00
1.521400000000000086e+00,8.304000000000000270e-02,6.890588759789104123e-02,1.000000000000000000e+00
1.529600000000000071e+00,8.441999999999999504e-02,6.860718865925041765e-02,1.000000000000000000e+00
1.547230000000000105e+00,8.587999999999999801e-02,6.904756724143620850e-02,1.000000000000000000e+00
1.547230000000000105e+00,8.587999999999999801e-02,6.904756724143620850e-02,1.000000000000000000e+00
1.572440000000000060e+00,8.720999999999999586e-02,6.950865151245155804e-02,1.000000000000000000e+00
1.574670000000000014e+00,8.733000000000000485e-02,6.954812059976425709e-02,1.000000000000000000e+00
1.580540000000000056e+00,8.901000000000000578e-02,7.226800921555906476e-02,1.000000000000000000e+00
1.581159999999999899e+00,8.919000000000000539e-02,7.255277735443063647e-02,1.000000000000000000e+00
1.603599999999999914e+00,9.167000000000000148e-02,7.559678991518503643e-02,1.000000000000000000e+00
1.617269999999999985e+00,9.296000000000000096e-02,7.339796727808067800e-02,1.000000000000000000e+00
1.617269999999999985e+00,9.296000000000000096e-02,7.339796727808067800e-02,1.000000000000000000e+00
1.617269999999999985e+00,9.296000000000000096e-02,7.339796727808067800e-02,1.000000000000000000e+00
1.617269999999999985e+00,9.296000000000000096e-02,7.339796727808067800e-02,1.000000000000000000e+00
1.617269999999999985e+00,9.296000000000000096e-02,7.339796727808067800e-02,1.000000000000000000e+00
1.617269999999999985e+00,9.296000000000000096e-02,7.339796727808067800e-02,1.000000000000000000e+00
1.617269999999999985e+00,9.296000000000000096e-02,7.339796727808067800e-02,1.000000000000000000e+00
1.617269999999999985e+00,9.296000000000000096e-02,7.339796727808067800e-02,1.000000000000000000e+00
1.617269999999999985e+00,9.296000000000000096e-02,7.339796727808067800e-02,1.000000000000000000e+00
1.696949999999999958e+00,9.968000000000000471e-02,7.945141081492224089e-02,1.000000000000000000e+00
1.716229999999999922e+00,1.008700000000000013e-01,8.001972477597354971e-02,1.000000000000000000e+00
1.716229999999999922e+00,1.008700000000000013e-01,8.001972477597354971e-02,1.000000000000000000e+00
1.730080000000000062e+00,1.019000000000000045e-01,7.749947620900679568e-02,1.000000000000000000e+00
1.730080000000000062e+00,1.019000000000000045e-01,7.749947620900679568e-02,1.000000000000000000e+00
1.749829999999999997e+00,1.034000000000000058e-01,7.751820501712644584e-02,1.000000000000000000e+00
1.751940000000000053e+00,1.035599999999999993e-01,7.754943853917808938e-02,1.000000000000000000e+00
1.763929999999999998e+00,1.048999999999999932e-01,7.498942678513736970e-02,1.000000000000000000e+00
1.777009999999999978e+00,1.063500000000000001e-01,7.768326518537371772e-02,1.000000000000000000e+00
1.777009999999999978e+00,1.063500000000000001e-01,7.768326518537371772e-02,1.000000000000000000e+00
1.797150000000000025e+00,1.079299999999999982e-01,7.842535855498067310e-02,1.000000000000000000e+00
1.797150000000000025e+00,1.079299999999999982e-01,7.842535855498067310e-02,1.000000000000000000e+00
1.811379999999999990e+00,1.095499999999999946e-01,8.119843414755492650e-02,1.000000000000000000e+00
1.812559999999999949e+00,1.097000000000000058e-01,8.146099929633812686e-02,1.000000000000000000e+00
1.831599999999999895e+00,1.117199999999999999e-01,8.207914353046141809e-02,1.000000000000000000e+00
1.844989999999999908e+00,1.135700000000000043e-01,8.234795158619351296e-02,1.000000000000000000e+00
1.844989999999999908e+00,1.135700000000000043e-01,8.234795158619351296e-02,1.000000000000000000e+00
1.865909999999999958e+00,1.155400000000000038e-01,8.272557920510600904e-02,1.000000000000000000e+00
1.865909999999999958e+00,1.155400000000000038e-01,8.272557920510600904e-02,1.000000000000000000e+00
1.865909999999999958e+00,1.155400000000000038e-01,8.272557920510600904e-02,1.000000000000000000e+00
1.865909999999999958e+00,1.155400000000000038e-01,8.272557920510600904e-02,1.000000000000000000e+00
1.865909999999999958e+00,1.155400000000000038e-01,8.272557920510600904e-02,1.000000000000000000e+00
1.865909999999999958e+00,1.155400000000000038e-01,8.272557920510600904e-02,1.000000000000000000e+00
1.865909999999999958e+00,1.155400000000000038e-01,8.272557920510600904e-02,1.000000000000000000e+00
1.865909999999999958e+00,1.155400000000000038e-01,8.272557920510600904e-02,1.000000000000000000e+00
1.865909999999999958e+00,1.155400000000000038e-01,8.272557920510600904e-02,1.000000000000000000e+00
1.865909999999999958e+00,1.155400000000000038e-01,8.272557920510600904e-02,1.000000000000000000e+00
1.865909999999999958e+00,1.155400000000000038e-01,8.272557920510600904e-02,1.000000000000000000e+00
1.865909999999999958e+00,1.155400000000000038e-01,8.272557920510600904e-02,1.000000000000000000e+00
1.970779999999999976e+00,1.242299999999999932e-01,8.687613625812207196e-02,1.000000000000000000e+00
1.970779999999999976e+00,1.242299999999999932e-01,8.687613625812207196e-02,1.000000000000000000e+00
1.983840000000000048e+00,1.250900000000000067e-01,8.443320333469495065e-02,1.000000000000000000e+00
1.984930000000000083e+00,1.251599999999999935e-01,8.417299069485967289e-02,1.000000000000000000e+00
1.987419999999999964e+00,1.263100000000000056e-01,8.717684389458016381e-02,1.000000000000000000e+00
2.000239999999999796e+00,1.273799999999999932e-01,8.496437855295288499e-02,1.000000000000000000e+00
2.000239999999999796e+00,1.273799999999999932e-01,8.496437855295288499e-02,1.000000000000000000e+00
2.003490000000000215e+00,1.274899999999999922e-01,8.740059164762292720e-02,1.000000000000000000e+00
2.003490000000000215e+00,1.274899999999999922e-01,8.740059164762292720e-02,1.000000000000000000e+00
2.013129999999999864e+00,1.285300000000000054e-01,8.810438521008162605e-02,1.000000000000000000e+00
2.014079999999999870e+00,1.286299999999999943e-01,8.814815895805047652e-02,1.000000000000000000e+00
2.015280000000000182e+00,1.290800000000000003e-01,8.805971051465807942e-02,1.000000000000000000e+00
2.016640000000000210e+00,1.292399999999999938e-01,8.808334986285917823e-02,1.000000000000000000e+00
2.016640000000000210e+00,1.292399999999999938e-01,8.808334986285917823e-02,1.000000000000000000e+00
2.025170000000000137e+00,1.294399999999999995e-01,8.824179648044888635e-02,1.000000000000000000e+00
2.025170000000000137e+00,1.294399999999999995e-01,8.824179648044888635e-02,1.000000000000000000e+00
2.018310000000000048e+00,1.291400000000000048e-01,8.489997976423763193e-02,1.000000000000000000e+00
2.018310000000000048e+00,1.291400000000000048e-01,8.489997976423763193e-02,1.000000000000000000e+00
2.024999999999999911e+00,1.295499999999999985e-01,8.804912724137514690e-02,1.000000000000000000e+00
2.025729999999999809e+00,1.295900000000000107e-01,8.838637151197295538e-02,1.000000000000000000e+00
2.017949999999999910e+00,1.293199999999999905e-01,8.813035447593989269e-02,1.000000000000000000e+00
2.025230000000000086e+00,1.291100000000000025e-01,8.837108739524476841e-02,1.000000000000000000e+00
2.025230000000000086e+00,1.291100000000000025e-01,8.837108739524476841e-02,1.000000000000000000e+00
2.025399999999999867e+00,1.292800000000000060e-01,8.534006840293784091e-02,1.000000000000000000e+00
2.025339999999999918e+00,1.293100000000000083e-01,8.503485051436315834e-02,1.000000000000000000e+00
2.025599999999999845e+00,1.293999999999999873e-01,8.794565289481798276e-02,1.000000000000000000e+00
2.017720000000000180e+00,1.292899999999999883e-01,8.810510004052102273e-02,1.000000000000000000e+00
2.017720000000000180e+00,1.292899999999999883e-01,8.810510004052102273e-02,1.000000000000000000e+00
2.025040000000000173e+00,1.296100000000000030e-01,8.538345612939032825e-02,1.000000000000000000e+00
2.025040000000000173e+00,1.296100000000000030e-01,8.538345612939032825e-02,1.000000000000000000e+00
2.025040000000000173e+00,1.296100000000000030e-01,8.538345612939032825e-02,1.000000000000000000e+00
2.025850000000000151e+00,1.296299999999999952e-01,8.512475040790196124e-02,1.000000000000000000e+00
2.025999999999999801e+00,1.294399999999999995e-01,8.806765566184313054e-02,1.000000000000000000e+00
2.025959999999999983e+00,1.295499999999999985e-01,8.859433511556738527e-02,1.000000000000000000e+00
2.025959999999999983e+00,1.295499999999999985e-01,8.859433511556738527e-02,1.000000000000000000e+00
2.025370000000000115e+00,1.296200000000000130e-01,8.541290859956279791e-02,1.000000000000000000e+00
2.025370000000000115e+00,1.296200000000000130e-01,8.541290859956279791e-02,1.000000000000000000e+00
2.025339999999999918e+00,1.293300000000000005e-01,8.504142132853997893e-02,1.000000000000000000e+00
2.025339999999999918e+00,1.293100000000000083e-01,8.503485051436315834e-02,1.000000000000000000e+00
2.025339999999999918e+00,1.293100000000000083e-01,8.503485051436315834e-02,1.000000000000000000e+00
2.025339999999999918e+00,1.293100000000000083e-01,8.503485051436315834e-02,1.000000000000000000e+00
1.600000000000000131e-04,-2.000000000000000164e-05,0.000000000000000000e+00,1.000000000000000000e+00
2.700000000000000035e-04,-3.000000000000000076e-05,-2.845113416046529176e-04,1.000000000000000000e+00
5.000000000000000240e-05,1.000000000000000082e-05,-3.449810961246176609e-04,1.000000000000000000e+00
5.000000000000000240e-05,1.000000000000000082e-05,-3.449810961246176609e-04,1.000000000000000000e+00
9.000000000000000567e-05,1.000000000000000082e-05,-6.501642795784619213e-05,1.000000000000000000e+00
1.000000000000000048e-04,1.000000000000000082e-05,-3.897329294529133716e-05,1.000000000000000000e+00
-8.000000000000000654e-05,1.000000000000000082e-05,-4.374101759658373617e-05,1.000000000000000000e+00
1.000000000000000082e-05,1.100000000000000039e-04,1.583730849703880814e-03,1.000000000000000000e+00
1.000000000000000082e-05,1.100000000000000039e-04,1.583730849703880814e-03,1.000000000000000000e+00
-9.899999999999999946e-04,2.100000000000000087e-04,-1.809146295213309719e-03,1.000000000000000000e+00
-9.899999999999999946e-04,2.100000000000000087e-04,-1.809146295213309719e-03,1.000000000000000000e+00
-1.190000000000000085e-03,1.900000000000000105e-04,-5.852758683947701648e-04,1.000000000000000000e+00
-1.190000000000000085e-03,1.900000000000000105e-04,-5.852758683947701648e-04,1.000000000000000000e+00
1.010000000000000047e-03,-6.000000000000000152e-05,-1.099413002306482546e-04,1.000000000000000000e+00
1.240000000000000000e-03,-9.000000000000000567e-05,-7.733239334482506567e-05,1.000000000000000000e+00
-1.200000000000000030e-04,1.299999999999999886e-04,1.544759337964285830e-03,1.000000000000000000e+00
8.300000000000000086e-04,-6.999999999999999387e-05,1.581186170188486183e-03,1.000000000000000000e+00
8.300000000000000086e-04,-6.999999999999999387e-05,1.581186170188486183e-03,1.000000000000000000e+00
4.300000000000000003e-03,-2.000000000000000164e-05,1.648054153168666911e-03,1.000000000000000000e+00
4.300000000000000003e-03,-2.000000000000000164e-05,1.648054153168666911e-03,1.000000000000000000e+00
8.710000000000000728e-03,1.000000000000000048e-04,3.974258946409350672e-03,1.000000000000000000e+00
8.710000000000000728e-03,1.000000000000000048e-04,3.974258946409350672e-03,1.000000000000000000e+00
1.476000000000000055e-02,2.700000000000000035e-04,2.369945128966434358e-03,1.000000000000000000e+00
1.476000000000000055e-02,2.700000000000000035e-04,2.369945128966434358e-03,1.000000000000000000e+00
1.533999999999999947e-02,2.900000000000000017e-04,2.182730347025418297e-03,1.000000000000000000e+00
3.815999999999999948e-02,3.400000000000000244e-04,6.163410477983259118e-03,1.000000000000000000e+00
3.815999999999999948e-02,3.400000000000000244e-04,6.163410477983259118e-03,1.000000000000000000e+00
4.617000000000000270e-02,4.699999999999999859e-04,5.236506738733372364e-03,1.000000000000000000e+00
4.617000000000000270e-02,4.699999999999999859e-04,5.236506738733372364e-03,1.000000000000000000e+00
6.625999999999999945e-02,1.559999999999999972e-03,6.731637018281269244e-03,1.000000000000000000e+00
6.625999999999999945e-02,1.559999999999999972e-03,6.731637018281269244e-03,1.000000000000000000e+00
6.804999999999999938e-02,1.670000000000000043e-03,6.879596168453975570e-03,1.000000000000000000e+00
8.311999999999999944e-02,1.830000000000000029e-03,9.062603566051100762e-03,1.000000000000000000e+00
9.167999999999999761e-02,3.089999999999999865e-03,9.940299718719899230e-03,1.000000000000000000e+00
1.049100000000000033e-01,3.820000000000000045e-03,1.336084498290703894e-02,1.000000000000000000e+00
1.049100000000000033e-01,3.820000000000000045e-03,1.336084498290703894e-02,1.000000000000000000e+00
1.200399999999999939e-01,4.769999999999999934e-03,1.416648058448035340e-02,1.000000000000000000e+00
1.200399999999999939e-01,4.769999999999999934e-03,1.416648058448035340e-02,1.000000000000000000e+00
1.334400000000000031e-01,5.499999999999999681e-03,1.576615500799897693e-02,1.000000000000000000e+00
1.344400000000000039e-01,5.559999999999999838e-03,1.589327685750101249e-02,1.000000000000000000e+00
1.511500000000000066e-01,5.599999999999999943e-03,1.631537861246710325e-02,1.000000000000000000e+00
1.525900000000000034e-01,5.610000000000000403e-03,1.635024264191010587e-02,1.000000000000000000e+00
1.638000000000000012e-01,6.069999999999999875e-03,1.728036508289846826e-02,1.000000000000000000e+00
1.638000000000000012e-01,6.069999999999999875e-03,1.728036508289846826e-02,1.000000000000000000e+00
1.806699999999999973e-01,6.369999999999999794e-03,2.098744514613058373e-02,1.000000000000000000e+00
1.942500000000000060e-01,6.620000000000000016e-03,2.237721549818525585e-02,1.000000000000000000e+00
1.955300000000000094e-01,6.649999999999999661e-03,2.249385426167025900e-02,1.000000000000000000e+00
2.081899999999999862e-01,7.029999999999999791e-03,2.374708936681424118e-02,1.000000000000000000e+00
2.273100000000000120e-01,7.649999999999999682e-03,2.765080203594872874e-02,1.000000000000000000e+00
2.273100000000000120e-01,7.649999999999999682e-03,2.765080203594872874e-02,1.000000000000000000e+00
2.418399999999999994e-01,8.319999999999999271e-03,3.292667991170117325e-02,1.000000000000000000e+00
2.418399999999999994e-01,8.319999999999999271e-03,3.292667991170117325e-02,1.000000000000000000e+00
2.614699999999999802e-01,8.959999999999999215e-03,3.250925178319798159e-02,1.000000000000000000e+00
2.614699999999999802e-01,8.959999999999999215e-03,3.250925178319798159e-02,1.000000000000000000e+00
2.782800000000000273e-01,9.790000000000000091e-03,3.437503248210456441e-02,1.000000000000000000e+00
2.967299999999999938e-01,1.033000000000000064e-02,3.334893707552988307e-02,1.000000000000000000e+00
2.967299999999999938e-01,1.033000000000000064e-02,3.334893707552988307e-02,1.000000000000000000e+00
3.118699999999999806e-01,1.119000000000000029e-02,3.296806617663651517e-02,1.000000000000000000e+00
3.118699999999999806e-01,1.119000000000000029e-02,3.296806617663651517e-02,1.000000000000000000e+00
3.325699999999999767e-01,1.303999999999999951e-02,3.232764582531223035e-02,1.000000000000000000e+00
3.344900000000000095e-01,1.322000000000000085e-02,3.226628042945781788e-02,1.000000000000000000e+00
3.499900000000000233e-01,1.434000000000000032e-02,2.915783507167256719e-02,1.000000000000000000e+00
3.672400000000000109e-01,1.520999999999999956e-02,3.267260225829459602e-02,1.000000000000000000e+00
3.672400000000000109e-01,1.520999999999999956e-02,3.267260225829459602e-02,1.000000000000000000e+00
3.826899999999999746e-01,1.611999999999999891e-02,3.617696588852162970e-02,1.000000000000000000e+00
3.826899999999999746e-01,1.611999999999999891e-02,3.617696588852162970e-02,1.000000000000000000e+00
3.977499999999999925e-01,1.635999999999999954e-02,3.796763257445139733e-02,1.000000000000000000e+00
3.977499999999999925e-01,1.635999999999999954e-02,3.796763257445139733e-02,1.000000000000000000e+00
4.154300000000000215e-01,1.694000000000000020e-02,4.025509014581302170e-02,1.000000000000000000e+00
4.304100000000000148e-01,1.753000000000000044e-02,4.458565762394577775e-02,1.000000000000000000e+00
4.304100000000000148e-01,1.753000000000000044e-02,4.458565762394577775e-02,1.000000000000000000e+00
4.456499999999999906e-01,1.842999999999999847e-02,4.666321597500446700e-02,1.000000000000000000e+00
4.456499999999999906e-01,1.842999999999999847e-02,4.666321597500446700e-02,1.000000000000000000e+00
4.614300000000000068e-01,1.959999999999999937e-02,4.907404115063133260e-02,1.000000000000000000e+00
4.614300000000000068e-01,1.959999999999999937e-02,4.907404115063133260e-02,1.000000000000000000e+00
4.771599999999999731e-01,2.017000000000000043e-02,4.906776330441232903e-02,1.000000000000000000e+00
4.784200000000000119e-01,2.020999999999999880e-02,4.904890759242874765e-02,1.000000000000000000e+00
4.928699999999999748e-01,2.120999999999999969e-02,4.581349656983277341e-02,1.000000000000000000e+00
5.085699999999999665e-01,2.202000000000000138e-02,4.924541302341527843e-02,1.000000000000000000e+00
5.085699999999999665e-01,2.202000000000000138e-02,4.924541302341527843e-02,1.000000000000000000e+00
5.244100000000000428e-01,2.329000000000000167e-02,4.616246204093270300e-02,1.000000000000000000e+00
5.244100000000000428e-01,2.329000000000000167e-02,4.616246204093270300e-02,1.000000000000000000e+00
5.480099999999999971e-01,2.453999999999999931e-02,4.875253439904561614e-02,1.000000000000000000e+00
5.498199999999999754e-01,2.462999999999999912e-02,4.898992225073840745e-02,1.000000000000000000e+00
5.641199999999999548e-01,2.571999999999999981e-02,4.957802029688158224e-02,1.000000000000000000e+00
5.808999999999999719e-01,2.681000000000000050e-02,5.213313068799924760e-02,1.000000000000000000e+00
5.808999999999999719e-01,2.681000000000000050e-02,5.213313068799924760e-02,1.000000000000000000e+00
5.943599999999999994e-01,2.819999999999999937e-02,5.404302559647223420e-02,1.000000000000000000e+00
5.943599999999999994e-01,2.819999999999999937e-02,5.404302559647223420e-02,1.000000000000000000e+00
5.943599999999999994e-01,2.819999999999999937e-02,5.404302559647223420e-02,1.000000000000000000e+00
5.943599999999999994e-01,2.819999999999999937e-02,5.404302559647223420e-02,1.000000000000000000e+00
6.220099999999999518e-01,2.999999999999999889e-02,5.854574632615539703e-02,1.000000000000000000e+00
6.434400000000000119e-01,3.064000000000000057e-02,6.142248375492427581e-02,1.000000000000000000e+00
6.434400000000000119e-01,3.064000000000000057e-02,6.142248375492427581e-02,1.000000000000000000e+00
6.657499999999999529e-01,3.252000000000000030e-02,6.115444349856871686e-02,1.000000000000000000e+00
6.671899999999999498e-01,3.264999999999999847e-02,6.111414737577530731e-02,1.000000000000000000e+00
6.797499999999999654e-01,3.384999999999999815e-02,6.349676649857757815e-02,1.000000000000000000e+00
6.809899999999999842e-01,3.397000000000000020e-02,6.373069342883797006e-02,1.000000000000000000e+00
6.965000000000000080e-01,3.495999999999999802e-02,6.610941029685082904e-02,1.000000000000000000e+00
7.166900000000000492e-01,3.592999999999999666e-02,6.508616663748213738e-02,1.000000000000000000e+00
7.166900000000000492e-01,3.592999999999999666e-02,6.508616663748213738e-02,1.000000000000000000e+00
7.284699999999999509e-01,3.753000000000000086e-02,6.468958888273683427e-02,1.000000000000000000e+00
7.284699999999999509e-01,3.753000000000000086e-02,6.468958888273683427e-02,1.000000000000000000e+00
7.421999999999999709e-01,3.894999999999999851e-02,6.503395018138052874e-02,1.000000000000000000e+00
7.592499999999999805e-01,4.003000000000000308e-02,6.527154199422879888e-02,1.000000000000000000e+00
7.592499999999999805e-01,4.003000000000000308e-02,6.527154199422879888e-02,1.000000000000000000e+00
7.738699999999999468e-01,4.152999999999999747e-02,6.560217514389148075e-02,1.000000000000000000e+00
7.738699999999999468e-01,4.152999999999999747e-02,6.560217514389148075e-02,1.000000000000000000e+00
7.945100000000000495e-01,4.327000000000000290e-02,6.863105684687255403e-02,1.000000000000000000e+00
7.960800000000000098e-01,4.340000000000000108e-02,6.887264284715845231e-02,1.000000000000000000e+00
7.960800000000000098e-01,4.340000000000000108e-02,6.887264284715845231e-02,1.000000000000000000e+00
7.960800000000000098e-01,4.340000000000000108e-02,6.887264284715845231e-02,1.000000000000000000e+00
8.261600000000000055e-01,4.606999999999999984e-02,7.160528521191700246e-02,1.000000000000000000e+00
8.386900000000000466e-01,4.744000000000000300e-02,7.187955237595870794e-02,1.000000000000000000e+00
8.396799999999999820e-01,4.755999999999999811e-02,7.188413569419706273e-02,1.000000000000000000e+00
8.565800000000000081e-01,4.866999999999999799e-02,7.251063975518899640e-02,1.000000000000000000e+00
8.752600000000000380e-01,4.959999999999999826e-02,7.509852268464718705e-02,1.000000000000000000e+00
8.752600000000000380e-01,4.959999999999999826e-02,7.509852268464718705e-02,1.000000000000000000e+00
8.904699999999999838e-01,5.061999999999999833e-02,7.751983577887275323e-02,1.000000000000000000e+00
8.904699999999999838e-01,5.061999999999999833e-02,7.751983577887275323e-02,1.000000000000000000e+00
9.019099999999999895e-01,5.208000000000000129e-02,7.764312998128945764e-02,1.000000000000000000e+00
9.019099999999999895e-01,5.208000000000000129e-02,7.764312998128945764e-02,1.000000000000000000e+00
9.163099999999999579e-01,5.331000000000000322e-02,7.799558045936609563e-02,1.000000000000000000e+00
9.177400000000000002e-01,5.342999999999999833e-02,7.803379661831656711e-02,1.000000000000000000e+00
9.318199999999999816e-01,5.458999999999999964e-02,7.820510530044848252e-02,1.000000000000000000e+00
9.318199999999999816e-01,5.458999999999999964e-02,7.820510530044848252e-02,1.000000000000000000e+00
9.559299999999999464e-01,5.623999999999999833e-02,7.902471142227057710e-02,1.000000000000000000e+00
9.700800000000000534e-01,5.759999999999999842e-02,7.967799530191531365e-02,1.000000000000000000e+00
9.714899999999999647e-01,5.773999999999999966e-02,7.974240556060786800e-02,1.000000000000000000e+00
9.931600000000000428e-01,5.965000000000000163e-02,8.042785521756656841e-02,1.000000000000000000e+00
9.950900000000000301e-01,5.981999999999999817e-02,8.048874865418652325e-02,1.000000000000000000e+00
1.005319999999999991e+00,6.158999999999999891e-02,8.324285833213727892e-02,1.000000000000000000e+00
1.028550000000000075e+00,6.338000000000000578e-02,8.421013038037875043e-02,1.000000000000000000e+00
1.028550000000000075e+00,6.338000000000000578e-02,8.421013038037875043e-02,1.000000000000000000e+00
1.040669999999999984e+00,6.496000000000000385e-02,8.684252256822533322e-02,1.000000000000000000e+00
1.040669999999999984e+00,6.496000000000000385e-02,8.684252256822533322e-02,1.000000000000000000e+00
1.062540000000000040e+00,6.730999999999999484e-02,8.692478106037866692e-02,1.000000000000000000e+00
1.082699999999999996e+00,6.868000000000000493e-02,8.760474279688403032e-02,1.000000000000000000e+00
1.082699999999999996e+00,6.868000000000000493e-02,8.760474279688403032e-02,1.000000000000000000e+00
1.095180000000000042e+00,7.019999999999999851e-02,8.784699617853213016e-02,1.000000000000000000e+00
1.095180000000000042e+00,7.019999999999999851e-02,8.784699617853213016e-02,1.000000000000000000e+00
1.115660000000000096e+00,7.140000000000000513e-02,9.082017811006294628e-02,1.000000000000000000e+00
1.115660000000000096e+00,7.140000000000000513e-02,9.082017811006294628e-02,1.000000000000000000e+00
1.127660000000000107e+00,7.288999999999999646e-02,9.122807481548195208e-02,1.000000000000000000e+00
1.128540000000000099e+00,7.301000000000000545e-02,9.124214202038016808e-02,1.000000000000000000e+00
1.143499999999999961e+00,7.437000000000000555e-02,9.389096621157229372e-02,1.000000000000000000e+00
1.160290000000000044e+00,7.596999999999999587e-02,9.464988392672664397e-02,1.000000000000000000e+00
1.160290000000000044e+00,7.596999999999999587e-02,9.464988392672664397e-02,1.000000000000000000e+00
1.176180000000000003e+00,7.792000000000000315e-02,9.298321129100163562e-02,1.000000000000000000e+00
1.176180000000000003e+00,7.792000000000000315e-02,9.298321129100163562e-02,1.000000000000000000e+00
1.197410000000000085e+00,7.992000000000000492e-02,9.835377931578909161e-02,1.000000000000000000e+00
1.199419999999999931e+00,8.011999999999999678e-02,9.890655475769520588e-02,1.000000000000000000e+00
1.214739999999999931e+00,8.154000000000000137e-02,9.704488051100629287e-02,1.000000000000000000e+00
1.226900000000000102e+00,8.357000000000000539e-02,9.721487238309055312e-02,1.000000000000000000e+00
1.226900000000000102e+00,8.357000000000000539e-02,9.721487238309055312e-02,1.000000000000000000e+00
1.242890000000000050e+00,8.555999999999999717e-02,9.772750173336076929e-02,1.000000000000000000e+00
1.242890000000000050e+00,8.555999999999999717e-02,9.772750173336076929e-02,1.000000000000000000e+00
1.244159999999999933e+00,8.570999999999999452e-02,9.776799446730108367e-02,1.000000000000000000e+00
1.255579999999999918e+00,8.779000000000000692e-02,9.809760714986609509e-02,1.000000000000000000e+00
1.275579999999999936e+00,8.960999999999999521e-02,1.011502901638880320e-01,1.000000000000000000e+00
1.298550000000000093e+00,9.167999999999999761e-02,1.001126468587505425e-01,1.000000000000000000e+00
1.298550000000000093e+00,9.167999999999999761e-02,1.001126468587505425e-01,1.000000000000000000e+00
1.315940000000000110e+00,9.342000000000000304e-02,1.028273855912057305e-01,1.000000000000000000e+00
1.315940000000000110e+00,9.342000000000000304e-02,1.028273855912057305e-01,1.000000000000000000e+00
1.328840000000000021e+00,9.472999999999999476e-02,1.057951309604836798e-01,1.000000000000000000e+00
1.329939999999999900e+00,9.483999999999999375e-02,1.060559224912788617e-01,1.000000000000000000e+00
1.352160000000000029e+00,9.736000000000000210e-02,1.064572128341047946e-01,1.000000000000000000e+00
1.364479999999999915e+00,9.936000000000000387e-02,1.068614063373184292e-01,1.000000000000000000e+00
1.364479999999999915e+00,9.936000000000000387e-02,1.068614063373184292e-01,1.000000000000000000e+00
1.382069999999999910e+00,1.014499999999999985e-01,1.101915424214643807e-01,1.000000000000000000e+00
1.382069999999999910e+00,1.014499999999999985e-01,1.101915424214643807e-01,1.000000000000000000e+00
1.400360000000000049e+00,1.036399999999999960e-01,1.084740588523971372e-01,1.000000000000000000e+00
1.400360000000000049e+00,1.036399999999999960e-01,1.084740588523971372e-01,1.000000000000000000e+00
1.412690000000000001e+00,1.055399999999999949e-01,1.085687329476754670e-01,1.000000000000000000e+00
1.441400000000000015e+00,1.076399999999999996e-01,1.097394338152211657e-01,1.000000000000000000e+00
1.441400000000000015e+00,1.076399999999999996e-01,1.097394338152211657e-01,1.000000000000000000e+00
1.455130000000000035e+00,1.095200000000000062e-01,1.075661550443740566e-01,1.000000000000000000e+00
1.455130000000000035e+00,1.095200000000000062e-01,1.075661550443740566e-01,1.000000000000000000e+00
1.466970000000000107e+00,1.115499999999999964e-01,1.100982659792115320e-01,1.000000000000000000e+00
1.466970000000000107e+00,1.115499999999999964e-01,1.100982659792115320e-01,1.000000000000000000e+00
1.484839999999999938e+00,1.139099999999999974e-01,1.108077880999972925e-01,1.000000000000000000e+00
1.497659999999999991e+00,1.160000000000000059e-01,1.140363279264236113e-01,1.000000000000000000e+00
1.497659999999999991e+00,1.160000000000000059e-01,1.140363279264236113e-01,1.000000000000000000e+00
1.515810000000000102e+00,1.180599999999999983e-01,1.122901842324141725e-01,1.000000000000000000e+00
1.517020000000000035e+00,1.181900000000000034e-01,1.121490158437327272e-01,1.000000000000000000e+00
1.528489999999999904e+00,1.196900000000000047e-01,1.125507197454008873e-01,1.000000000000000000e+00
1.547269999999999923e+00,1.214400000000000063e-01,1.158116215215104355e-01,1.000000000000000000e+00
1.547269999999999923e+00,1.214400000000000063e-01,1.158116215215104355e-01,1.000000000000000000e+00
1.560340000000000060e+00,1.230200000000000043e-01,1.189870982734103216e-01,1.000000000000000000e+00
1.560340000000000060e+00,1.230200000000000043e-01,1.189870982734103216e-01,1.000000000000000000e+00
1.578600000000000003e+00,1.250999999999999890e-01,1.200327564987272166e-01,1.000000000000000000e+00
1.580049999999999955e+00,1.252600000000000102e-01,1.201022997165137191e-01,1.000000000000000000e+00
1.591849999999999987e+00,1.272800000000000042e-01,1.178029928433223517e-01,1.000000000000000000e+00
1.617399999999999949e+00,1.293799999999999950e-01,1.214155540990432547e-01,1.000000000000000000e+00
1.617399999999999949e+00,1.293799999999999950e-01,1.214155540990432547e-01,1.000000000000000000e+00
1.624290000000000012e+00,1.313100000000000100e-01,1.217719227532072096e-01,1.000000000000000000e+00
1.624730000000000008e+00,1.314800000000000135e-01,1.217720578359501316e-01,1.000000000000000000e+00
1.643250000000000099e+00,1.335099999999999898e-01,1.224286965772054814e-01,1.000000000000000000e+00
1.656530000000000058e+00,1.357700000000000018e-01,1.228471525118419727e-01,1.000000000000000000e+00
1.656530000000000058e+00,1.357700000000000018e-01,1.228471525118419727e-01,1.000000000000000000e+00
1.675680000000000058e+00,1.381100000000000105e-01,1.238316411383845600e-01,1.000000000000000000e+00
1.677270000000000039e+00,1.383000000000000063e-01,1.239149526492815678e-01,1.000000000000000000e+00
1.695009999999999906e+00,1.406999999999999917e-01,1.217794476512191471e-01,1.000000000000000000e+00
1.707619999999999916e+00,1.432499999999999885e-01,1.275065434183503821e-01,1.000000000000000000e+00
1.707619999999999916e+00,1.432499999999999885e-01,1.275065434183503821e-01,1.000000000000000000e+00
1.720960000000000045e+00,1.454300000000000037e-01,1.282960656779352782e-01,1.000000000000000000e+00
1.722080000000000055e+00,1.456000000000000072e-01,1.283201320022862302e-01,1.000000000000000000e+00
1.740629999999999900e+00,1.479999999999999927e-01,1.236963803583424615e-01,1.000000000000000000e+00
1.747470000000000079e+00,1.497699999999999865e-01,1.315243735492487853e-01,1.000000000000000000e+00
1.747470000000000079e+00,1.497699999999999865e-01,1.315243735492487853e-01,1.000000000000000000e+00
1.773810000000000109e+00,1.523200000000000109e-01,1.337229729828950386e-01,1.000000000000000000e+00
1.776170000000000027e+00,1.525299999999999989e-01,1.338529464060986829e-01,1.000000000000000000e+00
1.788720000000000088e+00,1.540100000000000080e-01,1.341651282207239337e-01,1.000000000000000000e+00
1.801979999999999915e+00,1.561200000000000088e-01,1.371143922165478368e-01,1.000000000000000000e+00
1.801979999999999915e+00,1.561200000000000088e-01,1.371143922165478368e-01,1.000000000000000000e+00
1.829690000000000039e+00,1.590399999999999869e-01,1.387014550194652918e-01,1.000000000000000000e+00
1.829690000000000039e+00,1.590399999999999869e-01,1.387014550194652918e-01,1.000000000000000000e+00
1.829720000000000013e+00,1.607800000000000062e-01,1.384663987792721374e-01,1.000000000000000000e+00
1.829579999999999984e+00,1.608900000000000052e-01,1.384408599576002208e-01,1.000000000000000000e+00
1.856810000000000072e+00,1.648000000000000020e-01,1.372128912885840490e-01,1.000000000000000000e+00
1.879170000000000007e+00,1.678099999999999870e-01,1.378453711345394017e-01,1.000000000000000000e+00
1.879170000000000007e+00,1.678099999999999870e-01,1.378453711345394017e-01,1.000000000000000000e+00
1.893540000000000001e+00,1.701100000000000112e-01,1.383496498330659685e-01,1.000000000000000000e+00
1.894749999999999934e+00,1.703099999999999892e-01,1.383924125982660958e-01,1.000000000000000000e+00
1.915240000000000054e+00,1.731300000000000061e-01,1.367186121156447609e-01,1.000000000000000000e+00
1.916940000000000088e+00,1.733599999999999863e-01,1.365816765281221701e-01,1.000000000000000000e+00
1.928239999999999954e+00,1.754400000000000126e-01,1.396010290976652801e-01,1.000000000000000000e+00
1.941880000000000051e+00,1.776899999999999868e-01,1.402182989389715584e-01,1.000000000000000000e+00
1.941880000000000051e+00,1.776899999999999868e-01,1.402182989389715584e-01,1.000000000000000000e+00
1.955359999999999987e+00,1.799099999999999866e-01,1.408635338440864526e-01,1.000000000000000000e+00
1.967940000000000023e+00,1.817499999999999949e-01,1.382912801228292077e-01,1.000000000000000000e+00
1.967940000000000023e+00,1.817499999999999949e-01,1.382912801228292077e-01,1.000000000000000000e+00
1.980450000000000044e+00,1.832600000000000062e-01,1.443278446582919039e-01,1.000000000000000000e+00
1.980450000000000044e+00,1.832600000000000062e-01,1.443278446582919039e-01,1.000000000000000000e+00
1.991880000000000095e+00,1.850100000000000078e-01,1.456654914056225436e-01,1.000000000000000000e+00
1.992729999999999890e+00,1.851399999999999990e-01,1.457355444498876773e-01,1.000000000000000000e+00
1.995209999999999928e+00,1.861399999999999999e-01,1.485077805505554960e-01,1.000000000000000000e+00
2.005889999999999951e+00,1.869099999999999928e-01,1.490318510117057127e-01,1.000000000000000000e+00
2.005889999999999951e+00,1.869099999999999928e-01,1.490318510117057127e-01,1.000000000000000000e+00
2.011159999999999837e+00,1.876099999999999990e-01,1.491382578825231064e-01,1.000000000000000000e+00
2.011540000000000106e+00,1.876599999999999935e-01,1.491450956425021679e-01,1.000000000000000000e+00
2.013009999999999966e+00,1.880499999999999949e-01,1.463360046477557852e-01,1.000000000000000000e+00
2.023010000000000197e+00,1.887800000000000034e-01,1.462803773689398679e-01,1.000000000000000000e+00
2.023010000000000197e+00,1.887800000000000034e-01,1.462803773689398679e-01,1.000000000000000000e+00
2.024179999999999868e+00,1.891299999999999926e-01,1.493625521669590117e-01,1.000000000000000000e+00
2.024179999999999868e+00,1.891299999999999926e-01,1.493625521669590117e-01,1.000000000000000000e+00
2.024379999999999846e+00,1.895799999999999985e-01,1.467092086249367489e-01,1.000000000000000000e+00
2.024329999999999963e+00,1.895600000000000063e-01,1.492897500251327003e-01,1.000000000000000000e+00
2.024329999999999963e+00,1.895600000000000063e-01,1.492897500251327003e-01,1.000000000000000000e+00
2.024280000000000079e+00,1.892600000000000116e-01,1.496322061388164204e-01,1.000000000000000000e+00
2.024280000000000079e+00,1.892600000000000116e-01,1.496322061388164204e-01,1.000000000000000000e+00
2.024410000000000043e+00,1.892900000000000138e-01,1.466688339350939174e-01,1.000000000000000000e+00
2.024430000000000174e+00,1.892999999999999960e-01,1.463743261968213638e-01,1.000000000000000000e+00
2.015709999999999891e+00,1.890999999999999903e-01,1.490581725155962212e-01,1.000000000000000000e+00
2.015660000000000007e+00,1.890999999999999903e-01,1.492882707106999163e-01,1.000000000000000000e+00
2.015660000000000007e+00,1.890999999999999903e-01,1.492882707106999163e-01,1.000000000000000000e+00
2.023089999999999833e+00,1.891599999999999948e-01,1.494211550085668416e-01,1.000000000000000000e+00
2.023810000000000109e+00,1.891700000000000048e-01,1.494335894339585413e-01,1.000000000000000000e+00
2.024059999999999970e+00,1.893400000000000083e-01,1.493880795564724306e-01,1.000000000000000000e+00
2.023909999999999876e+00,1.894899999999999918e-01,1.496794631239626583e-01,1.000000000000000000e+00
2.023909999999999876e+00,1.894899999999999918e-01,1.496794631239626583e-01,1.000000000000000000e+00
2.031950000000000145e+00,1.898900000000000032e-01,1.499389916524446198e-01,1.000000000000000000e+00
2.031950000000000145e+00,1.898900000000000032e-01,1.499389916524446198e-01,1.000000000000000000e+00
2.024789999999999868e+00,1.895499999999999963e-01,1.497337577803166120e-01,1.000000000000000000e+00
2.023899999999999810e+00,1.895000000000000018e-01,1.497081183970561113e-01,1.000000000000000000e+00
2.016010000000000080e+00,1.891400000000000026e-01,1.493130695294180854e-01,1.000000000000000000e+00
2.023369999999999891e+00,1.893299999999999983e-01,1.493746213341901052e-01,1.000000000000000000e+00
2.023369999999999891e+00,1.893299999999999983e-01,1.493746213341901052e-01,1.000000000000000000e+00
2.024500000000000188e+00,1.895100000000000118e-01,1.497122014475712193e-01,1.000000000000000000e+00
2.024500000000000188e+00,1.895100000000000118e-01,1.497122014475712193e-01,1.000000000000000000e+00
-3.600000000000000227e-04,1.299999999999999886e-04,0.000000000000000000e+00,2.000000000000000000e+00
-3.600000000000000227e-04,1.299999999999999886e-04,0.000000000000000000e+00,2.000000000000000000e+00
-2.999999999999999737e-04,2.000000000000000164e-05,-1.607407825727253867e-03,2.000000000000000000e+00
-2.999999999999999737e-04,2.000000000000000164e-05,-1.607407825727253867e-03,2.000000000000000000e+00
-3.099999999999999999e-04,0.000000000000000000e+00,-3.194027646254934440e-04,2.000000000000000000e+00
-3.099999999999999999e-04,0.000000000000000000e+00,-3.194027646254934440e-04,2.000000000000000000e+00
-5.400000000000000069e-04,4.000000000000000327e-05,-1.626901978319623705e-03,2.000000000000000000e+00
-5.400000000000000069e-04,4.000000000000000327e-05,-1.626901978319623705e-03,2.000000000000000000e+00
-4.299999999999999894e-04,1.700000000000000122e-04,-1.374658820281701244e-03,2.000000000000000000e+00
-4.200000000000000174e-04,1.800000000000000113e-04,-1.348370254958069408e-03,2.000000000000000000e+00
-4.200000000000000174e-04,1.800000000000000113e-04,-1.348370254958069408e-03,2.000000000000000000e+00
-8.400000000000000348e-04,2.000000000000000164e-05,-2.069297346007201079e-04,2.000000000000000000e+00
-5.800000000000000034e-04,5.000000000000000240e-05,-1.703927591628556304e-03,2.000000000000000000e+00
-5.599999999999999509e-04,5.000000000000000240e-05,-1.798342409965059379e-03,2.000000000000000000e+00
6.599999999999999964e-04,-5.000000000000000240e-05,-1.222674991010111846e-03,2.000000000000000000e+00
7.600000000000000418e-04,1.000000000000000082e-05,-1.282465416050181280e-03,2.000000000000000000e+00
7.600000000000000418e-04,1.000000000000000082e-05,-1.282465416050181280e-03,2.000000000000000000e+00
1.930000000000000075e-03,1.000000000000000048e-04,-3.539186289335323650e-03,2.000000000000000000e+00
2.030000000000000120e-03,1.000000000000000048e-04,-3.726639841982566474e-03,2.000000000000000000e+00
7.110000000000000001e-03,-1.700000000000000122e-04,-2.012053245626695824e-03,2.000000000000000000e+00
1.115999999999999978e-02,-6.000000000000000152e-05,-3.592693395270932406e-03,2.000000000000000000e+00
1.115999999999999978e-02,-6.000000000000000152e-05,-3.592693395270932406e-03,2.000000000000000000e+00
1.936999999999999833e-02,-9.000000000000000567e-05,-4.058845837605260486e-03,2.000000000000000000e+00
1.936999999999999833e-02,-9.000000000000000567e-05,-4.058845837605260486e-03,2.000000000000000000e+00
2.838999999999999857e-02,-5.100000000000000366e-04,-7.391472102964384040e-03,2.000000000000000000e+00
2.922999999999999904e-02,-5.500000000000000331e-04,-7.719953182211803690e-03,2.000000000000000000e+00
3.611000000000000321e-02,-7.200000000000000453e-04,-9.457397062853660843e-03,2.000000000000000000e+00
4.900999999999999801e-02,-1.399999999999999986e-03,-1.153724342197275619e-02,2.000000000000000000e+00
4.900999999999999801e-02,-1.399999999999999986e-03,-1.153724342197275619e-02,2.000000000000000000e+00
5.902000000000000302e-02,-1.590000000000000050e-03,-1.532658564359242435e-02,2.000000000000000000e+00
5.902000000000000302e-02,-1.590000000000000050e-03,-1.532658564359242435e-02,2.000000000000000000e+00
6.889000000000000679e-02,-1.539999999999999919e-03,-1.653234364533431866e-02,2.000000000000000000e+00
6.889000000000000679e-02,-1.539999999999999919e-03,-1.653234364533431866e-02,2.000000000000000000e+00
8.232000000000000428e-02,-2.079999999999999818e-03,-2.033900585774822342e-02,2.000000000000000000e+00
9.571999999999999953e-02,-2.720000000000000195e-03,-2.265935370950812600e-02,2.000000000000000000e+00
9.571999999999999953e-02,-2.720000000000000195e-03,-2.265935370950812600e-02,2.000000000000000000e+00
1.084500000000000047e-01,-2.980000000000000010e-03,-2.340688908895929843e-02,2.000000000000000000e+00
1.084500000000000047e-01,-2.980000000000000010e-03,-2.340688908895929843e-02,2.000000000000000000e+00
1.243999999999999967e-01,-3.229999999999999798e-03,-2.841066213596854517e-02,2.000000000000000000e+00
1.260699999999999876e-01,-3.269999999999999903e-03,-2.895731124306333282e-02,2.000000000000000000e+00
1.399199999999999888e-01,-3.700000000000000164e-03,-3.105584806546056453e-02,2.000000000000000000e+00
1.530299999999999994e-01,-4.619999999999999975e-03,-3.389577095562372466e-02,2.000000000000000000e+00
1.530299999999999994e-01,-4.619999999999999975e-03,-3.389577095562372466e-02,2.000000000000000000e+00
1.664400000000000046e-01,-5.000000000000000104e-03,-3.666730493537662811e-02,2.000000000000000000e+00
1.675699999999999967e-01,-5.029999999999999749e-03,-3.689927604097208158e-02,2.000000000000000000e+00
1.831399999999999972e-01,-5.700000000000000205e-03,-3.727619721395198510e-02,2.000000000000000000e+00
2.041000000000000036e-01,-8.200000000000000691e-03,-3.847075897662619731e-02,2.000000000000000000e+00
2.041000000000000036e-01,-8.200000000000000691e-03,-3.847075897662619731e-02,2.000000000000000000e+00
2.219899999999999929e-01,-1.013000000000000012e-02,-3.474086768132714914e-02,2.000000000000000000e+00
2.219899999999999929e-01,-1.013000000000000012e-02,-3.474086768132714914e-02,2.000000000000000000e+00
2.365200000000000080e-01,-1.085999999999999986e-02,-4.060947057945888533e-02,2.000000000000000000e+00
2.365200000000000080e-01,-1.085999999999999986e-02,-4.060947057945888533e-02,2.000000000000000000e+00
2.519500000000000073e-01,-1.195000000000000055e-02,-4.148980898919001070e-02,2.000000000000000000e+00
2.532499999999999751e-01,-1.203000000000000076e-02,-4.152528201582555978e-02,2.000000000000000000e+00
2.684400000000000119e-01,-1.289000000000000042e-02,-4.586692978090375211e-02,2.000000000000000000e+00
2.849300000000000166e-01,-1.366999999999999986e-02,-5.026799472824002024e-02,2.000000000000000000e+00
2.849300000000000166e-01,-1.366999999999999986e-02,-5.026799472824002024e-02,2.000000000000000000e+00
2.995300000000000185e-01,-1.477999999999999974e-02,-5.190797768221061537e-02,2.000000000000000000e+00
3.006199999999999983e-01,-1.486999999999999954e-02,-5.201423188640770523e-02,2.000000000000000000e+00
3.145000000000000018e-01,-1.555999999999999918e-02,-5.494134871719296570e-02,2.000000000000000000e+00
3.329699999999999882e-01,-1.677000000000000018e-02,-6.129634252700034286e-02,2.000000000000000000e+00
3.329699999999999882e-01,-1.677000000000000018e-02,-6.129634252700034286e-02,2.000000000000000000e+00
3.541099999999999803e-01,-1.626999999999999974e-02,-6.484683343015101853e-02,2.000000000000000000e+00
3.541099999999999803e-01,-1.626999999999999974e-02,-6.484683343015101853e-02,2.000000000000000000e+00
3.717199999999999949e-01,-1.744000000000000064e-02,-6.689878458909327696e-02,2.000000000000000000e+00
3.730899999999999772e-01,-1.754999999999999963e-02,-6.705314513855838154e-02,2.000000000000000000e+00
3.894199999999999884e-01,-1.909999999999999892e-02,-6.771351592773064421e-02,2.000000000000000000e+00
4.025299999999999989e-01,-2.001999999999999960e-02,-6.923010990724938474e-02,2.000000000000000000e+00
4.035000000000000253e-01,-2.009000000000000022e-02,-6.934820183390429105e-02,2.000000000000000000e+00
4.177299999999999902e-01,-2.095999999999999946e-02,-7.019017882484261672e-02,2.000000000000000000e+00
4.348899999999999988e-01,-2.261000000000000162e-02,-6.947637760053175515e-02,2.000000000000000000e+00
4.348899999999999988e-01,-2.261000000000000162e-02,-6.947637760053175515e-02,2.000000000000000000e+00
4.508800000000000030e-01,-2.479999999999999913e-02,-6.699579846271185024e-02,2.000000000000000000e+00
4.508800000000000030e-01,-2.479999999999999913e-02,-6.699579846271185024e-02,2.000000000000000000e+00
4.657600000000000073e-01,-2.631999999999999965e-02,-7.510972629811607515e-02,2.000000000000000000e+00
4.657600000000000073e-01,-2.631999999999999965e-02,-7.510972629811607515e-02,2.000000000000000000e+00
4.808899999999999841e-01,-2.790000000000000119e-02,-8.087735521447979303e-02,2.000000000000000000e+00
4.965700000000000114e-01,-2.926000000000000129e-02,-8.283926422075132967e-02,2.000000000000000000e+00
4.965700000000000114e-01,-2.926000000000000129e-02,-8.283926422075132967e-02,2.000000000000000000e+00
5.148300000000000098e-01,-3.096000000000000141e-02,-8.793309385912125020e-02,2.000000000000000000e+00
5.148300000000000098e-01,-3.096000000000000141e-02,-8.793309385912125020e-02,2.000000000000000000e+00
5.283700000000000063e-01,-3.221000000000000252e-02,-9.127013057314045663e-02,2.000000000000000000e+00
5.292999999999999927e-01,-3.230000000000000232e-02,-9.149279647621290368e-02,2.000000000000000000e+00
5.415999999999999703e-01,-3.366999999999999854e-02,-9.253902501350270982e-02,2.000000000000000000e+00
5.621399999999999730e-01,-3.559999999999999970e-02,-9.543226847363864285e-02,2.000000000000000000e+00
5.621399999999999730e-01,-3.559999999999999970e-02,-9.543226847363864285e-02,2.000000000000000000e+00
5.791800000000000281e-01,-3.665000000000000202e-02,-9.481973301505194907e-02,2.000000000000000000e+00
5.791800000000000281e-01,-3.665000000000000202e-02,-9.481973301505194907e-02,2.000000000000000000e+00
5.924700000000000522e-01,-3.815000000000000335e-02,-9.965437856540397543e-02,2.000000000000000000e+00
6.082899999999999974e-01,-4.025999999999999718e-02,-9.747514958658891338e-02,2.000000000000000000e+00
6.082899999999999974e-01,-4.025999999999999718e-02,-9.747514958658891338e-02,2.000000000000000000e+00
6.256199999999999539e-01,-4.204000000000000098e-02,-9.839537476949357375e-02,2.000000000000000000e+00
6.256199999999999539e-01,-4.204000000000000098e-02,-9.839537476949357375e-02,2.000000000000000000e+00
6.395699999999999719e-01,-4.347999999999999782e-02,-9.972450825660247875e-02,2.000000000000000000e+00
6.409000000000000252e-01,-4.361999999999999905e-02,-9.985417796392542789e-02,2.000000000000000000e+00
6.559800000000000075e-01,-4.529999999999999999e-02,-1.034076050552067555e-01,2.000000000000000000e+00
6.701799999999999979e-01,-4.766999999999999710e-02,-1.027730362715494339e-01,2.000000000000000000e+00
6.701799999999999979e-01,-4.766999999999999710e-02,-1.027730362715494339e-01,2.000000000000000000e+00
6.858300000000000507e-01,-5.025000000000000300e-02,-1.079511949508049351e-01,2.000000000000000000e+00
6.858300000000000507e-01,-5.025000000000000300e-02,-1.079511949508049351e-01,2.000000000000000000e+00
7.053899999999999615e-01,-5.444999999999999840e-02,-1.125701589814744330e-01,2.000000000000000000e+00
7.071399999999999908e-01,-5.485000000000000292e-02,-1.129722015748849812e-01,2.000000000000000000e+00
7.288700000000000179e-01,-5.722000000000000003e-02,-1.165244587407716359e-01,2.000000000000000000e+00
7.402100000000000346e-01,-5.886999999999999872e-02,-1.199118878871359428e-01,2.000000000000000000e+00
7.402100000000000346e-01,-5.886999999999999872e-02,-1.199118878871359428e-01,2.000000000000000000e+00
7.576899999999999746e-01,-6.122999999999999970e-02,-1.219309703937073719e-01,2.000000000000000000e+00
7.576899999999999746e-01,-6.122999999999999970e-02,-1.219309703937073719e-01,2.000000000000000000e+00
7.720500000000000140e-01,-6.318000000000000005e-02,-1.231843022267384985e-01,2.000000000000000000e+00
7.860000000000000320e-01,-6.451999999999999402e-02,-1.265017250863515741e-01,2.000000000000000000e+00
7.860000000000000320e-01,-6.451999999999999402e-02,-1.265017250863515741e-01,2.000000000000000000e+00
8.135299999999999754e-01,-6.618000000000000271e-02,-1.286058985679826017e-01,2.000000000000000000e+00
8.135299999999999754e-01,-6.618000000000000271e-02,-1.286058985679826017e-01,2.000000000000000000e+00
8.294599999999999751e-01,-6.851999999999999758e-02,-1.307011028629542215e-01,2.000000000000000000e+00
8.294599999999999751e-01,-6.851999999999999758e-02,-1.307011028629542215e-01,2.000000000000000000e+00
8.471800000000000441e-01,-7.109000000000000041e-02,-1.323504800570626527e-01,2.000000000000000000e+00
8.589499999999999913e-01,-7.303999999999999382e-02,-1.335584769940373340e-01,2.000000000000000000e+00
8.589499999999999913e-01,-7.303999999999999382e-02,-1.335584769940373340e-01,2.000000000000000000e+00
8.799500000000000099e-01,-7.577000000000000401e-02,-1.354648144332427639e-01,2.000000000000000000e+00
8.799500000000000099e-01,-7.577000000000000401e-02,-1.354648144332427639e-01,2.000000000000000000e+00
8.889500000000000179e-01,-7.795000000000000540e-02,-1.344769659723530908e-01,2.000000000000000000e+00
8.894999999999999574e-01,-7.810000000000000275e-02,-1.343822343274738429e-01,2.000000000000000000e+00
9.060500000000000220e-01,-8.117000000000000604e-02,-1.382569285778068313e-01,2.000000000000000000e+00
9.235700000000000021e-01,-8.379000000000000337e-02,-1.448008312036040135e-01,2.000000000000000000e+00
9.235700000000000021e-01,-8.379000000000000337e-02,-1.448008312036040135e-01,2.000000000000000000e+00
9.249899999999999789e-01,-8.401000000000000134e-02,-1.453504298943867068e-01,2.000000000000000000e+00
9.396299999999999653e-01,-8.641999999999999682e-02,-1.444097232182310619e-01,2.000000000000000000e+00
9.579400000000000137e-01,-8.892999999999999516e-02,-1.477417531210858670e-01,2.000000000000000000e+00
9.594300000000000050e-01,-8.913000000000000089e-02,-1.480369258364089557e-01,2.000000000000000000e+00
9.736500000000000155e-01,-9.130000000000000615e-02,-1.495547764483326214e-01,2.000000000000000000e+00
9.886899999999999578e-01,-9.379999999999999449e-02,-1.506240241055108453e-01,2.000000000000000000e+00
9.886899999999999578e-01,-9.379999999999999449e-02,-1.506240241055108453e-01,2.000000000000000000e+00
1.004010000000000069e+00,-9.644999999999999407e-02,-1.522840106726478793e-01,2.000000000000000000e+00
1.004010000000000069e+00,-9.644999999999999407e-02,-1.522840106726478793e-01,2.000000000000000000e+00
1.018510000000000026e+00,-9.855999999999999484e-02,-1.579512593816313482e-01,2.000000000000000000e+00
1.037870000000000070e+00,-1.013399999999999995e-01,-1.603935926556770974e-01,2.000000000000000000e+00
1.037870000000000070e+00,-1.013399999999999995e-01,-1.603935926556770974e-01,2.000000000000000000e+00
1.057379999999999987e+00,-1.050399999999999945e-01,-1.641337161031214964e-01,2.000000000000000000e+00
1.057379999999999987e+00,-1.050399999999999945e-01,-1.641337161031214964e-01,2.000000000000000000e+00
1.068619999999999903e+00,-1.073000000000000065e-01,-1.684700633667889080e-01,2.000000000000000000e+00
1.068619999999999903e+00,-1.073000000000000065e-01,-1.684700633667889080e-01,2.000000000000000000e+00
1.084470000000000045e+00,-1.097899999999999987e-01,-1.676178854097313264e-01,2.000000000000000000e+00
1.104850000000000110e+00,-1.135000000000000037e-01,-1.696584544461788302e-01,2.000000000000000000e+00
1.104850000000000110e+00,-1.135000000000000037e-01,-1.696584544461788302e-01,2.000000000000000000e+00
1.124940000000000051e+00,-1.205699999999999966e-01,-1.721919426972366163e-01,2.000000000000000000e+00
1.124940000000000051e+00,-1.205699999999999966e-01,-1.721919426972366163e-01,2.000000000000000000e+00
1.145829999999999904e+00,-1.246499999999999969e-01,-1.736586775946329375e-01,2.000000000000000000e+00
1.145829999999999904e+00,-1.246499999999999969e-01,-1.736586775946329375e-01,2.000000000000000000e+00
1.167820000000000080e+00,-1.267500000000000016e-01,-1.784318125504394115e-01,2.000000000000000000e+00
1.169680000000000053e+00,-1.269299999999999873e-01,-1.788566171574978991e-01,2.000000000000000000e+00
1.180369999999999919e+00,-1.291700000000000070e-01,-1.800315223947690224e-01,2.000000000000000000e+00
1.181270000000000042e+00,-1.293600000000000028e-01,-1.801300323683855675e-01,2.000000000000000000e+00
1.196450000000000014e+00,-1.319700000000000040e-01,-1.814986758531673960e-01,2.000000000000000000e+00
1.212229999999999919e+00,-1.351199999999999901e-01,-1.855063772434478175e-01,2.000000000000000000e+00
1.212229999999999919e+00,-1.351199999999999901e-01,-1.855063772434478175e-01,2.000000000000000000e+00
1.213370000000000060e+00,-1.353600000000000081e-01,-1.858098352284102417e-01,2.000000000000000000e+00
1.236680000000000001e+00,-1.395000000000000129e-01,-1.824370256250606726e-01,2.000000000000000000e+00
1.246229999999999949e+00,-1.416999999999999926e-01,-1.884670653000583285e-01,2.000000000000000000e+00
1.266999999999999904e+00,-1.451800000000000035e-01,-1.911632947805414762e-01,2.000000000000000000e+00
1.266999999999999904e+00,-1.451800000000000035e-01,-1.911632947805414762e-01,2.000000000000000000e+00
1.266999999999999904e+00,-1.451800000000000035e-01,-1.911632947805414762e-01,2.000000000000000000e+00
1.279989999999999961e+00,-1.476800000000000057e-01,-1.949382192186376317e-01,2.000000000000000000e+00
1.296529999999999960e+00,-1.510400000000000076e-01,-1.941265829606904636e-01,2.000000000000000000e+00
1.312729999999999952e+00,-1.545700000000000129e-01,-1.976976044176558811e-01,2.000000000000000000e+00
1.312729999999999952e+00,-1.545700000000000129e-01,-1.976976044176558811e-01,2.000000000000000000e+00
1.325819999999999999e+00,-1.578700000000000103e-01,-1.973092539187802918e-01,2.000000000000000000e+00
1.325819999999999999e+00,-1.578700000000000103e-01,-1.973092539187802918e-01,2.000000000000000000e+00
1.326699999999999990e+00,-1.580900000000000083e-01,-1.972548338924360323e-01,2.000000000000000000e+00
1.342449999999999921e+00,-1.617399999999999949e-01,-1.985907811246676868e-01,2.000000000000000000e+00
1.342449999999999921e+00,-1.617399999999999949e-01,-1.985907811246676868e-01,2.000000000000000000e+00
1.342449999999999921e+00,-1.617399999999999949e-01,-1.985907811246676868e-01,2.000000000000000000e+00
1.342449999999999921e+00,-1.617399999999999949e-01,-1.985907811246676868e-01,2.000000000000000000e+00
1.342449999999999921e+00,-1.617399999999999949e-01,-1.985907811246676868e-01,2.000000000000000000e+00
1.342449999999999921e+00,-1.617399999999999949e-01,-1.985907811246676868e-01,2.000000000000000000e+00
1.342449999999999921e+00,-1.617399999999999949e-01,-1.985907811246676868e-01,2.000000000000000000e+00
1.342449999999999921e+00,-1.617399999999999949e-01,-1.985907811246676868e-01,2.000000000000000000e+00
1.342449999999999921e+00,-1.617399999999999949e-01,-1.985907811246676868e-01,2.000000000000000000e+00
1.418789999999999996e+00,-1.792900000000000049e-01,-2.100098803052599938e-01,2.000000000000000000e+00
1.418789999999999996e+00,-1.792900000000000049e-01,-2.100098803052599938e-01,2.000000000000000000e+00
1.451470000000000038e+00,-1.866800000000000126e-01,-2.184293485778361077e-01,2.000000000000000000e+00
1.469230000000000036e+00,-1.901799999999999879e-01,-2.203101266369579536e-01,2.000000000000000000e+00
1.469230000000000036e+00,-1.901799999999999879e-01,-2.203101266369579536e-01,2.000000000000000000e+00
1.488359999999999905e+00,-1.942899999999999905e-01,-2.196697243315176296e-01,2.000000000000000000e+00
1.500199999999999978e+00,-1.974799999999999889e-01,-2.235878766123661487e-01,2.000000000000000000e+00
1.500199999999999978e+00,-1.974799999999999889e-01,-2.235878766123661487e-01,2.000000000000000000e+00
1.518150000000000110e+00,-2.016100000000000114e-01,-2.253612372061658542e-01,2.000000000000000000e+00
1.518150000000000110e+00,-2.016100000000000114e-01,-2.253612372061658542e-01,2.000000000000000000e+00
1.536820000000000075e+00,-2.058399999999999952e-01,-2.272353526826053627e-01,2.000000000000000000e+00
1.538170000000000037e+00,-2.061399999999999899e-01,-2.273728800794081184e-01,2.000000000000000000e+00
1.550000000000000044e+00,-2.097799999999999943e-01,-2.267015564303009878e-01,2.000000000000000000e+00
1.551060000000000105e+00,-2.101099999999999912e-01,-2.266397626077790162e-01,2.000000000000000000e+00
1.563080000000000025e+00,-2.138100000000000001e-01,-2.252767589214396959e-01,2.000000000000000000e+00
1.579010000000000025e+00,-2.186099999999999988e-01,-2.323259508292236653e-01,2.000000000000000000e+00
1.580310000000000104e+00,-2.190100000000000102e-01,-2.329506334382268062e-01,2.000000000000000000e+00
1.598819999999999908e+00,-2.232899999999999885e-01,-2.317902262728808449e-01,2.000000000000000000e+00
1.610589999999999966e+00,-2.265399999999999914e-01,-2.365342412684490747e-01,2.000000000000000000e+00
1.610589999999999966e+00,-2.265399999999999914e-01,-2.365342412684490747e-01,2.000000000000000000e+00
1.629250000000000087e+00,-2.309700000000000086e-01,-2.384422717374508338e-01,2.000000000000000000e+00
1.630570000000000075e+00,-2.312800000000000133e-01,-2.385536078489021439e-01,2.000000000000000000e+00
1.641769999999999952e+00,-2.347299999999999942e-01,-2.404029475388949344e-01,2.000000000000000000e+00
1.642959999999999976e+00,-2.351000000000000034e-01,-2.405970553223440722e-01,2.000000000000000000e+00
1.661010000000000097e+00,-2.394799999999999984e-01,-2.422185344790610539e-01,2.000000000000000000e+00
1.679619999999999891e+00,-2.440599999999999992e-01,-2.465366807498594881e-01,2.000000000000000000e+00
1.679619999999999891e+00,-2.440599999999999992e-01,-2.465366807498594881e-01,2.000000000000000000e+00
1.679619999999999891e+00,-2.440599999999999992e-01,-2.465366807498594881e-01,2.000000000000000000e+00
1.679619999999999891e+00,-2.440599999999999992e-01,-2.465366807498594881e-01,2.000000000000000000e+00
1.679619999999999891e+00,-2.440599999999999992e-01,-2.465366807498594881e-01,2.000000000000000000e+00
1.679619999999999891e+00,-2.440599999999999992e-01,-2.465366807498594881e-01,2.000000000000000000e+00
1.679619999999999891e+00,-2.440599999999999992e-01,-2.465366807498594881e-01,2.000000000000000000e+00
1.679619999999999891e+00,-2.440599999999999992e-01,-2.465366807498594881e-01,2.000000000000000000e+00
1.679619999999999891e+00,-2.440599999999999992e-01,-2.465366807498594881e-01,2.000000000000000000e+00
1.679619999999999891e+00,-2.440599999999999992e-01,-2.465366807498594881e-01,2.000000000000000000e+00
1.754850000000000021e+00,-2.645799999999999819e-01,-2.494850508064775374e-01,2.000000000000000000e+00
1.754850000000000021e+00,-2.645799999999999819e-01,-2.494850508064775374e-01,2.000000000000000000e+00
1.782340000000000035e+00,-2.735899999999999999e-01,-2.584986677667446830e-01,2.000000000000000000e+00
1.782340000000000035e+00,-2.735899999999999999e-01,-2.584986677667446830e-01,2.000000000000000000e+00
1.782340000000000035e+00,-2.735899999999999999e-01,-2.584986677667446830e-01,2.000000000000000000e+00
1.782340000000000035e+00,-2.735899999999999999e-01,-2.584986677667446830e-01,2.000000000000000000e+00
1.784030000000000005e+00,-2.740699999999999803e-01,-2.586629826750277972e-01,2.000000000000000000e+00
1.827460000000000084e+00,-2.875300000000000078e-01,-2.673775436294071883e-01,2.000000000000000000e+00
1.827460000000000084e+00,-2.875300000000000078e-01,-2.673775436294071883e-01,2.000000000000000000e+00
1.839280000000000026e+00,-2.913600000000000079e-01,-2.716540151298097450e-01,2.000000000000000000e+00
1.840170000000000083e+00,-2.916500000000000203e-01,-2.719926290138871550e-01,2.000000000000000000e+00
1.868540000000000090e+00,-2.976900000000000102e-01,-2.716067428073193901e-01,2.000000000000000000e+00
1.873420000000000085e+00,-3.008399999999999963e-01,-2.749402506203361685e-01,2.000000000000000000e+00
1.882830000000000004e+00,-3.040200000000000125e-01,-2.795817389058058988e-01,2.000000000000000000e+00
1.882830000000000004e+00,-3.040200000000000125e-01,-2.795817389058058988e-01,2.000000000000000000e+00
1.882830000000000004e+00,-3.040200000000000125e-01,-2.795817389058058988e-01,2.000000000000000000e+00
1.904060000000000086e+00,-3.086200000000000054e-01,-2.791558097144442030e-01,2.000000000000000000e+00
1.904060000000000086e+00,-3.086200000000000054e-01,-2.791558097144442030e-01,2.000000000000000000e+00
1.907340000000000035e+00,-3.104000000000000092e-01,-2.822101962532431174e-01,2.000000000000000000e+00
1.910360000000000058e+00,-3.121599999999999930e-01,-2.827675490067198538e-01,2.000000000000000000e+00
1.920390000000000041e+00,-3.147900000000000142e-01,-2.834284688507352490e-01,2.000000000000000000e+00
1.920390000000000041e+00,-3.147900000000000142e-01,-2.834284688507352490e-01,2.000000000000000000e+00
1.924439999999999928e+00,-3.162900000000000156e-01,-2.820555474321129741e-01,2.000000000000000000e+00
1.924439999999999928e+00,-3.162900000000000156e-01,-2.820555474321129741e-01,2.000000000000000000e+00
1.940549999999999997e+00,-3.195100000000000162e-01,-2.854026213093411868e-01,2.000000000000000000e+00
1.935340000000000060e+00,-3.196800000000000197e-01,-2.859161665635935323e-01,2.000000000000000000e+00
1.935340000000000060e+00,-3.196800000000000197e-01,-2.859161665635935323e-01,2.000000000000000000e+00
1.952630000000000088e+00,-3.226899999999999769e-01,-2.843558097855578559e-01,2.000000000000000000e+00
1.952630000000000088e+00,-3.226899999999999769e-01,-2.843558097855578559e-01,2.000000000000000000e+00
1.954320000000000057e+00,-3.229699999999999793e-01,-2.842064148502874699e-01,2.000000000000000000e+00
1.947130000000000027e+00,-3.223400000000000154e-01,-2.839422312036734009e-01,2.000000000000000000e+00
1.947130000000000027e+00,-3.223400000000000154e-01,-2.839422312036734009e-01,2.000000000000000000e+00
1.947130000000000027e+00,-3.223400000000000154e-01,-2.839422312036734009e-01,2.000000000000000000e+00
1.947130000000000027e+00,-3.223400000000000154e-01,-2.839422312036734009e-01,2.000000000000000000e+00
1.946469999999999922e+00,-3.222800000000000109e-01,-2.839180232081339184e-01,2.000000000000000000e+00
1.945859999999999923e+00,-3.223900000000000099e-01,-2.867409943475264789e-01,2.000000000000000000e+00
1.945859999999999923e+00,-3.223900000000000099e-01,-2.867409943475264789e-01,2.000000000000000000e+00
1.945859999999999923e+00,-3.223900000000000099e-01,-2.867409943475264789e-01,2.000000000000000000e+00
1.945049999999999946e+00,-3.220299999999999829e-01,-2.866522564329406775e-01,2.000000000000000000e+00
1.946350000000000025e+00,-3.222999999999999754e-01,-2.837520479974545706e-01,2.000000000000000000e+00
1.938579999999999970e+00,-3.211499999999999910e-01,-2.835263341876543830e-01,2.000000000000000000e+00
1.938579999999999970e+00,-3.211499999999999910e-01,-2.835263341876543830e-01,2.000000000000000000e+00
1.938350000000000017e+00,-3.211399999999999810e-01,-2.831605448568971228e-01,2.000000000000000000e+00
1.938350000000000017e+00,-3.211399999999999810e-01,-2.831605448568971228e-01,2.000000000000000000e+00
1.945770000000000000e+00,-3.221800000000000219e-01,-2.838493007375438304e-01,2.000000000000000000e+00
1.945770000000000000e+00,-3.221800000000000219e-01,-2.838493007375438304e-01,2.000000000000000000e+00
1.953640000000000043e+00,-3.231700000000000128e-01,-2.843028121713145895e-01,2.000000000000000000e+00
1.953640000000000043e+00,-3.231700000000000128e-01,-2.843028121713145895e-01,2.000000000000000000e+00
1.946970000000000089e+00,-3.223599999999999799e-01,-2.835389055957053261e-01,2.000000000000000000e+00
1.946469999999999922e+00,-3.222800000000000109e-01,-2.838912598745984561e-01,2.000000000000000000e+00
1.946469999999999922e+00,-3.222800000000000109e-01,-2.839180232081339184e-01,2.000000000000000000e+00
1.946450000000000014e+00,-3.225799999999999779e-01,-2.839874407086880326e-01,2.000000000000000000e+00
1.946469999999999922e+00,-3.222999999999999754e-01,-2.839218114843040097e-01,2.000000000000000000e+00
1.946469999999999922e+00,-3.222800000000000109e-01,-2.839180232081339184e-01,2.000000000000000000e+00
1.946469999999999922e+00,-3.222800000000000109e-01,-2.839180232081339184e-01,2.000000000000000000e+00
1.946460000000000079e+00,-3.222900000000000209e-01,-2.835085129725977149e-01,2.000000000000000000e+00
1.946469999999999922e+00,-3.223199999999999954e-01,-2.835078895087494444e-01,2.000000000000000000e+00
1.946469999999999922e+00,-3.223199999999999954e-01,-2.835078895087494444e-01,2.000000000000000000e+00
1.946460000000000079e+00,-3.222900000000000209e-01,-2.834867448433407988e-01,2.000000000000000000e+00
-9.000000000000000567e-05,-4.000000000000000327e-05,0.000000000000000000e+00,2.000000000000000000e+00
-9.000000000000000567e-05,-4.000000000000000327e-05,0.000000000000000000e+00,2.000000000000000000e+00
1.900000000000000105e-04,3.000000000000000076e-05,-1.341105283216224332e-03,2.000000000000000000e+00
1.900000000000000105e-04,3.000000000000000076e-05,-1.341105283216224332e-03,2.000000000000000000e+00
-1.600000000000000131e-04,1.200000000000000030e-04,-6.464700698784547569e-05,2.000000000000000000e+00
-2.100000000000000087e-04,6.000000000000000152e-05,1.496203424075368070e-04,2.000000000000000000e+00
-2.100000000000000087e-04,6.000000000000000152e-05,1.496203424075368070e-04,2.000000000000000000e+00
2.500000000000000052e-04,-1.000000000000000048e-04,-1.712109487862047488e-03,2.000000000000000000e+00
2.500000000000000052e-04,-1.000000000000000048e-04,-1.712109487862047488e-03,2.000000000000000000e+00
-1.800000000000000113e-04,4.000000000000000327e-05,1.016892262695404526e-05,2.000000000000000000e+00
-1.800000000000000113e-04,4.000000000000000327e-05,1.016892262695404526e-05,2.000000000000000000e+00
7.600000000000000418e-04,-0.000000000000000000e+00,1.855146677048153878e-03,2.000000000000000000e+00
1.190000000000000085e-03,-1.200000000000000030e-04,-1.131448573882779581e-03,2.000000000000000000e+00
1.190000000000000085e-03,-1.200000000000000030e-04,-1.131448573882779581e-03,2.000000000000000000e+00
1.100000000000000039e-04,2.900000000000000017e-04,1.542776512301794996e-03,2.000000000000000000e+00
1.100000000000000039e-04,2.900000000000000017e-04,1.542776512301794996e-03,2.000000000000000000e+00
2.399999999999999790e-03,3.099999999999999999e-04,3.088885963792343658e-03,2.000000000000000000e+00
2.399999999999999790e-03,3.099999999999999999e-04,3.088885963792343658e-03,2.000000000000000000e+00
2.399999999999999790e-03,3.099999999999999999e-04,3.088885963792343658e-03,2.000000000000000000e+00
2.440000000000000155e-02,3.699999999999999947e-04,1.388379936480423071e-03,2.000000000000000000e+00
2.440000000000000155e-02,3.699999999999999947e-04,1.388379936480423071e-03,2.000000000000000000e+00
3.176999999999999963e-02,3.400000000000000244e-04,1.136457977433894245e-03,2.000000000000000000e+00
3.176999999999999963e-02,3.400000000000000244e-04,1.136457977433894245e-03,2.000000000000000000e+00
3.176999999999999963e-02,3.400000000000000244e-04,1.136457977433894245e-03,2.000000000000000000e+00
3.176999999999999963e-02,3.400000000000000244e-04,1.136457977433894245e-03,2.000000000000000000e+00
3.176999999999999963e-02,3.400000000000000244e-04,1.136457977433894245e-03,2.000000000000000000e+00
3.176999999999999963e-02,3.400000000000000244e-04,1.136457977433894245e-03,2.000000000000000000e+00
6.054999999999999966e-02,-6.199999999999999999e-04,-2.545922864294961497e-03,2.000000000000000000e+00
7.510999999999999621e-02,-1.170000000000000033e-03,-3.720061579662523911e-03,2.000000000000000000e+00
7.610999999999999710e-02,-1.209999999999999921e-03,-3.808588790796283395e-03,2.000000000000000000e+00
8.455000000000000016e-02,-1.119999999999999902e-03,-8.390996207184638761e-03,2.000000000000000000e+00
8.526000000000000245e-02,-1.119999999999999902e-03,-8.772016976606511474e-03,2.000000000000000000e+00
1.007099999999999940e-01,-1.820000000000000003e-03,-8.371589703549972214e-03,2.000000000000000000e+00
1.140400000000000025e-01,-1.699999999999999905e-03,-1.005883133010676903e-02,2.000000000000000000e+00
1.140400000000000025e-01,-1.699999999999999905e-03,-1.005883133010676903e-02,2.000000000000000000e+00
1.304899999999999949e-01,-1.940000000000000101e-03,-1.182877027360693979e-02,2.000000000000000000e+00
1.317000000000000115e-01,-1.969999999999999963e-03,-1.195381817680326447e-02,2.000000000000000000e+00
1.440800000000000136e-01,-2.269999999999999882e-03,-1.259611485436814768e-02,2.000000000000000000e+00
1.587000000000000077e-01,-2.840000000000000076e-03,-1.641510067567384171e-02,2.000000000000000000e+00
1.599399999999999988e-01,-2.890000000000000208e-03,-1.675561061231144178e-02,2.000000000000000000e+00
1.739700000000000135e-01,-3.289999999999999956e-03,-1.910868566496038215e-02,2.000000000000000000e+00
1.868200000000000138e-01,-3.170000000000000075e-03,-2.337779318793370073e-02,2.000000000000000000e+00
1.868200000000000138e-01,-3.170000000000000075e-03,-2.337779318793370073e-02,2.000000000000000000e+00
2.069699999999999873e-01,-3.690000000000000138e-03,-2.484321691722218492e-02,2.000000000000000000e+00
2.069699999999999873e-01,-3.690000000000000138e-03,-2.484321691722218492e-02,2.000000000000000000e+00
2.217600000000000127e-01,-3.939999999999999926e-03,-2.299955319866890668e-02,2.000000000000000000e+00
2.357200000000000129e-01,-4.729999999999999830e-03,-2.044361022050843191e-02,2.000000000000000000e+00
2.357200000000000129e-01,-4.729999999999999830e-03,-2.044361022050843191e-02,2.000000000000000000e+00
2.560999999999999943e-01,-5.409999999999999878e-03,-1.971385602321472710e-02,2.000000000000000000e+00
2.560999999999999943e-01,-5.409999999999999878e-03,-1.971385602321472710e-02,2.000000000000000000e+00
2.671100000000000141e-01,-5.360000000000000181e-03,-2.355259326460368979e-02,2.000000000000000000e+00
2.679599999999999760e-01,-5.349999999999999721e-03,-2.389671784547430303e-02,2.000000000000000000e+00
2.828800000000000203e-01,-6.139999999999999625e-03,-2.166292784650029890e-02,2.000000000000000000e+00
2.841699999999999782e-01,-6.210000000000000242e-03,-2.146742765834244032e-02,2.000000000000000000e+00
2.992900000000000005e-01,-7.329999999999999710e-03,-2.742937542856555000e-02,2.000000000000000000e+00
3.140700000000000158e-01,-7.900000000000000772e-03,-3.040040809833117336e-02,2.000000000000000000e+00
3.154199999999999782e-01,-7.960000000000000062e-03,-3.064703582925644085e-02,2.000000000000000000e+00
3.307899999999999729e-01,-8.630000000000000518e-03,-3.089118962680209926e-02,2.000000000000000000e+00
3.482000000000000095e-01,-9.140000000000000555e-03,-3.521420479436410123e-02,2.000000000000000000e+00
3.482000000000000095e-01,-9.140000000000000555e-03,-3.521420479436410123e-02,2.000000000000000000e+00
3.631400000000000183e-01,-9.719999999999999474e-03,-3.437991090205556877e-02,2.000000000000000000e+00
3.631400000000000183e-01,-9.719999999999999474e-03,-3.437991090205556877e-02,2.000000000000000000e+00
3.783099999999999796e-01,-1.064999999999999974e-02,-3.522613707221777107e-02,2.000000000000000000e+00
3.795000000000000040e-01,-1.072000000000000036e-02,-3.530855677906782203e-02,2.000000000000000000e+00
3.938099999999999934e-01,-1.128999999999999969e-02,-3.788910598686989067e-02,2.000000000000000000e+00
4.088499999999999912e-01,-1.166000000000000023e-02,-4.040205823971306648e-02,2.000000000000000000e+00
4.088499999999999912e-01,-1.166000000000000023e-02,-4.040205823971306648e-02,2.000000000000000000e+00
4.242400000000000060e-01,-1.192000000000000004e-02,-4.103852660215762116e-02,2.000000000000000000e+00
4.254100000000000104e-01,-1.193999999999999923e-02,-4.107473614932715539e-02,2.000000000000000000e+00
4.418500000000000205e-01,-1.271000000000000081e-02,-4.012320014932702766e-02,2.000000000000000000e+00
4.556799999999999740e-01,-1.350999999999999944e-02,-3.707833506599475526e-02,2.000000000000000000e+00
4.556799999999999740e-01,-1.350999999999999944e-02,-3.707833506599475526e-02,2.000000000000000000e+00
4.757700000000000262e-01,-1.404999999999999999e-02,-4.058562546010065220e-02,2.000000000000000000e+00
4.757700000000000262e-01,-1.404999999999999999e-02,-4.058562546010065220e-02,2.000000000000000000e+00
4.898299999999999876e-01,-1.473000000000000004e-02,-4.016900051057645943e-02,2.000000000000000000e+00
4.908100000000000240e-01,-1.477999999999999974e-02,-4.010982266748749220e-02,2.000000000000000000e+00
5.152099999999999458e-01,-1.827000000000000152e-02,-4.253383176659079890e-02,2.000000000000000000e+00
5.292599999999999527e-01,-1.909999999999999892e-02,-4.553522387417436451e-02,2.000000000000000000e+00
5.303200000000000136e-01,-1.915999999999999995e-02,-4.577870527956141161e-02,2.000000000000000000e+00
5.450199999999999489e-01,-2.007000000000000103e-02,-4.666905158518741548e-02,2.000000000000000000e+00
5.639499999999999513e-01,-2.085000000000000048e-02,-4.703582861027859330e-02,2.000000000000000000e+00
5.639499999999999513e-01,-2.085000000000000048e-02,-4.703582861027859330e-02,2.000000000000000000e+00
5.809800000000000519e-01,-2.153000000000000053e-02,-4.555557946144916243e-02,2.000000000000000000e+00
5.809800000000000519e-01,-2.153000000000000053e-02,-4.555557946144916243e-02,2.000000000000000000e+00
5.951499999999999568e-01,-2.266999999999999918e-02,-4.671089398965914269e-02,2.000000000000000000e+00
5.962100000000000177e-01,-2.275999999999999898e-02,-4.681863937984805796e-02,2.000000000000000000e+00
6.083399999999999919e-01,-2.329000000000000167e-02,-4.923426384985623433e-02,2.000000000000000000e+00
6.247300000000000075e-01,-2.393999999999999947e-02,-5.410906200808400512e-02,2.000000000000000000e+00
6.247300000000000075e-01,-2.393999999999999947e-02,-5.410906200808400512e-02,2.000000000000000000e+00
6.414600000000000302e-01,-2.462999999999999912e-02,-5.288313478774273740e-02,2.000000000000000000e+00
6.414600000000000302e-01,-2.462999999999999912e-02,-5.288313478774273740e-02,2.000000000000000000e+00
6.659599999999999964e-01,-2.442000000000000073e-02,-5.185436980495062437e-02,2.000000000000000000e+00
6.682399999999999451e-01,-2.438999999999999849e-02,-5.176954721156634687e-02,2.000000000000000000e+00
6.841699999999999449e-01,-2.528999999999999998e-02,-4.807849333616764226e-02,2.000000000000000000e+00
6.983099999999999863e-01,-2.589999999999999941e-02,-5.056132787025795217e-02,2.000000000000000000e+00
6.983099999999999863e-01,-2.589999999999999941e-02,-5.056132787025795217e-02,2.000000000000000000e+00
7.124599999999999822e-01,-2.678000000000000172e-02,-5.141565657983043769e-02,2.000000000000000000e+00
7.124599999999999822e-01,-2.678000000000000172e-02,-5.141565657983043769e-02,2.000000000000000000e+00
7.265300000000000091e-01,-2.800000000000000058e-02,-5.254996066124043713e-02,2.000000000000000000e+00
7.275899999999999590e-01,-2.809000000000000039e-02,-5.263822871093998962e-02,2.000000000000000000e+00
7.468200000000000394e-01,-2.964999999999999927e-02,-5.341361735840801511e-02,2.000000000000000000e+00
7.618200000000000527e-01,-3.066999999999999935e-02,-5.462701817442570940e-02,2.000000000000000000e+00
7.618200000000000527e-01,-3.066999999999999935e-02,-5.462701817442570940e-02,2.000000000000000000e+00
7.793200000000000127e-01,-3.173000000000000126e-02,-5.496255557072925180e-02,2.000000000000000000e+00
7.793200000000000127e-01,-3.173000000000000126e-02,-5.496255557072925180e-02,2.000000000000000000e+00
7.910099999999999909e-01,-3.230000000000000232e-02,-5.594362942322252119e-02,2.000000000000000000e+00
7.910099999999999909e-01,-3.230000000000000232e-02,-5.594362942322252119e-02,2.000000000000000000e+00
8.118100000000000316e-01,-3.350999999999999812e-02,-5.855913244592780842e-02,2.000000000000000000e+00
8.270600000000000174e-01,-3.481999999999999679e-02,-5.760307664870069344e-02,2.000000000000000000e+00
8.270600000000000174e-01,-3.481999999999999679e-02,-5.760307664870069344e-02,2.000000000000000000e+00
8.413100000000000023e-01,-3.576000000000000012e-02,-6.283649805857174919e-02,2.000000000000000000e+00
8.413100000000000023e-01,-3.576000000000000012e-02,-6.283649805857174919e-02,2.000000000000000000e+00
8.559600000000000541e-01,-3.663999999999999896e-02,-6.598557960184847637e-02,2.000000000000000000e+00
8.559600000000000541e-01,-3.663999999999999896e-02,-6.598557960184847637e-02,2.000000000000000000e+00
8.741499999999999826e-01,-3.763999999999999985e-02,-6.908614985836276923e-02,2.000000000000000000e+00
8.937500000000000444e-01,-3.873999999999999666e-02,-6.526464050268243611e-02,2.000000000000000000e+00
8.937500000000000444e-01,-3.873999999999999666e-02,-6.526464050268243611e-02,2.000000000000000000e+00
9.129599999999999937e-01,-4.120999999999999663e-02,-6.178395119333438684e-02,2.000000000000000000e+00
9.129599999999999937e-01,-4.120999999999999663e-02,-6.178395119333438684e-02,2.000000000000000000e+00
9.322500000000000231e-01,-4.272999999999999715e-02,-6.225384749153174690e-02,2.000000000000000000e+00
9.338600000000000234e-01,-4.286000000000000226e-02,-6.232245487091143260e-02,2.000000000000000000e+00
9.474299999999999944e-01,-4.426000000000000073e-02,-6.524109810579829805e-02,2.000000000000000000e+00
9.488799999999999457e-01,-4.442000000000000115e-02,-6.555238613132212400e-02,2.000000000000000000e+00
9.674300000000000122e-01,-4.606999999999999984e-02,-6.195365487597880721e-02,2.000000000000000000e+00
9.825399999999999689e-01,-4.764999999999999791e-02,-6.463110075555066059e-02,2.000000000000000000e+00
9.825399999999999689e-01,-4.764999999999999791e-02,-6.463110075555066059e-02,2.000000000000000000e+00
1.004620000000000068e+00,-4.789000000000000201e-02,-6.630054023381182216e-02,2.000000000000000000e+00
1.006680000000000019e+00,-4.789999999999999813e-02,-6.643572229612514091e-02,2.000000000000000000e+00
1.016909999999999981e+00,-4.827000000000000041e-02,-6.903603290105062018e-02,2.000000000000000000e+00
1.036380000000000079e+00,-4.986000000000000154e-02,-6.996936606257565805e-02,2.000000000000000000e+00
1.036380000000000079e+00,-4.986000000000000154e-02,-6.996936606257565805e-02,2.000000000000000000e+00
1.052619999999999889e+00,-5.120000000000000245e-02,-7.094234631258944379e-02,2.000000000000000000e+00
1.052619999999999889e+00,-5.120000000000000245e-02,-7.094234631258944379e-02,2.000000000000000000e+00
1.072400000000000020e+00,-5.297000000000000319e-02,-7.392753382363853598e-02,2.000000000000000000e+00
1.074160000000000004e+00,-5.313999999999999974e-02,-7.420213334573157182e-02,2.000000000000000000e+00
1.088600000000000012e+00,-5.362000000000000099e-02,-7.722927416683024460e-02,2.000000000000000000e+00
1.104780000000000095e+00,-5.446000000000000146e-02,-7.553953518821114599e-02,2.000000000000000000e+00
1.104780000000000095e+00,-5.446000000000000146e-02,-7.553953518821114599e-02,2.000000000000000000e+00
1.117280000000000051e+00,-5.537000000000000255e-02,-7.422469886713280174e-02,2.000000000000000000e+00
1.117280000000000051e+00,-5.537000000000000255e-02,-7.422469886713280174e-02,2.000000000000000000e+00
1.137559999999999905e+00,-5.704000000000000042e-02,-7.469612716344184444e-02,2.000000000000000000e+00
1.137559999999999905e+00,-5.704000000000000042e-02,-7.469612716344184444e-02,2.000000000000000000e+00
1.154989999999999961e+00,-5.836000000000000215e-02,-7.325270104261688564e-02,2.000000000000000000e+00
1.166840000000000099e+00,-5.949999999999999734e-02,-7.358863917986956105e-02,2.000000000000000000e+00
1.166840000000000099e+00,-5.949999999999999734e-02,-7.358863917986956105e-02,2.000000000000000000e+00
1.183410000000000073e+00,-6.126999999999999807e-02,-7.195869085187463210e-02,2.000000000000000000e+00
1.183410000000000073e+00,-6.126999999999999807e-02,-7.195869085187463210e-02,2.000000000000000000e+00
1.208650000000000002e+00,-6.511000000000000121e-02,-7.531375239435841862e-02,2.000000000000000000e+00
1.208650000000000002e+00,-6.511000000000000121e-02,-7.531375239435841862e-02,2.000000000000000000e+00
1.226329999999999920e+00,-6.668000000000000316e-02,-7.886157307082666823e-02,2.000000000000000000e+00
1.227740000000000054e+00,-6.679999999999999827e-02,-7.915437873433503468e-02,2.000000000000000000e+00
1.248480000000000034e+00,-6.830999999999999572e-02,-7.733263379762606027e-02,2.000000000000000000e+00
1.260999999999999899e+00,-6.979000000000000481e-02,-8.259461541940694984e-02,2.000000000000000000e+00
1.260999999999999899e+00,-6.979000000000000481e-02,-8.259461541940694984e-02,2.000000000000000000e+00
1.273109999999999964e+00,-7.087999999999999856e-02,-8.152957486895077988e-02,2.000000000000000000e+00
1.273109999999999964e+00,-7.087999999999999856e-02,-8.152957486895077988e-02,2.000000000000000000e+00
1.294510000000000050e+00,-7.248000000000000276e-02,-8.444930397532254829e-02,2.000000000000000000e+00
1.312599999999999989e+00,-7.391000000000000347e-02,-8.566827027274899475e-02,2.000000000000000000e+00
1.312599999999999989e+00,-7.391000000000000347e-02,-8.566827027274899475e-02,2.000000000000000000e+00
1.330189999999999984e+00,-7.537000000000000643e-02,-8.612631308122910279e-02,2.000000000000000000e+00
1.343239999999999990e+00,-7.642000000000000182e-02,-8.451845118751775965e-02,2.000000000000000000e+00
1.343239999999999990e+00,-7.642000000000000182e-02,-8.451845118751775965e-02,2.000000000000000000e+00
1.355629999999999891e+00,-7.745000000000000495e-02,-8.235784353789284140e-02,2.000000000000000000e+00
1.355629999999999891e+00,-7.745000000000000495e-02,-8.235784353789284140e-02,2.000000000000000000e+00
1.378659999999999997e+00,-7.929999999999999549e-02,-8.277305615082319878e-02,2.000000000000000000e+00
1.391860000000000097e+00,-8.068999999999999784e-02,-8.389213378912124819e-02,2.000000000000000000e+00
1.391860000000000097e+00,-8.068999999999999784e-02,-8.389213378912124819e-02,2.000000000000000000e+00
1.409950000000000037e+00,-8.282000000000000473e-02,-8.223492117583103278e-02,2.000000000000000000e+00
1.409950000000000037e+00,-8.282000000000000473e-02,-8.223492117583103278e-02,2.000000000000000000e+00
1.427829999999999933e+00,-8.483000000000000262e-02,-8.514239216183790149e-02,2.000000000000000000e+00
1.429310000000000080e+00,-8.500000000000000611e-02,-8.541662072211914092e-02,2.000000000000000000e+00
1.440849999999999964e+00,-8.590000000000000413e-02,-8.378674744918672423e-02,2.000000000000000000e+00
1.458399999999999919e+00,-8.749999999999999445e-02,-8.658132024987405528e-02,2.000000000000000000e+00
1.458399999999999919e+00,-8.749999999999999445e-02,-8.658132024987405528e-02,2.000000000000000000e+00
1.477370000000000072e+00,-8.912000000000000477e-02,-8.719038905329140610e-02,2.000000000000000000e+00
1.477370000000000072e+00,-8.912000000000000477e-02,-8.719038905329140610e-02,2.000000000000000000e+00
1.489670000000000050e+00,-9.066000000000000447e-02,-9.092429415028466244e-02,2.000000000000000000e+00
1.501880000000000104e+00,-9.199999999999999845e-02,-9.189514817925219237e-02,2.000000000000000000e+00
1.501880000000000104e+00,-9.199999999999999845e-02,-9.189514817925219237e-02,2.000000000000000000e+00
1.525570000000000093e+00,-9.306999999999999995e-02,-9.282553792635328538e-02,2.000000000000000000e+00
1.525570000000000093e+00,-9.306999999999999995e-02,-9.282553792635328538e-02,2.000000000000000000e+00
1.550699999999999967e+00,-9.458999999999999353e-02,-9.640071157033169857e-02,2.000000000000000000e+00
1.552990000000000093e+00,-9.474000000000000477e-02,-9.674991930937872076e-02,2.000000000000000000e+00
1.558939999999999992e+00,-9.546000000000000318e-02,-9.478905679093099779e-02,2.000000000000000000e+00
1.571059999999999901e+00,-9.671000000000000429e-02,-9.507295100011041444e-02,2.000000000000000000e+00
1.571059999999999901e+00,-9.671000000000000429e-02,-9.507295100011041444e-02,2.000000000000000000e+00
1.591050000000000075e+00,-9.855999999999999484e-02,-9.056757869421021290e-02,2.000000000000000000e+00
1.591050000000000075e+00,-9.855999999999999484e-02,-9.056757869421021290e-02,2.000000000000000000e+00
1.609750000000000014e+00,-1.002699999999999980e-01,-9.560102833876160666e-02,2.000000000000000000e+00
1.630279999999999951e+00,-1.027200000000000057e-01,-9.194860699022222583e-02,2.000000000000000000e+00
1.630279999999999951e+00,-1.027200000000000057e-01,-9.194860699022222583e-02,2.000000000000000000e+00
1.643089999999999939e+00,-1.044299999999999951e-01,-9.538742985250524276e-02,2.000000000000000000e+00
1.643089999999999939e+00,-1.044299999999999951e-01,-9.538742985250524276e-02,2.000000000000000000e+00
1.648369999999999891e+00,-1.056799999999999962e-01,-1.016120565475987919e-01,2.000000000000000000e+00
1.648369999999999891e+00,-1.056799999999999962e-01,-1.016120565475987919e-01,2.000000000000000000e+00
1.674700000000000077e+00,-1.082499999999999990e-01,-9.763221872542511559e-02,2.000000000000000000e+00
1.695629999999999971e+00,-1.102899999999999991e-01,-1.007320944580962913e-01,2.000000000000000000e+00
1.695629999999999971e+00,-1.102899999999999991e-01,-1.007320944580962913e-01,2.000000000000000000e+00
1.695629999999999971e+00,-1.102899999999999991e-01,-1.007320944580962913e-01,2.000000000000000000e+00
1.695629999999999971e+00,-1.102899999999999991e-01,-1.007320944580962913e-01,2.000000000000000000e+00
1.727789999999999937e+00,-1.139199999999999935e-01,-1.052133596200670318e-01,2.000000000000000000e+00
1.735540000000000083e+00,-1.153099999999999958e-01,-1.036175661971514839e-01,2.000000000000000000e+00
1.735540000000000083e+00,-1.153099999999999958e-01,-1.036175661971514839e-01,2.000000000000000000e+00
1.761309999999999931e+00,-1.179800000000000015e-01,-1.101061708260706734e-01,2.000000000000000000e+00
1.761309999999999931e+00,-1.179800000000000015e-01,-1.101061708260706734e-01,2.000000000000000000e+00
1.768089999999999939e+00,-1.185599999999999987e-01,-1.138311000769400699e-01,2.000000000000000000e+00
1.788769999999999971e+00,-1.209299999999999958e-01,-1.095537697646573605e-01,2.000000000000000000e+00
1.788769999999999971e+00,-1.209299999999999958e-01,-1.095537697646573605e-01,2.000000000000000000e+00
1.810159999999999991e+00,-1.233199999999999991e-01,-1.097059104038099892e-01,2.000000000000000000e+00
1.810159999999999991e+00,-1.233199999999999991e-01,-1.097059104038099892e-01,2.000000000000000000e+00
1.817299999999999915e+00,-1.245499999999999940e-01,-1.105647775631865420e-01,2.000000000000000000e+00
1.817299999999999915e+00,-1.245499999999999940e-01,-1.105647775631865420e-01,2.000000000000000000e+00
1.838209999999999900e+00,-1.267300000000000093e-01,-1.080198939482907156e-01,2.000000000000000000e+00
1.860069999999999890e+00,-1.293700000000000128e-01,-1.091548334610613069e-01,2.000000000000000000e+00
1.860069999999999890e+00,-1.293700000000000128e-01,-1.091548334610613069e-01,2.000000000000000000e+00
1.874579999999999913e+00,-1.317200000000000037e-01,-1.074248591409062981e-01,2.000000000000000000e+00
1.874579999999999913e+00,-1.317200000000000037e-01,-1.074248591409062981e-01,2.000000000000000000e+00
1.894840000000000080e+00,-1.358900000000000108e-01,-1.139919430849771209e-01,2.000000000000000000e+00
1.894840000000000080e+00,-1.358900000000000108e-01,-1.139919430849771209e-01,2.000000000000000000e+00
1.924800000000000066e+00,-1.389700000000000102e-01,-1.155123503751533665e-01,2.000000000000000000e+00
1.932560000000000056e+00,-1.402799999999999880e-01,-1.163997750662368325e-01,2.000000000000000000e+00
1.932560000000000056e+00,-1.402799999999999880e-01,-1.163997750662368325e-01,2.000000000000000000e+00
1.933070000000000066e+00,-1.403800000000000048e-01,-1.164775029616240409e-01,2.000000000000000000e+00
1.952730000000000077e+00,-1.430400000000000005e-01,-1.168604863022530416e-01,2.000000000000000000e+00
1.972369999999999957e+00,-1.445299999999999918e-01,-1.185652652676999486e-01,2.000000000000000000e+00
1.972369999999999957e+00,-1.445299999999999918e-01,-1.185652652676999486e-01,2.000000000000000000e+00
1.985440000000000094e+00,-1.462499999999999911e-01,-1.223336274627666309e-01,2.000000000000000000e+00
1.985440000000000094e+00,-1.462499999999999911e-01,-1.223336274627666309e-01,2.000000000000000000e+00
1.989999999999999991e+00,-1.465599999999999958e-01,-1.229134230881390871e-01,2.000000000000000000e+00
1.990220000000000100e+00,-1.465700000000000058e-01,-1.229324809514564243e-01,2.000000000000000000e+00
2.002619999999999845e+00,-1.487700000000000133e-01,-1.236135631867401746e-01,2.000000000000000000e+00
2.002619999999999845e+00,-1.487700000000000133e-01,-1.236135631867401746e-01,2.000000000000000000e+00
2.004890000000000061e+00,-1.484000000000000041e-01,-1.238355909626498302e-01,2.000000000000000000e+00
2.016640000000000210e+00,-1.496399999999999952e-01,-1.210216543010589896e-01,2.000000000000000000e+00
2.017440000000000122e+00,-1.497300000000000020e-01,-1.208257715138268407e-01,2.000000000000000000e+00
2.027699999999999836e+00,-1.507400000000000129e-01,-1.212496211986938688e-01,2.000000000000000000e+00
2.030149999999999899e+00,-1.513400000000000023e-01,-1.211100519962570871e-01,2.000000000000000000e+00
2.030149999999999899e+00,-1.513400000000000023e-01,-1.211100519962570871e-01,2.000000000000000000e+00
2.030279999999999863e+00,-1.513700000000000045e-01,-1.210975158358614800e-01,2.000000000000000000e+00
2.030279999999999863e+00,-1.513700000000000045e-01,-1.210975158358614800e-01,2.000000000000000000e+00
2.032500000000000195e+00,-1.519500000000000017e-01,-1.188512399918701112e-01,2.000000000000000000e+00
2.033819999999999961e+00,-1.524300000000000099e-01,-1.184055677586111910e-01,2.000000000000000000e+00
2.042730000000000157e+00,-1.532699999999999896e-01,-1.217129740014457756e-01,2.000000000000000000e+00
2.043779999999999930e+00,-1.535199999999999898e-01,-1.191404917488353143e-01,2.000000000000000000e+00
2.043779999999999930e+00,-1.535199999999999898e-01,-1.191404917488353143e-01,2.000000000000000000e+00
2.043779999999999930e+00,-1.535199999999999898e-01,-1.191404917488353143e-01,2.000000000000000000e+00
2.042749999999999844e+00,-1.535600000000000021e-01,-1.217732836817790043e-01,2.000000000000000000e+00
2.050850000000000062e+00,-1.541399999999999992e-01,-1.218930297166675863e-01,2.000000000000000000e+00
2.041990000000000194e+00,-1.533899999999999986e-01,-1.247315796093402679e-01,2.000000000000000000e+00
2.041430000000000078e+00,-1.530299999999999994e-01,-1.248533696697836648e-01,2.000000000000000000e+00
2.041430000000000078e+00,-1.530299999999999994e-01,-1.248533696697836648e-01,2.000000000000000000e+00
2.042279999999999873e+00,-1.530100000000000071e-01,-1.218971299717577506e-01,2.000000000000000000e+00
2.042229999999999990e+00,-1.529899999999999871e-01,-1.216540083841922831e-01,2.000000000000000000e+00
2.042229999999999990e+00,-1.529899999999999871e-01,-1.216540083841922831e-01,2.000000000000000000e+00
2.042229999999999990e+00,-1.529899999999999871e-01,-1.216540083841922831e-01,2.000000000000000000e+00
2.042229999999999990e+00,-1.529899999999999871e-01,-1.216540083841922831e-01,2.000000000000000000e+00
2.042229999999999990e+00,-1.529899999999999871e-01,-1.216540083841922831e-01,2.000000000000000000e+00
2.042229999999999990e+00,-1.529899999999999871e-01,-1.216540083841922831e-01,2.000000000000000000e+00
2.042229999999999990e+00,-1.529899999999999871e-01,-1.216535987793114088e-01,2.000000000000000000e+00
2.033360000000000056e+00,-1.524500000000000022e-01,-1.215513497003194721e-01,2.000000000000000000e+00
2.041510000000000158e+00,-1.531000000000000139e-01,-1.219361916251654326e-01,2.000000000000000000e+00
2.041510000000000158e+00,-1.531000000000000139e-01,-1.219361916251654326e-01,2.000000000000000000e+00
2.041510000000000158e+00,-1.531000000000000139e-01,-1.219361916251654326e-01,2.000000000000000000e+00
2.042139999999999844e+00,-1.531500000000000083e-01,-1.219655893200631697e-01,2.000000000000000000e+00
2.042139999999999844e+00,-1.531500000000000083e-01,-1.219655893200631697e-01,2.000000000000000000e+00
2.042139999999999844e+00,-1.531500000000000083e-01,-1.219655893200631697e-01,2.000000000000000000e+00
2.042139999999999844e+00,-1.531500000000000083e-01,-1.219655893200631697e-01,2.000000000000000000e+00
2.050499999999999989e+00,-1.539600000000000135e-01,-1.220897001646158858e-01,2.000000000000000000e+00
2.041519999999999779e+00,-1.530199999999999894e-01,-1.245509960338453265e-01,2.000000000000000000e+00
2.042089999999999961e+00,-1.531599999999999906e-01,-1.222361988814584799e-01,2.000000000000000000e+00
2.900000000000000017e-04,-1.000000000000000082e-05,0.000000000000000000e+00,2.000000000000000000e+00
-1.180000000000000059e-03,1.200000000000000030e-04,-1.819629684475770458e-03,2.000000000000000000e+00
-6.999999999999999387e-05,1.000000000000000048e-04,-1.482232504822434066e-05,2.000000000000000000e+00
-6.999999999999999387e-05,1.000000000000000048e-04,-1.482232504822434066e-05,2.000000000000000000e+00
2.700000000000000035e-04,0.000000000000000000e+00,1.032011334502972843e-05,2.000000000000000000e+00
2.700000000000000035e-04,0.000000000000000000e+00,1.032011334502972843e-05,2.000000000000000000e+00
-7.200000000000000453e-04,1.800000000000000113e-04,-4.086059086666676615e-04,2.000000000000000000e+00
-7.200000000000000453e-04,1.800000000000000113e-04,-4.086059086666676615e-04,2.000000000000000000e+00
2.000000000000000096e-04,-1.399999999999999877e-04,-1.089158207569348113e-04,2.000000000000000000e+00
2.000000000000000096e-04,-1.399999999999999877e-04,-1.089158207569348113e-04,2.000000000000000000e+00
3.499999999999999964e-04,-4.000000000000000327e-05,-1.477920204659560321e-03,2.000000000000000000e+00
3.499999999999999964e-04,-3.000000000000000076e-05,-1.607463293558995636e-03,2.000000000000000000e+00
1.190000000000000085e-03,-8.000000000000000654e-05,4.048498718612238275e-04,2.000000000000000000e+00
4.299999999999999894e-04,-1.700000000000000122e-04,2.918651135782554008e-04,2.000000000000000000e+00
4.299999999999999894e-04,-1.700000000000000122e-04,2.918651135782554008e-04,2.000000000000000000e+00
9.700000000000000505e-04,2.900000000000000017e-04,-9.564847665988081542e-04,2.000000000000000000e+00
9.700000000000000505e-04,2.900000000000000017e-04,-9.564847665988081542e-04,2.000000000000000000e+00
3.500000000000000073e-03,5.800000000000000034e-04,-1.422390548432563516e-04,2.000000000000000000e+00
3.650000000000000033e-03,5.900000000000000296e-04,-8.297879101304837433e-05,2.000000000000000000e+00
1.314000000000000064e-02,1.100000000000000066e-03,-1.139912609322404956e-04,2.000000000000000000e+00
2.331000000000000086e-02,7.399999999999999894e-04,-7.152243468536787895e-04,2.000000000000000000e+00
2.331000000000000086e-02,7.399999999999999894e-04,-7.152243468536787895e-04,2.000000000000000000e+00
2.954000000000000029e-02,9.100000000000000016e-04,-1.465934478792862245e-03,2.000000000000000000e+00
2.954000000000000029e-02,9.100000000000000016e-04,-1.465934478792862245e-03,2.000000000000000000e+00
2.954000000000000029e-02,9.100000000000000016e-04,-1.465934478792862245e-03,2.000000000000000000e+00
3.937999999999999834e-02,5.900000000000000296e-04,-4.941519167102764037e-03,2.000000000000000000e+00
4.753999999999999893e-02,8.599999999999999789e-04,-7.865894194171203432e-03,2.000000000000000000e+00
4.832000000000000184e-02,8.899999999999999491e-04,-8.141979883207837304e-03,2.000000000000000000e+00
6.221999999999999753e-02,2.599999999999999772e-04,-5.824637981644298530e-03,2.000000000000000000e+00
7.457999999999999352e-02,-2.799999999999999755e-04,-7.733014197067403055e-03,2.000000000000000000e+00
7.457999999999999352e-02,-2.799999999999999755e-04,-7.733014197067403055e-03,2.000000000000000000e+00
8.383000000000000174e-02,-5.000000000000000104e-04,-1.061761259955970073e-02,2.000000000000000000e+00
8.383000000000000174e-02,-5.000000000000000104e-04,-1.061761259955970073e-02,2.000000000000000000e+00
9.979999999999999982e-02,-1.209999999999999921e-03,-1.267233444913349813e-02,2.000000000000000000e+00
1.010400000000000048e-01,-1.260000000000000052e-03,-1.281978654767392152e-02,2.000000000000000000e+00
1.115099999999999980e-01,-1.680000000000000070e-03,-1.632184977483773156e-02,2.000000000000000000e+00
1.274099999999999955e-01,-2.449999999999999921e-03,-1.884936783770068888e-02,2.000000000000000000e+00
1.274099999999999955e-01,-2.449999999999999921e-03,-1.884936783770068888e-02,2.000000000000000000e+00
1.423300000000000121e-01,-3.330000000000000061e-03,-2.275000771902748256e-02,2.000000000000000000e+00
1.423300000000000121e-01,-3.330000000000000061e-03,-2.275000771902748256e-02,2.000000000000000000e+00
1.556400000000000006e-01,-4.060000000000000241e-03,-2.549486067394203526e-02,2.000000000000000000e+00
1.707400000000000029e-01,-4.610000000000000382e-03,-2.988890954355469948e-02,2.000000000000000000e+00
1.707400000000000029e-01,-4.610000000000000382e-03,-2.988890954355469948e-02,2.000000000000000000e+00
1.721100000000000130e-01,-4.669999999999999672e-03,-3.029507088596601963e-02,2.000000000000000000e+00
1.721100000000000130e-01,-4.669999999999999672e-03,-3.029507088596601963e-02,2.000000000000000000e+00
1.942500000000000060e-01,-7.400000000000000328e-03,-3.526223977937080478e-02,2.000000000000000000e+00
2.101999999999999980e-01,-8.210000000000000284e-03,-3.515256649276689987e-02,2.000000000000000000e+00
2.230199999999999960e-01,-8.540000000000000716e-03,-3.594045472071116104e-02,2.000000000000000000e+00
2.230199999999999960e-01,-8.540000000000000716e-03,-3.594045472071116104e-02,2.000000000000000000e+00
2.427900000000000058e-01,-8.909999999999999518e-03,-3.776210579153130992e-02,2.000000000000000000e+00
2.578699999999999881e-01,-9.490000000000000172e-03,-3.815116962263521289e-02,2.000000000000000000e+00
2.578699999999999881e-01,-9.490000000000000172e-03,-3.815116962263521289e-02,2.000000000000000000e+00
2.724300000000000055e-01,-1.021000000000000033e-02,-4.080296745787354018e-02,2.000000000000000000e+00
2.886000000000000232e-01,-1.131000000000000061e-02,-4.522900688756533588e-02,2.000000000000000000e+00
2.886000000000000232e-01,-1.131000000000000061e-02,-4.522900688756533588e-02,2.000000000000000000e+00
3.034299999999999775e-01,-1.226000000000000006e-02,-4.670305461017130316e-02,2.000000000000000000e+00
3.034299999999999775e-01,-1.226000000000000006e-02,-4.670305461017130316e-02,2.000000000000000000e+00
3.047300000000000009e-01,-1.234000000000000027e-02,-4.680635755058799169e-02,2.000000000000000000e+00
3.372600000000000042e-01,-1.468000000000000034e-02,-5.239181275597316889e-02,2.000000000000000000e+00
3.372600000000000042e-01,-1.468000000000000034e-02,-5.239181275597316889e-02,2.000000000000000000e+00
3.387000000000000011e-01,-1.481999999999999984e-02,-5.276596681749960716e-02,2.000000000000000000e+00
3.525800000000000045e-01,-1.611999999999999891e-02,-5.330221638452892208e-02,2.000000000000000000e+00
3.657000000000000250e-01,-1.718000000000000083e-02,-5.672229993278071758e-02,2.000000000000000000e+00
3.666699999999999959e-01,-1.727000000000000063e-02,-5.699670035889400216e-02,2.000000000000000000e+00
3.925899999999999945e-01,-1.779000000000000026e-02,-6.048172757002993893e-02,2.000000000000000000e+00
4.066699999999999759e-01,-1.858999999999999889e-02,-6.324320735572017127e-02,2.000000000000000000e+00
4.066699999999999759e-01,-1.858999999999999889e-02,-6.324320735572017127e-02,2.000000000000000000e+00
4.077100000000000168e-01,-1.865999999999999950e-02,-6.345864808596826667e-02,2.000000000000000000e+00
4.238899999999999890e-01,-1.994999999999999898e-02,-6.301535464837998424e-02,2.000000000000000000e+00
4.417300000000000115e-01,-2.130999999999999908e-02,-6.590658612071224887e-02,2.000000000000000000e+00
4.417300000000000115e-01,-2.130999999999999908e-02,-6.590658612071224887e-02,2.000000000000000000e+00
4.533099999999999907e-01,-2.205999999999999975e-02,-6.466161282804816501e-02,2.000000000000000000e+00
4.729800000000000115e-01,-2.258999999999999897e-02,-7.075653636862931639e-02,2.000000000000000000e+00
4.729800000000000115e-01,-2.258999999999999897e-02,-7.075653636862931639e-02,2.000000000000000000e+00
4.912900000000000045e-01,-2.418999999999999970e-02,-6.984368479087382786e-02,2.000000000000000000e+00
4.912900000000000045e-01,-2.418999999999999970e-02,-6.984368479087382786e-02,2.000000000000000000e+00
5.024199999999999777e-01,-2.517000000000000140e-02,-7.277932818109039692e-02,2.000000000000000000e+00
5.199300000000000033e-01,-2.685999999999999846e-02,-7.824392770450395995e-02,2.000000000000000000e+00
5.199300000000000033e-01,-2.685999999999999846e-02,-7.824392770450395995e-02,2.000000000000000000e+00
5.336499999999999577e-01,-2.829999999999999877e-02,-8.149295692736129026e-02,2.000000000000000000e+00
5.336499999999999577e-01,-2.829999999999999877e-02,-8.149295692736129026e-02,2.000000000000000000e+00
5.493900000000000450e-01,-2.955999999999999947e-02,-8.097825616587764341e-02,2.000000000000000000e+00
5.678900000000000059e-01,-3.187000000000000249e-02,-8.346566012814826685e-02,2.000000000000000000e+00
5.678900000000000059e-01,-3.187000000000000249e-02,-8.346566012814826685e-02,2.000000000000000000e+00
5.842199999999999616e-01,-3.377999999999999753e-02,-8.514185950611043163e-02,2.000000000000000000e+00
5.842199999999999616e-01,-3.377999999999999753e-02,-8.514185950611043163e-02,2.000000000000000000e+00
5.981600000000000250e-01,-3.547000000000000153e-02,-8.599050888685064176e-02,2.000000000000000000e+00
5.981600000000000250e-01,-3.547000000000000153e-02,-8.599050888685064176e-02,2.000000000000000000e+00
6.141699999999999937e-01,-3.722999999999999921e-02,-8.983857047945351115e-02,2.000000000000000000e+00
6.155100000000000016e-01,-3.737999999999999656e-02,-9.017948004312592580e-02,2.000000000000000000e+00
6.277800000000000047e-01,-3.860000000000000236e-02,-9.265249684130948127e-02,2.000000000000000000e+00
6.473200000000000065e-01,-4.073999999999999844e-02,-9.631040962136680483e-02,2.000000000000000000e+00
6.473200000000000065e-01,-4.073999999999999844e-02,-9.631040962136680483e-02,2.000000000000000000e+00
6.641399999999999526e-01,-4.216999999999999915e-02,-9.563692896359118900e-02,2.000000000000000000e+00
6.782099999999999795e-01,-4.338000000000000189e-02,-9.827944699432909770e-02,2.000000000000000000e+00
6.782099999999999795e-01,-4.338000000000000189e-02,-9.827944699432909770e-02,2.000000000000000000e+00
6.950499999999999456e-01,-4.474000000000000199e-02,-9.933943962870664390e-02,2.000000000000000000e+00
6.950499999999999456e-01,-4.474000000000000199e-02,-9.933943962870664390e-02,2.000000000000000000e+00
7.092899999999999761e-01,-4.632000000000000006e-02,-1.024542535047484604e-01,2.000000000000000000e+00
7.092899999999999761e-01,-4.632000000000000006e-02,-1.024542535047484604e-01,2.000000000000000000e+00
7.255500000000000282e-01,-4.816000000000000142e-02,-1.059344429388171527e-01,2.000000000000000000e+00
7.397700000000000387e-01,-5.009000000000000258e-02,-1.075129869971417074e-01,2.000000000000000000e+00
7.397700000000000387e-01,-5.009000000000000258e-02,-1.075129869971417074e-01,2.000000000000000000e+00
7.636100000000000110e-01,-5.476999999999999924e-02,-1.075212344007268200e-01,2.000000000000000000e+00
7.636100000000000110e-01,-5.476999999999999924e-02,-1.075212344007268200e-01,2.000000000000000000e+00
7.821299999999999919e-01,-5.781000000000000028e-02,-1.090577666951714209e-01,2.000000000000000000e+00
7.821299999999999919e-01,-5.781000000000000028e-02,-1.090577666951714209e-01,2.000000000000000000e+00
7.963900000000000423e-01,-5.977999999999999980e-02,-1.120776208516005984e-01,2.000000000000000000e+00
8.138600000000000279e-01,-6.217999999999999916e-02,-1.156461430541075724e-01,2.000000000000000000e+00
8.138600000000000279e-01,-6.217999999999999916e-02,-1.156461430541075724e-01,2.000000000000000000e+00
8.282399999999999762e-01,-6.446999999999999953e-02,-1.176279520694308717e-01,2.000000000000000000e+00
8.282399999999999762e-01,-6.446999999999999953e-02,-1.176279520694308717e-01,2.000000000000000000e+00
8.282399999999999762e-01,-6.446999999999999953e-02,-1.176279520694308717e-01,2.000000000000000000e+00
8.295099999999999696e-01,-6.468000000000000138e-02,-1.177922346222207428e-01,2.000000000000000000e+00
8.684199999999999697e-01,-6.783999999999999753e-02,-1.234840979002068267e-01,2.000000000000000000e+00
8.684199999999999697e-01,-6.783999999999999753e-02,-1.234840979002068267e-01,2.000000000000000000e+00
8.684199999999999697e-01,-6.783999999999999753e-02,-1.234840979002068267e-01,2.000000000000000000e+00
8.684199999999999697e-01,-6.783999999999999753e-02,-1.234840979002068267e-01,2.000000000000000000e+00
9.016499999999999515e-01,-7.184000000000000108e-02,-1.283992640223705906e-01,2.000000000000000000e+00
9.169100000000000028e-01,-7.346999999999999365e-02,-1.290372104469615089e-01,2.000000000000000000e+00
9.350100000000000078e-01,-7.592999999999999750e-02,-1.283531679419164795e-01,2.000000000000000000e+00
9.350100000000000078e-01,-7.592999999999999750e-02,-1.283531679419164795e-01,2.000000000000000000e+00
9.465299999999999825e-01,-7.785999999999999865e-02,-1.338065022960552297e-01,2.000000000000000000e+00
9.465299999999999825e-01,-7.785999999999999865e-02,-1.338065022960552297e-01,2.000000000000000000e+00
9.654300000000000104e-01,-8.074000000000000621e-02,-1.337064298791631745e-01,2.000000000000000000e+00
9.670400000000000107e-01,-8.097000000000000031e-02,-1.336475300448310144e-01,2.000000000000000000e+00
9.806899999999999507e-01,-8.308000000000000107e-02,-1.370134565860658127e-01,2.000000000000000000e+00
9.923300000000000454e-01,-8.498999999999999611e-02,-1.364178741621910051e-01,2.000000000000000000e+00
9.923300000000000454e-01,-8.498999999999999611e-02,-1.364178741621910051e-01,2.000000000000000000e+00
1.011109999999999953e+00,-8.838999999999999635e-02,-1.376773189932870012e-01,2.000000000000000000e+00
1.011109999999999953e+00,-8.838999999999999635e-02,-1.376773189932870012e-01,2.000000000000000000e+00
1.026310000000000056e+00,-9.117000000000000104e-02,-1.414642367901006448e-01,2.000000000000000000e+00
1.027590000000000003e+00,-9.141000000000000514e-02,-1.418123985048112268e-01,2.000000000000000000e+00
1.041579999999999950e+00,-9.382000000000000062e-02,-1.450057935068055359e-01,2.000000000000000000e+00
1.060869999999999980e+00,-9.687999999999999390e-02,-1.494372469000198045e-01,2.000000000000000000e+00
1.060869999999999980e+00,-9.687999999999999390e-02,-1.494372469000198045e-01,2.000000000000000000e+00
1.076160000000000005e+00,-9.950000000000000511e-02,-1.531687951207174325e-01,2.000000000000000000e+00
1.076160000000000005e+00,-9.950000000000000511e-02,-1.531687951207174325e-01,2.000000000000000000e+00
1.096260000000000012e+00,-1.028799999999999992e-01,-1.555600243954016471e-01,2.000000000000000000e+00
1.097879999999999967e+00,-1.031500000000000056e-01,-1.557373530586133592e-01,2.000000000000000000e+00
1.104260000000000019e+00,-1.045999999999999985e-01,-1.542243077399939322e-01,2.000000000000000000e+00
1.123930000000000096e+00,-1.070799999999999946e-01,-1.574786761831268589e-01,2.000000000000000000e+00
1.123930000000000096e+00,-1.070799999999999946e-01,-1.574786761831268589e-01,2.000000000000000000e+00
1.139760000000000106e+00,-1.095099999999999962e-01,-1.613298713268069562e-01,2.000000000000000000e+00
1.139760000000000106e+00,-1.095099999999999962e-01,-1.613298713268069562e-01,2.000000000000000000e+00
1.156449999999999978e+00,-1.121100000000000013e-01,-1.607521650222684950e-01,2.000000000000000000e+00
1.186150000000000038e+00,-1.189500000000000002e-01,-1.632964890945491354e-01,2.000000000000000000e+00
1.186150000000000038e+00,-1.189500000000000002e-01,-1.632964890945491354e-01,2.000000000000000000e+00
1.199289999999999967e+00,-1.218800000000000022e-01,-1.640658826815335203e-01,2.000000000000000000e+00
1.199289999999999967e+00,-1.218800000000000022e-01,-1.640658826815335203e-01,2.000000000000000000e+00
1.215789999999999926e+00,-1.247599999999999959e-01,-1.656853578044948094e-01,2.000000000000000000e+00
1.215789999999999926e+00,-1.247599999999999959e-01,-1.656853578044948094e-01,2.000000000000000000e+00
1.232359999999999900e+00,-1.282999999999999974e-01,-1.670597835698869604e-01,2.000000000000000000e+00
1.248539999999999983e+00,-1.313400000000000123e-01,-1.711561711728058766e-01,2.000000000000000000e+00
1.248539999999999983e+00,-1.313400000000000123e-01,-1.711561711728058766e-01,2.000000000000000000e+00
1.265130000000000088e+00,-1.345600000000000129e-01,-1.725282861233353449e-01,2.000000000000000000e+00
1.265130000000000088e+00,-1.345600000000000129e-01,-1.725282861233353449e-01,2.000000000000000000e+00
1.286419999999999897e+00,-1.371499999999999941e-01,-1.801784921432518505e-01,2.000000000000000000e+00
1.286419999999999897e+00,-1.371499999999999941e-01,-1.801784921432518505e-01,2.000000000000000000e+00
1.298720000000000097e+00,-1.397100000000000009e-01,-1.820698804224702150e-01,2.000000000000000000e+00
1.299749999999999961e+00,-1.399400000000000088e-01,-1.821915313462806330e-01,2.000000000000000000e+00
1.320990000000000109e+00,-1.434999999999999887e-01,-1.834909372858127830e-01,2.000000000000000000e+00
1.334170000000000078e+00,-1.461999999999999966e-01,-1.825609756724326238e-01,2.000000000000000000e+00
1.334170000000000078e+00,-1.461999999999999966e-01,-1.825609756724326238e-01,2.000000000000000000e+00
1.334170000000000078e+00,-1.461999999999999966e-01,-1.825609756724326238e-01,2.000000000000000000e+00
1.351709999999999967e+00,-1.489000000000000046e-01,-1.833928577776122448e-01,2.000000000000000000e+00
1.368870000000000031e+00,-1.518400000000000027e-01,-1.847744617216208474e-01,2.000000000000000000e+00
1.370449999999999946e+00,-1.521200000000000052e-01,-1.849046808806099895e-01,2.000000000000000000e+00
1.380370000000000097e+00,-1.541700000000000015e-01,-1.883051526465945869e-01,2.000000000000000000e+00
1.381199999999999983e+00,-1.543400000000000050e-01,-1.885880483728372414e-01,2.000000000000000000e+00
1.397389999999999910e+00,-1.574000000000000121e-01,-1.900064497293091070e-01,2.000000000000000000e+00
1.410430000000000073e+00,-1.604500000000000093e-01,-1.894862642886949444e-01,2.000000000000000000e+00
1.410430000000000073e+00,-1.604500000000000093e-01,-1.894862642886949444e-01,2.000000000000000000e+00
1.433189999999999964e+00,-1.648199999999999943e-01,-1.905158096692037561e-01,2.000000000000000000e+00
1.435230000000000006e+00,-1.652000000000000135e-01,-1.906192179629879191e-01,2.000000000000000000e+00
1.446120000000000072e+00,-1.677700000000000025e-01,-1.922573162570289373e-01,2.000000000000000000e+00
1.462679999999999980e+00,-1.716000000000000025e-01,-1.960903169573317839e-01,2.000000000000000000e+00
1.462679999999999980e+00,-1.716000000000000025e-01,-1.960903169573317839e-01,2.000000000000000000e+00
1.475360000000000005e+00,-1.749499999999999944e-01,-1.974482443136970633e-01,2.000000000000000000e+00
1.476339999999999986e+00,-1.752100000000000046e-01,-1.975354519548405685e-01,2.000000000000000000e+00
1.491950000000000109e+00,-1.787999999999999867e-01,-2.020191206198254097e-01,2.000000000000000000e+00
1.509460000000000024e+00,-1.826699999999999990e-01,-2.065615592698396841e-01,2.000000000000000000e+00
1.509460000000000024e+00,-1.826699999999999990e-01,-2.065615592698396841e-01,2.000000000000000000e+00
1.521740000000000093e+00,-1.859399999999999942e-01,-2.076678963872684580e-01,2.000000000000000000e+00
1.521740000000000093e+00,-1.859399999999999942e-01,-2.076678963872684580e-01,2.000000000000000000e+00
1.551679999999999948e+00,-1.939200000000000090e-01,-2.108043749023792435e-01,2.000000000000000000e+00
1.554440000000000044e+00,-1.946599999999999997e-01,-2.110965499033437831e-01,2.000000000000000000e+00
1.566729999999999956e+00,-1.973699999999999899e-01,-2.097488823480482545e-01,2.000000000000000000e+00
1.578359999999999985e+00,-2.003099999999999881e-01,-2.135855544656857508e-01,2.000000000000000000e+00
1.578359999999999985e+00,-2.003099999999999881e-01,-2.135855544656857508e-01,2.000000000000000000e+00
1.590700000000000003e+00,-2.033800000000000052e-01,-2.153394487711629834e-01,2.000000000000000000e+00
1.590700000000000003e+00,-2.033800000000000052e-01,-2.153394487711629834e-01,2.000000000000000000e+00
1.615050000000000097e+00,-2.081699999999999939e-01,-2.172726630444739848e-01,2.000000000000000000e+00
1.617329999999999934e+00,-2.086199999999999999e-01,-2.174505458529059077e-01,2.000000000000000000e+00
1.628470000000000084e+00,-2.102600000000000025e-01,-2.160642132170097207e-01,2.000000000000000000e+00
1.628470000000000084e+00,-2.102600000000000025e-01,-2.160642132170097207e-01,2.000000000000000000e+00
1.652789999999999981e+00,-2.151899999999999924e-01,-2.209101999893367252e-01,2.000000000000000000e+00
1.660970000000000057e+00,-2.181899999999999951e-01,-2.195920279157991817e-01,2.000000000000000000e+00
1.660970000000000057e+00,-2.181899999999999951e-01,-2.195920279157991817e-01,2.000000000000000000e+00
1.685869999999999980e+00,-2.239099999999999979e-01,-2.215610058341380417e-01,2.000000000000000000e+00
1.685869999999999980e+00,-2.239099999999999979e-01,-2.215610058341380417e-01,2.000000000000000000e+00
1.685869999999999980e+00,-2.239099999999999979e-01,-2.215610058341380417e-01,2.000000000000000000e+00
1.718269999999999964e+00,-2.323900000000000132e-01,-2.249793461275277073e-01,2.000000000000000000e+00
1.718269999999999964e+00,-2.323900000000000132e-01,-2.249793461275277073e-01,2.000000000000000000e+00
1.729600000000000026e+00,-2.359300000000000008e-01,-2.317154371610043451e-01,2.000000000000000000e+00
1.729600000000000026e+00,-2.359300000000000008e-01,-2.317154371610043451e-01,2.000000000000000000e+00
1.740969999999999906e+00,-2.394300000000000039e-01,-2.361540198199887641e-01,2.000000000000000000e+00
1.740969999999999906e+00,-2.394300000000000039e-01,-2.361540198199887641e-01,2.000000000000000000e+00
1.740969999999999906e+00,-2.394300000000000039e-01,-2.361540198199887641e-01,2.000000000000000000e+00
1.741980000000000084e+00,-2.397400000000000087e-01,-2.365189261397624698e-01,2.000000000000000000e+00
1.781819999999999959e+00,-2.487199999999999966e-01,-2.373623766634958554e-01,2.000000000000000000e+00
1.789080000000000004e+00,-2.511300000000000199e-01,-2.381035039719217317e-01,2.000000000000000000e+00
1.789080000000000004e+00,-2.511300000000000199e-01,-2.381035039719217317e-01,2.000000000000000000e+00
1.801549999999999985e+00,-2.545299999999999785e-01,-2.396826880835418450e-01,2.000000000000000000e+00
1.801549999999999985e+00,-2.545299999999999785e-01,-2.396826880835418450e-01,2.000000000000000000e+00
1.821930000000000049e+00,-2.592400000000000260e-01,-2.412770697490387029e-01,2.000000000000000000e+00
1.825299999999999923e+00,-2.619199999999999862e-01,-2.482107937483661320e-01,2.000000000000000000e+00
1.825299999999999923e+00,-2.619199999999999862e-01,-2.482107937483661320e-01,2.000000000000000000e+00
1.853350000000000053e+00,-2.677499999999999880e-01,-2.478054504356501098e-01,2.000000000000000000e+00
1.867599999999999927e+00,-2.718900000000000206e-01,-2.496550107651340777e-01,2.000000000000000000e+00
1.867599999999999927e+00,-2.718900000000000206e-01,-2.496550107651340777e-01,2.000000000000000000e+00
1.867599999999999927e+00,-2.718900000000000206e-01,-2.496550107651340777e-01,2.000000000000000000e+00
1.881240000000000023e+00,-2.760199999999999876e-01,-2.506369270078567801e-01,2.000000000000000000e+00
1.899909999999999988e+00,-2.811600000000000210e-01,-2.551769198883260259e-01,2.000000000000000000e+00
1.899909999999999988e+00,-2.811600000000000210e-01,-2.551769198883260259e-01,2.000000000000000000e+00
1.901599999999999957e+00,-2.816299999999999915e-01,-2.556036962508713706e-01,2.000000000000000000e+00
1.901599999999999957e+00,-2.816299999999999915e-01,-2.556036962508713706e-01,2.000000000000000000e+00
1.924549999999999983e+00,-2.893299999999999761e-01,-2.614883585701622826e-01,2.000000000000000000e+00
1.938260000000000094e+00,-2.931799999999999962e-01,-2.600986943478873492e-01,2.000000000000000000e+00
1.939459999999999962e+00,-2.935200000000000031e-01,-2.599450792193303550e-01,2.000000000000000000e+00
1.947149999999999936e+00,-2.960699999999999998e-01,-2.667800276675185711e-01,2.000000000000000000e+00
1.947149999999999936e+00,-2.960699999999999998e-01,-2.667800276675185711e-01,2.000000000000000000e+00
1.959179999999999922e+00,-2.990999999999999770e-01,-2.684650781720638868e-01,2.000000000000000000e+00
1.959179999999999922e+00,-2.990999999999999770e-01,-2.684650781720638868e-01,2.000000000000000000e+00
1.971629999999999994e+00,-3.039999999999999925e-01,-2.671140855580234619e-01,2.000000000000000000e+00
1.974750000000000005e+00,-3.054899999999999838e-01,-2.675789234032326380e-01,2.000000000000000000e+00
1.974750000000000005e+00,-3.054899999999999838e-01,-2.675789234032326380e-01,2.000000000000000000e+00
1.983179999999999943e+00,-3.072900000000000076e-01,-2.710040879174284156e-01,2.000000000000000000e+00
1.983970000000000011e+00,-3.074600000000000111e-01,-2.713272790597846540e-01,2.000000000000000000e+00
1.994639999999999969e+00,-3.096700000000000008e-01,-2.697654949571234861e-01,2.000000000000000000e+00
1.997069999999999901e+00,-3.103000000000000203e-01,-2.692950895675653711e-01,2.000000000000000000e+00
1.997209999999999930e+00,-3.103400000000000047e-01,-2.692648234263449458e-01,2.000000000000000000e+00
1.998390000000000111e+00,-3.105600000000000027e-01,-2.696867107191167068e-01,2.000000000000000000e+00
2.008519999999999861e+00,-3.123199999999999865e-01,-2.672803347616211078e-01,2.000000000000000000e+00
2.008519999999999861e+00,-3.123199999999999865e-01,-2.672803347616211078e-01,2.000000000000000000e+00
2.009630000000000027e+00,-3.126800000000000135e-01,-2.670632188590254530e-01,2.000000000000000000e+00
2.009640000000000093e+00,-3.126999999999999780e-01,-2.670661560478203023e-01,2.000000000000000000e+00
2.008199999999999985e+00,-3.122500000000000275e-01,-2.703004971734466189e-01,2.000000000000000000e+00
2.008090000000000153e+00,-3.122099999999999875e-01,-2.705621641462258586e-01,2.000000000000000000e+00
1.999800000000000022e+00,-3.108400000000000052e-01,-2.701840252727915614e-01,2.000000000000000000e+00
1.998790000000000067e+00,-3.107300000000000062e-01,-2.697605713705061303e-01,2.000000000000000000e+00
1.998780000000000001e+00,-3.107300000000000062e-01,-2.697253273920476313e-01,2.000000000000000000e+00
1.997309999999999919e+00,-3.105800000000000227e-01,-2.725846928683756665e-01,2.000000000000000000e+00
1.998510000000000009e+00,-3.107300000000000062e-01,-2.703639592756587606e-01,2.000000000000000000e+00
1.998510000000000009e+00,-3.107300000000000062e-01,-2.703639592756587606e-01,2.000000000000000000e+00
1.998760000000000092e+00,-3.107300000000000062e-01,-2.697711415770969734e-01,2.000000000000000000e+00
1.998760000000000092e+00,-3.107300000000000062e-01,-2.697711415770969734e-01,2.000000000000000000e+00
1.998780000000000001e+00,-3.107300000000000062e-01,-2.697253273920476313e-01,2.000000000000000000e+00
1.998790000000000067e+00,-3.107199999999999962e-01,-2.701202897639826683e-01,2.000000000000000000e+00
1.998790000000000067e+00,-3.107199999999999962e-01,-2.701202897639826683e-01,2.000000000000000000e+00
1.998780000000000001e+00,-3.107300000000000062e-01,-2.697669255301729518e-01,2.000000000000000000e+00
1.998780000000000001e+00,-3.107300000000000062e-01,-2.697669255301729518e-01,2.000000000000000000e+00
1.991230000000000055e+00,-3.093899999999999983e-01,-2.693583422242684655e-01,2.000000000000000000e+00
1.990480000000000027e+00,-3.092599999999999794e-01,-2.693222327706378261e-01,2.000000000000000000e+00
1.991600000000000037e+00,-3.094899999999999873e-01,-2.663957615052039984e-01,2.000000000000000000e+00
1.999570000000000070e+00,-3.107699999999999907e-01,-2.665554014408063610e-01,2.000000000000000000e+00
1.999570000000000070e+00,-3.107699999999999907e-01,-2.665554014408063610e-01,2.000000000000000000e+00
1.997779999999999889e+00,-3.106599999999999917e-01,-2.723396339741492311e-01,2.000000000000000000e+00
1.997549999999999937e+00,-3.106400000000000272e-01,-2.728777979898284745e-01,2.000000000000000000e+00
1.992660000000000098e+00,-3.096800000000000108e-01,-2.667907842614006819e-01,2.000000000000000000e+00
6.999999999999999929e-04,-1.399999999999999877e-04,0.000000000000000000e+00,2.000000000000000000e+00
6.999999999999999929e-04,-1.399999999999999877e-04,0.000000000000000000e+00,2.000000000000000000e+00
-4.000000000000000192e-04,3.000000000000000076e-05,-9.256691139878893892e-05,2.000000000000000000e+00
-3.299999999999999982e-04,-9.000000000000000567e-05,-1.738646173010939501e-03,2.000000000000000000e+00
-3.200000000000000262e-04,-1.000000000000000048e-04,-1.842728225872780840e-03,2.000000000000000000e+00
6.000000000000000152e-05,-1.200000000000000030e-04,-1.800403938491489933e-03,2.000000000000000000e+00
-3.200000000000000262e-04,5.000000000000000240e-05,-2.125224890652192941e-04,2.000000000000000000e+00
-3.499999999999999964e-04,6.000000000000000152e-05,-1.030326142808450749e-04,2.000000000000000000e+00
7.100000000000000191e-04,1.000000000000000082e-05,7.440525948695357486e-05,2.000000000000000000e+00
7.299999999999999632e-04,-1.399999999999999877e-04,-2.981483113431948563e-04,2.000000000000000000e+00
7.299999999999999632e-04,-1.399999999999999877e-04,-2.981483113431948563e-04,2.000000000000000000e+00
5.199999999999999544e-04,-3.000000000000000076e-05,4.207606078800567328e-04,2.000000000000000000e+00
2.560000000000000209e-03,3.299999999999999982e-04,2.387154980437825329e-04,2.000000000000000000e+00
2.560000000000000209e-03,3.299999999999999982e-04,2.387154980437825329e-04,2.000000000000000000e+00
7.929999999999999549e-03,2.300000000000000070e-04,-1.265321582061312801e-03,2.000000000000000000e+00
7.929999999999999549e-03,2.300000000000000070e-04,-1.265321582061312801e-03,2.000000000000000000e+00
1.031999999999999931e-02,3.400000000000000244e-04,-2.253388055294772933e-03,2.000000000000000000e+00
1.031999999999999931e-02,3.400000000000000244e-04,-2.253388055294772933e-03,2.000000000000000000e+00
1.904000000000000137e-02,2.000000000000000096e-04,-2.228607229982075555e-03,2.000000000000000000e+00
2.851000000000000062e-02,6.000000000000000152e-05,-4.103838119049736492e-03,2.000000000000000000e+00
2.851000000000000062e-02,6.000000000000000152e-05,-4.103838119049736492e-03,2.000000000000000000e+00
3.579000000000000237e-02,1.900000000000000105e-04,-7.921794012991919404e-03,2.000000000000000000e+00
3.579000000000000237e-02,1.900000000000000105e-04,-7.921794012991919404e-03,2.000000000000000000e+00
4.714000000000000135e-02,-3.200000000000000262e-04,-8.715701488613074657e-03,2.000000000000000000e+00
4.714000000000000135e-02,-3.200000000000000262e-04,-8.715701488613074657e-03,2.000000000000000000e+00
5.831999999999999684e-02,-8.499999999999999526e-04,-1.211149668875323437e-02,2.000000000000000000e+00
5.831999999999999684e-02,-8.499999999999999526e-04,-1.211149668875323437e-02,2.000000000000000000e+00
6.829000000000000348e-02,-6.999999999999999929e-04,-1.157755565204463509e-02,2.000000000000000000e+00
8.129000000000000115e-02,-9.200000000000000278e-04,-1.623992241219706159e-02,2.000000000000000000e+00
8.129000000000000115e-02,-9.200000000000000278e-04,-1.623992241219706159e-02,2.000000000000000000e+00
9.471000000000000252e-02,-8.099999999999999561e-04,-1.708627493766975286e-02,2.000000000000000000e+00
9.471000000000000252e-02,-8.099999999999999561e-04,-1.708627493766975286e-02,2.000000000000000000e+00
1.074900000000000022e-01,-8.099999999999999561e-04,-1.858846320768567720e-02,2.000000000000000000e+00
1.259599999999999886e-01,-2.560000000000000209e-03,-2.427120976461476579e-02,2.000000000000000000e+00
1.259599999999999886e-01,-2.560000000000000209e-03,-2.427120976461476579e-02,2.000000000000000000e+00
1.409900000000000042e-01,-3.429999999999999889e-03,-2.403493805574813055e-02,2.000000000000000000e+00
1.409900000000000042e-01,-3.429999999999999889e-03,-2.403493805574813055e-02,2.000000000000000000e+00
1.563700000000000090e-01,-3.779999999999999940e-03,-2.617672450181159419e-02,2.000000000000000000e+00
1.563700000000000090e-01,-3.779999999999999940e-03,-2.617672450181159419e-02,2.000000000000000000e+00
1.809099999999999875e-01,-3.380000000000000192e-03,-2.929038033858209766e-02,2.000000000000000000e+00
1.827900000000000080e-01,-3.360000000000000139e-03,-2.952500441986163904e-02,2.000000000000000000e+00
1.925300000000000067e-01,-3.720000000000000216e-03,-2.748034986627751267e-02,2.000000000000000000e+00
1.925300000000000067e-01,-3.720000000000000216e-03,-2.748034986627751267e-02,2.000000000000000000e+00
2.073099999999999943e-01,-4.870000000000000197e-03,-2.979719821455488124e-02,2.000000000000000000e+00
2.282700000000000007e-01,-6.320000000000000097e-03,-3.258199498095659674e-02,2.000000000000000000e+00
2.282700000000000007e-01,-6.320000000000000097e-03,-3.258199498095659674e-02,2.000000000000000000e+00
2.282700000000000007e-01,-6.320000000000000097e-03,-3.258199498095659674e-02,2.000000000000000000e+00
2.282700000000000007e-01,-6.320000000000000097e-03,-3.258199498095659674e-02,2.000000000000000000e+00
2.562400000000000233e-01,-7.400000000000000328e-03,-3.580642250694974354e-02,2.000000000000000000e+00
2.725899999999999990e-01,-7.979999999999999247e-03,-4.006670378585676373e-02,2.000000000000000000e+00
2.725899999999999990e-01,-7.979999999999999247e-03,-4.006670378585676373e-02,2.000000000000000000e+00
2.854200000000000070e-01,-8.899999999999999925e-03,-4.161065109934739686e-02,2.000000000000000000e+00
2.854200000000000070e-01,-8.899999999999999925e-03,-4.161065109934739686e-02,2.000000000000000000e+00
3.034100000000000130e-01,-9.910000000000000406e-03,-4.417270688562782710e-02,2.000000000000000000e+00
3.034100000000000130e-01,-9.910000000000000406e-03,-4.417270688562782710e-02,2.000000000000000000e+00
3.205000000000000071e-01,-1.000000000000000021e-02,-4.786253601137972769e-02,2.000000000000000000e+00
3.334400000000000142e-01,-1.030999999999999972e-02,-5.102529181338335412e-02,2.000000000000000000e+00
3.334400000000000142e-01,-1.030999999999999972e-02,-5.102529181338335412e-02,2.000000000000000000e+00
3.496600000000000263e-01,-1.158000000000000002e-02,-5.421906209699031004e-02,2.000000000000000000e+00
3.496600000000000263e-01,-1.158000000000000002e-02,-5.421906209699031004e-02,2.000000000000000000e+00
3.651400000000000201e-01,-1.285999999999999990e-02,-5.781358270659815030e-02,2.000000000000000000e+00
3.662799999999999945e-01,-1.295999999999999930e-02,-5.808224478553391384e-02,2.000000000000000000e+00
3.820999999999999952e-01,-1.392000000000000008e-02,-5.905242222728179780e-02,2.000000000000000000e+00
4.035599999999999743e-01,-1.714999999999999858e-02,-5.654543456769135779e-02,2.000000000000000000e+00
4.035599999999999743e-01,-1.714999999999999858e-02,-5.654543456769135779e-02,2.000000000000000000e+00
4.199600000000000000e-01,-1.876999999999999849e-02,-5.384666367894968414e-02,2.000000000000000000e+00
4.199600000000000000e-01,-1.876999999999999849e-02,-5.384666367894968414e-02,2.000000000000000000e+00
4.377300000000000080e-01,-2.031000000000000166e-02,-5.668381329914992661e-02,2.000000000000000000e+00
4.377300000000000080e-01,-2.031000000000000166e-02,-5.668381329914992661e-02,2.000000000000000000e+00
4.510100000000000220e-01,-2.139999999999999888e-02,-5.976609275240136326e-02,2.000000000000000000e+00
4.521800000000000264e-01,-2.149999999999999828e-02,-6.004275568812827285e-02,2.000000000000000000e+00
4.755699999999999927e-01,-2.136000000000000051e-02,-6.700039787792912149e-02,2.000000000000000000e+00
4.921499999999999764e-01,-2.266999999999999918e-02,-7.037798087215520193e-02,2.000000000000000000e+00
4.921499999999999764e-01,-2.266999999999999918e-02,-7.037798087215520193e-02,2.000000000000000000e+00
5.074199999999999822e-01,-2.408000000000000071e-02,-7.548003112899963341e-02,2.000000000000000000e+00
5.074199999999999822e-01,-2.408000000000000071e-02,-7.548003112899963341e-02,2.000000000000000000e+00
5.258699999999999486e-01,-2.536000000000000060e-02,-7.714677315634588251e-02,2.000000000000000000e+00
5.397199999999999775e-01,-2.597999999999999962e-02,-8.022305884375267870e-02,2.000000000000000000e+00
5.397199999999999775e-01,-2.597999999999999962e-02,-8.022305884375267870e-02,2.000000000000000000e+00
5.555200000000000138e-01,-2.709999999999999909e-02,-8.105034405949733400e-02,2.000000000000000000e+00
5.555200000000000138e-01,-2.709999999999999909e-02,-8.105034405949733400e-02,2.000000000000000000e+00
5.568100000000000271e-01,-2.718999999999999889e-02,-8.110348032176718791e-02,2.000000000000000000e+00
5.714799999999999880e-01,-2.858000000000000124e-02,-8.410093355044891139e-02,2.000000000000000000e+00
5.846500000000000030e-01,-3.002000000000000154e-02,-8.759189915447797292e-02,2.000000000000000000e+00
5.859199999999999964e-01,-3.016999999999999890e-02,-8.793806668410319993e-02,2.000000000000000000e+00
6.013199999999999656e-01,-3.162999999999999839e-02,-8.499706603280207662e-02,2.000000000000000000e+00
6.179200000000000248e-01,-3.302000000000000074e-02,-8.577910958603914005e-02,2.000000000000000000e+00
6.193199999999999816e-01,-3.312999999999999973e-02,-8.587854133954038460e-02,2.000000000000000000e+00
6.344699999999999784e-01,-3.475999999999999923e-02,-8.519480810752946831e-02,2.000000000000000000e+00
6.491000000000000103e-01,-3.667000000000000121e-02,-8.622883674706958990e-02,2.000000000000000000e+00
6.491000000000000103e-01,-3.667000000000000121e-02,-8.622883674706958990e-02,2.000000000000000000e+00
6.647999999999999465e-01,-3.860000000000000236e-02,-8.956458344790788062e-02,2.000000000000000000e+00
6.663299999999999779e-01,-3.878999999999999809e-02,-8.990227501396749754e-02,2.000000000000000000e+00
6.815200000000000147e-01,-4.034000000000000086e-02,-9.076863755962656655e-02,2.000000000000000000e+00
7.012199999999999545e-01,-4.229999999999999732e-02,-9.646203745722267686e-02,2.000000000000000000e+00
7.012199999999999545e-01,-4.229999999999999732e-02,-9.646203745722267686e-02,2.000000000000000000e+00
7.093000000000000416e-01,-4.329999999999999821e-02,-9.791488606593060084e-02,2.000000000000000000e+00
7.093000000000000416e-01,-4.329999999999999821e-02,-9.791488606593060084e-02,2.000000000000000000e+00
7.099699999999999900e-01,-4.338999999999999801e-02,-9.801047411614506599e-02,2.000000000000000000e+00
7.256700000000000372e-01,-4.556000000000000327e-02,-1.014749773274559175e-01,2.000000000000000000e+00
7.431999999999999718e-01,-4.735999999999999932e-02,-1.027855367750392934e-01,2.000000000000000000e+00
7.639200000000000434e-01,-4.895999999999999658e-02,-1.060022779765039391e-01,2.000000000000000000e+00
7.639200000000000434e-01,-4.895999999999999658e-02,-1.060022779765039391e-01,2.000000000000000000e+00
7.783499999999999863e-01,-5.016999999999999932e-02,-1.071095548430508193e-01,2.000000000000000000e+00
7.798500000000000432e-01,-5.029000000000000137e-02,-1.072085163670315339e-01,2.000000000000000000e+00
7.929599999999999982e-01,-5.204000000000000292e-02,-1.108891424276950283e-01,2.000000000000000000e+00
8.068300000000000471e-01,-5.426000000000000267e-02,-1.148008351586881221e-01,2.000000000000000000e+00
8.068300000000000471e-01,-5.426000000000000267e-02,-1.148008351586881221e-01,2.000000000000000000e+00
8.242399999999999727e-01,-5.661999999999999672e-02,-1.184131635856643938e-01,2.000000000000000000e+00
8.255700000000000260e-01,-5.680000000000000326e-02,-1.186811654190617626e-01,2.000000000000000000e+00
8.393599999999999950e-01,-5.849000000000000032e-02,-1.178819755696330490e-01,2.000000000000000000e+00
8.405399999999999539e-01,-5.863999999999999768e-02,-1.178132154311096469e-01,2.000000000000000000e+00
8.576099999999999834e-01,-6.065999999999999864e-02,-1.192709652371694712e-01,2.000000000000000000e+00
8.728500000000000147e-01,-6.318000000000000005e-02,-1.187560505323992238e-01,2.000000000000000000e+00
8.741100000000000536e-01,-6.339000000000000190e-02,-1.186992528048028822e-01,2.000000000000000000e+00
8.873100000000000431e-01,-6.562999999999999390e-02,-1.218365286197813646e-01,2.000000000000000000e+00
9.017600000000000060e-01,-6.772999999999999854e-02,-1.234961922243115462e-01,2.000000000000000000e+00
9.017600000000000060e-01,-6.772999999999999854e-02,-1.234961922243115462e-01,2.000000000000000000e+00
9.195100000000000495e-01,-6.998000000000000054e-02,-1.297435731140102466e-01,2.000000000000000000e+00
9.208199999999999719e-01,-7.016000000000000014e-02,-1.302292258667147595e-01,2.000000000000000000e+00
9.348800000000000443e-01,-7.227000000000000091e-02,-1.289035989701661777e-01,2.000000000000000000e+00
9.497100000000000541e-01,-7.488999999999999824e-02,-1.327931192627793133e-01,2.000000000000000000e+00
9.497100000000000541e-01,-7.488999999999999824e-02,-1.327931192627793133e-01,2.000000000000000000e+00
9.680199999999999916e-01,-7.714000000000000024e-02,-1.364397441910417119e-01,2.000000000000000000e+00
9.680199999999999916e-01,-7.714000000000000024e-02,-1.364397441910417119e-01,2.000000000000000000e+00
9.841699999999999893e-01,-7.900000000000000078e-02,-1.380979979313035344e-01,2.000000000000000000e+00
9.993100000000000316e-01,-8.078000000000000458e-02,-1.392488251305320224e-01,2.000000000000000000e+00
9.993100000000000316e-01,-8.078000000000000458e-02,-1.392488251305320224e-01,2.000000000000000000e+00
1.018459999999999921e+00,-8.351000000000000090e-02,-1.428993338060406404e-01,2.000000000000000000e+00
1.018459999999999921e+00,-8.351000000000000090e-02,-1.428993338060406404e-01,2.000000000000000000e+00
1.033689999999999998e+00,-8.624999999999999334e-02,-1.471337081495121824e-01,2.000000000000000000e+00
1.034820000000000073e+00,-8.645999999999999519e-02,-1.474571340419945087e-01,2.000000000000000000e+00
1.049269999999999925e+00,-8.891000000000000292e-02,-1.487698886683894162e-01,2.000000000000000000e+00
1.050389999999999935e+00,-8.909999999999999865e-02,-1.488710997198258168e-01,2.000000000000000000e+00
1.069010000000000016e+00,-9.170999999999999985e-02,-1.504607067877890003e-01,2.000000000000000000e+00
1.089520000000000044e+00,-9.818000000000000338e-02,-1.530971708749140070e-01,2.000000000000000000e+00
1.090829999999999966e+00,-9.861000000000000321e-02,-1.532699544634207045e-01,2.000000000000000000e+00
1.101499999999999924e+00,-1.008099999999999968e-01,-1.525156653864441214e-01,2.000000000000000000e+00
1.102530000000000010e+00,-1.010299999999999948e-01,-1.524410042079502869e-01,2.000000000000000000e+00
1.124630000000000019e+00,-1.043300000000000061e-01,-1.562678322190793057e-01,2.000000000000000000e+00
1.143119999999999914e+00,-1.057400000000000007e-01,-1.605885517337724000e-01,2.000000000000000000e+00
1.143119999999999914e+00,-1.057400000000000007e-01,-1.605885517337724000e-01,2.000000000000000000e+00
1.158930000000000016e+00,-1.083599999999999980e-01,-1.646841605562854027e-01,2.000000000000000000e+00
1.158930000000000016e+00,-1.083599999999999980e-01,-1.646841605562854027e-01,2.000000000000000000e+00
1.180379999999999985e+00,-1.119200000000000056e-01,-1.642834383045698177e-01,2.000000000000000000e+00
1.180379999999999985e+00,-1.119200000000000056e-01,-1.642834383045698177e-01,2.000000000000000000e+00
1.196720000000000006e+00,-1.144799999999999984e-01,-1.680463661902664996e-01,2.000000000000000000e+00
1.196720000000000006e+00,-1.144799999999999984e-01,-1.680463661902664996e-01,2.000000000000000000e+00
1.213279999999999914e+00,-1.169599999999999945e-01,-1.693545307123077159e-01,2.000000000000000000e+00
1.224439999999999973e+00,-1.190500000000000030e-01,-1.729096687426867618e-01,2.000000000000000000e+00
1.224439999999999973e+00,-1.190500000000000030e-01,-1.729096687426867618e-01,2.000000000000000000e+00
1.245279999999999943e+00,-1.225799999999999945e-01,-1.749110767526293464e-01,2.000000000000000000e+00
1.247330000000000050e+00,-1.229299999999999976e-01,-1.750811390831193137e-01,2.000000000000000000e+00
1.257579999999999920e+00,-1.254099999999999937e-01,-1.766248915908338046e-01,2.000000000000000000e+00
1.268590000000000106e+00,-1.278199999999999892e-01,-1.800738455003348670e-01,2.000000000000000000e+00
1.268590000000000106e+00,-1.278199999999999892e-01,-1.800738455003348670e-01,2.000000000000000000e+00
1.289830000000000032e+00,-1.314800000000000135e-01,-1.826922003532164274e-01,2.000000000000000000e+00
1.289830000000000032e+00,-1.314800000000000135e-01,-1.826922003532164274e-01,2.000000000000000000e+00
1.304040000000000088e+00,-1.343000000000000027e-01,-1.788018846482357094e-01,2.000000000000000000e+00
1.304040000000000088e+00,-1.343000000000000027e-01,-1.788018846482357094e-01,2.000000000000000000e+00
1.325080000000000036e+00,-1.385000000000000120e-01,-1.832248126959525880e-01,2.000000000000000000e+00
1.326950000000000074e+00,-1.388800000000000034e-01,-1.836937020947796428e-01,2.000000000000000000e+00
1.337739999999999929e+00,-1.415399999999999991e-01,-1.846689806420040159e-01,2.000000000000000000e+00
1.354349999999999943e+00,-1.448099999999999943e-01,-1.865389413593691592e-01,2.000000000000000000e+00
1.354349999999999943e+00,-1.448099999999999943e-01,-1.865389413593691592e-01,2.000000000000000000e+00
1.354349999999999943e+00,-1.448099999999999943e-01,-1.865389413593691592e-01,2.000000000000000000e+00
1.380859999999999976e+00,-1.519000000000000072e-01,-1.939766739269184193e-01,2.000000000000000000e+00
1.394919999999999938e+00,-1.555900000000000061e-01,-1.939507152817913638e-01,2.000000000000000000e+00
1.396130000000000093e+00,-1.559000000000000108e-01,-1.938760670062541214e-01,2.000000000000000000e+00
1.406050000000000022e+00,-1.582199999999999995e-01,-1.972899041886176374e-01,2.000000000000000000e+00
1.427729999999999944e+00,-1.617999999999999994e-01,-2.020837673616682761e-01,2.000000000000000000e+00
1.427729999999999944e+00,-1.617999999999999994e-01,-2.020837673616682761e-01,2.000000000000000000e+00
1.440029999999999921e+00,-1.645600000000000118e-01,-2.057112360586812738e-01,2.000000000000000000e+00
1.440029999999999921e+00,-1.645600000000000118e-01,-2.057112360586812738e-01,2.000000000000000000e+00
1.463819999999999899e+00,-1.676199999999999912e-01,-2.055757775173507329e-01,2.000000000000000000e+00
1.463819999999999899e+00,-1.676199999999999912e-01,-2.055757775173507329e-01,2.000000000000000000e+00
1.463819999999999899e+00,-1.676199999999999912e-01,-2.055757775173507329e-01,2.000000000000000000e+00
1.484259999999999913e+00,-1.720500000000000085e-01,-2.073105935433637026e-01,2.000000000000000000e+00
1.494259999999999922e+00,-1.749100000000000099e-01,-2.113969983488442894e-01,2.000000000000000000e+00
1.512899999999999912e+00,-1.787400000000000100e-01,-2.105089161045338719e-01,2.000000000000000000e+00
1.512899999999999912e+00,-1.787400000000000100e-01,-2.105089161045338719e-01,2.000000000000000000e+00
1.524860000000000104e+00,-1.818799999999999861e-01,-2.143221609627534163e-01,2.000000000000000000e+00
1.524860000000000104e+00,-1.818799999999999861e-01,-2.143221609627534163e-01,2.000000000000000000e+00
1.524860000000000104e+00,-1.818799999999999861e-01,-2.143221609627534163e-01,2.000000000000000000e+00
1.525830000000000020e+00,-1.821500000000000064e-01,-2.147053519414012512e-01,2.000000000000000000e+00
1.561879999999999935e+00,-1.909599999999999909e-01,-2.180251376696506205e-01,2.000000000000000000e+00
1.574659999999999949e+00,-1.945999999999999952e-01,-2.176442302142368446e-01,2.000000000000000000e+00
1.574659999999999949e+00,-1.945999999999999952e-01,-2.176442302142368446e-01,2.000000000000000000e+00
1.592140000000000111e+00,-1.986300000000000010e-01,-2.222403580295681247e-01,2.000000000000000000e+00
1.592140000000000111e+00,-1.986300000000000010e-01,-2.222403580295681247e-01,2.000000000000000000e+00
1.611099999999999977e+00,-2.029600000000000015e-01,-2.241539883317479886e-01,2.000000000000000000e+00
1.611099999999999977e+00,-2.029600000000000015e-01,-2.241539883317479886e-01,2.000000000000000000e+00
1.611099999999999977e+00,-2.029600000000000015e-01,-2.241539883317479886e-01,2.000000000000000000e+00
1.624940000000000051e+00,-2.070500000000000118e-01,-2.263079812073428565e-01,2.000000000000000000e+00
1.641760000000000108e+00,-2.108800000000000119e-01,-2.304585556679165925e-01,2.000000000000000000e+00
1.656409999999999938e+00,-2.142699999999999882e-01,-2.296161376454645686e-01,2.000000000000000000e+00
1.656409999999999938e+00,-2.142699999999999882e-01,-2.296161376454645686e-01,2.000000000000000000e+00
1.679100000000000037e+00,-2.223100000000000076e-01,-2.373462213690128719e-01,2.000000000000000000e+00
1.679100000000000037e+00,-2.223100000000000076e-01,-2.373462213690128719e-01,2.000000000000000000e+00
1.700050000000000061e+00,-2.275399999999999923e-01,-2.374049935472887229e-01,2.000000000000000000e+00
1.713680000000000092e+00,-2.314900000000000013e-01,-2.389573306009714626e-01,2.000000000000000000e+00
1.713680000000000092e+00,-2.314900000000000013e-01,-2.389573306009714626e-01,2.000000000000000000e+00
1.732259999999999911e+00,-2.358300000000000118e-01,-2.429584573925309410e-01,2.000000000000000000e+00
1.732259999999999911e+00,-2.358300000000000118e-01,-2.429584573925309410e-01,2.000000000000000000e+00
1.744590000000000085e+00,-2.380299999999999916e-01,-2.425976353599544888e-01,2.000000000000000000e+00
1.745679999999999898e+00,-2.382299999999999973e-01,-2.425278957926565171e-01,2.000000000000000000e+00
1.762459999999999916e+00,-2.433099999999999985e-01,-2.473369900500981822e-01,2.000000000000000000e+00
1.776580000000000048e+00,-2.475199999999999900e-01,-2.459691710850024637e-01,2.000000000000000000e+00
1.776580000000000048e+00,-2.475199999999999900e-01,-2.459691710850024637e-01,2.000000000000000000e+00
1.793800000000000061e+00,-2.523000000000000242e-01,-2.536295265084099748e-01,2.000000000000000000e+00
1.793800000000000061e+00,-2.523000000000000242e-01,-2.536295265084099748e-01,2.000000000000000000e+00
1.812570000000000014e+00,-2.570600000000000107e-01,-2.586526256182007377e-01,2.000000000000000000e+00
1.812570000000000014e+00,-2.570600000000000107e-01,-2.586526256182007377e-01,2.000000000000000000e+00
1.826179999999999914e+00,-2.609699999999999798e-01,-2.607839261170451506e-01,2.000000000000000000e+00
1.826179999999999914e+00,-2.609699999999999798e-01,-2.607839261170451506e-01,2.000000000000000000e+00
1.846370000000000067e+00,-2.664300000000000002e-01,-2.627399900807925737e-01,2.000000000000000000e+00
1.857069999999999999e+00,-2.700899999999999967e-01,-2.699641962639043324e-01,2.000000000000000000e+00
1.857069999999999999e+00,-2.700899999999999967e-01,-2.699641962639043324e-01,2.000000000000000000e+00
1.871289999999999898e+00,-2.743300000000000183e-01,-2.695530010110317454e-01,2.000000000000000000e+00
1.871289999999999898e+00,-2.743300000000000183e-01,-2.695530010110317454e-01,2.000000000000000000e+00
1.883329999999999949e+00,-2.776899999999999924e-01,-2.731284309620851669e-01,2.000000000000000000e+00
1.884409999999999918e+00,-2.779900000000000149e-01,-2.734963263080986140e-01,2.000000000000000000e+00
1.898130000000000095e+00,-2.817700000000000204e-01,-2.723474814786839837e-01,2.000000000000000000e+00
1.916430000000000078e+00,-2.899700000000000055e-01,-2.778876656963574221e-01,2.000000000000000000e+00
1.916430000000000078e+00,-2.899700000000000055e-01,-2.778876656963574221e-01,2.000000000000000000e+00
1.938600000000000101e+00,-2.951500000000000234e-01,-2.769159246554330767e-01,2.000000000000000000e+00
1.938600000000000101e+00,-2.951500000000000234e-01,-2.769159246554330767e-01,2.000000000000000000e+00
1.942239999999999966e+00,-2.968899999999999872e-01,-2.805999721714211859e-01,2.000000000000000000e+00
1.953300000000000036e+00,-2.999299999999999744e-01,-2.820888700217610290e-01,2.000000000000000000e+00
1.953300000000000036e+00,-2.999299999999999744e-01,-2.820888700217610290e-01,2.000000000000000000e+00
1.965850000000000097e+00,-3.029999999999999916e-01,-2.804682726125803383e-01,2.000000000000000000e+00
1.965850000000000097e+00,-3.029999999999999916e-01,-2.804682726125803383e-01,2.000000000000000000e+00
1.969109999999999916e+00,-3.051099999999999923e-01,-2.811316096032653311e-01,2.000000000000000000e+00
1.969109999999999916e+00,-3.051099999999999923e-01,-2.811316096032653311e-01,2.000000000000000000e+00
1.974250000000000060e+00,-3.061599999999999877e-01,-2.787237210986224234e-01,2.000000000000000000e+00
1.974250000000000060e+00,-3.061599999999999877e-01,-2.787237210986224234e-01,2.000000000000000000e+00
1.984050000000000091e+00,-3.081400000000000250e-01,-2.791341751256501968e-01,2.000000000000000000e+00
1.984730000000000105e+00,-3.082799999999999985e-01,-2.791791498235644542e-01,2.000000000000000000e+00
1.983759999999999968e+00,-3.085800000000000209e-01,-2.825577558183187676e-01,2.000000000000000000e+00
1.984459999999999891e+00,-3.093600000000000239e-01,-2.829499419492277901e-01,2.000000000000000000e+00
1.984459999999999891e+00,-3.093600000000000239e-01,-2.829499419492277901e-01,2.000000000000000000e+00
1.992350000000000065e+00,-3.111200000000000077e-01,-2.831689021439256493e-01,2.000000000000000000e+00
1.992350000000000065e+00,-3.111200000000000077e-01,-2.831689021439256493e-01,2.000000000000000000e+00
1.985300000000000065e+00,-3.103099999999999747e-01,-2.831227291010601221e-01,2.000000000000000000e+00
1.984529999999999905e+00,-3.102199999999999958e-01,-2.831160942064446240e-01,2.000000000000000000e+00
1.994769999999999932e+00,-3.112800000000000011e-01,-2.802068792610076242e-01,2.000000000000000000e+00
1.993749999999999911e+00,-3.110299999999999732e-01,-2.832731819075192670e-01,2.000000000000000000e+00
1.993749999999999911e+00,-3.110299999999999732e-01,-2.832731819075192670e-01,2.000000000000000000e+00
1.993530000000000024e+00,-3.111900000000000222e-01,-2.835158696502862452e-01,2.000000000000000000e+00
1.993530000000000024e+00,-3.111900000000000222e-01,-2.835158696502862452e-01,2.000000000000000000e+00
1.993530000000000024e+00,-3.111900000000000222e-01,-2.835158696502862452e-01,2.000000000000000000e+00
1.993530000000000024e+00,-3.111900000000000222e-01,-2.835158696502862452e-01,2.000000000000000000e+00
1.993530000000000024e+00,-3.111999999999999766e-01,-2.835120077549896367e-01,2.000000000000000000e+00
1.993530000000000024e+00,-3.111999999999999766e-01,-2.835120077549896367e-01,2.000000000000000000e+00
1.993530000000000024e+00,-3.111999999999999766e-01,-2.835120077549896367e-01,2.000000000000000000e+00
1.992639999999999967e+00,-3.109399999999999942e-01,-2.834887225359958851e-01,2.000000000000000000e+00
1.992639999999999967e+00,-3.109399999999999942e-01,-2.834887225359958851e-01,2.000000000000000000e+00
1.992620000000000058e+00,-3.110999999999999877e-01,-2.834449402177587896e-01,2.000000000000000000e+00
1.993090000000000028e+00,-3.111700000000000021e-01,-2.831087319210752740e-01,2.000000000000000000e+00
1.993090000000000028e+00,-3.111700000000000021e-01,-2.831087319210752740e-01,2.000000000000000000e+00
1.991780000000000106e+00,-3.108899999999999997e-01,-2.859854795886191403e-01,2.000000000000000000e+00
1.991659999999999986e+00,-3.108600000000000252e-01,-2.862510105199389532e-01,2.000000000000000000e+00
1.984860000000000069e+00,-3.097400000000000153e-01,-2.832751310177518689e-01,2.000000000000000000e+00
1.992769999999999930e+00,-3.110700000000000132e-01,-2.834697486362982022e-01,2.000000000000000000e+00
1.992769999999999930e+00,-3.110700000000000132e-01,-2.834697486362982022e-01,2.000000000000000000e+00
1.985170000000000101e+00,-3.100700000000000123e-01,-2.827226772687374545e-01,2.000000000000000000e+00
1.985170000000000101e+00,-3.100700000000000123e-01,-2.827226772687374545e-01,2.000000000000000000e+00
1.992650000000000032e+00,-3.109399999999999942e-01,-2.834891255239824215e-01,2.000000000000000000e+00
1.993419999999999970e+00,-3.110299999999999732e-01,-2.835680831663990875e-01,2.000000000000000000e+00
1.993279999999999941e+00,-3.108400000000000052e-01,-2.830310469615999747e-01,2.000000000000000000e+00
6.300000000000000261e-04,-6.999999999999999387e-05,0.000000000000000000e+00,2.000000000000000000e+00
6.300000000000000261e-04,-6.999999999999999387e-05,0.000000000000000000e+00,2.000000000000000000e+00
-6.999999999999999929e-04,6.000000000000000152e-05,-1.591277334103164559e-04,2.000000000000000000e+00
-8.300000000000000086e-04,-1.000000000000000082e-05,-8.616983857832065570e-05,2.000000000000000000e+00
-8.300000000000000086e-04,-1.000000000000000082e-05,-8.616983857832065570e-05,2.000000000000000000e+00
-6.400000000000000524e-04,-3.000000000000000076e-05,-4.272053396720058545e-05,2.000000000000000000e+00
-6.400000000000000524e-04,-3.000000000000000076e-05,-4.272053396720058545e-05,2.000000000000000000e+00
5.800000000000000034e-04,-6.000000000000000152e-05,1.393356179338963872e-04,2.000000000000000000e+00
-5.500000000000000331e-04,1.200000000000000030e-04,4.515319944536981241e-05,2.000000000000000000e+00
-6.300000000000000261e-04,1.299999999999999886e-04,3.860293573813901335e-05,2.000000000000000000e+00
-6.300000000000000261e-04,1.299999999999999886e-04,3.860293573813901335e-05,2.000000000000000000e+00
9.499999999999999981e-04,-6.999999999999999387e-05,1.733430443388556336e-03,2.000000000000000000e+00
9.499999999999999981e-04,-6.999999999999999387e-05,1.733430443388556336e-03,2.000000000000000000e+00
4.799999999999999580e-03,1.299999999999999886e-04,1.478022846149915819e-03,2.000000000000000000e+00
4.799999999999999580e-03,1.299999999999999886e-04,1.478022846149915819e-03,2.000000000000000000e+00
5.100000000000000366e-03,1.499999999999999869e-04,1.443597272892167436e-03,2.000000000000000000e+00
2.016000000000000084e-02,-4.899999999999999842e-04,-1.490885931115931489e-03,2.000000000000000000e+00
2.016000000000000084e-02,-4.899999999999999842e-04,-1.490885931115931489e-03,2.000000000000000000e+00
2.644000000000000170e-02,-5.800000000000000034e-04,-3.391902837081522612e-03,2.000000000000000000e+00
2.644000000000000170e-02,-5.800000000000000034e-04,-3.391902837081522612e-03,2.000000000000000000e+00
3.733000000000000207e-02,-1.020000000000000073e-03,-4.015560444086535390e-03,2.000000000000000000e+00
3.817000000000000254e-02,-1.059999999999999961e-03,-4.051170055459094553e-03,2.000000000000000000e+00
4.658000000000000335e-02,-1.250000000000000026e-03,-5.935594246552182950e-03,2.000000000000000000e+00
6.615999999999999659e-02,-8.999999999999999754e-04,-8.703123703810735495e-03,2.000000000000000000e+00
6.615999999999999659e-02,-8.999999999999999754e-04,-8.703123703810735495e-03,2.000000000000000000e+00
8.001999999999999391e-02,-1.740000000000000010e-03,-1.122689472203029955e-02,2.000000000000000000e+00
8.001999999999999391e-02,-1.740000000000000010e-03,-1.122689472203029955e-02,2.000000000000000000e+00
9.254999999999999338e-02,-2.259999999999999856e-03,-1.303373056733492762e-02,2.000000000000000000e+00
9.254999999999999338e-02,-2.259999999999999856e-03,-1.303373056733492762e-02,2.000000000000000000e+00
1.054299999999999959e-01,-2.599999999999999881e-03,-1.526512529936736341e-02,2.000000000000000000e+00
1.224900000000000017e-01,-3.239999999999999825e-03,-1.867696825233696248e-02,2.000000000000000000e+00
1.224900000000000017e-01,-3.239999999999999825e-03,-1.867696825233696248e-02,2.000000000000000000e+00
1.349599999999999966e-01,-3.650000000000000033e-03,-2.456015042504517895e-02,2.000000000000000000e+00
1.349599999999999966e-01,-3.650000000000000033e-03,-2.456015042504517895e-02,2.000000000000000000e+00
1.508700000000000041e-01,-4.530000000000000172e-03,-2.392158884426610205e-02,2.000000000000000000e+00
1.520400000000000085e-01,-4.599999999999999922e-03,-2.383447306408311220e-02,2.000000000000000000e+00
1.634500000000000119e-01,-4.669999999999999672e-03,-3.145197702467194406e-02,2.000000000000000000e+00
1.815599999999999992e-01,-5.709999999999999798e-03,-3.259126331435271279e-02,2.000000000000000000e+00
1.815599999999999992e-01,-5.709999999999999798e-03,-3.259126331435271279e-02,2.000000000000000000e+00
1.962299999999999878e-01,-5.599999999999999943e-03,-3.461212081579878586e-02,2.000000000000000000e+00
1.972399999999999987e-01,-5.590000000000000351e-03,-3.476534410580674889e-02,2.000000000000000000e+00
2.119999999999999940e-01,-6.089999999999999927e-03,-3.359361326615096371e-02,2.000000000000000000e+00
2.312899999999999956e-01,-7.389999999999999868e-03,-3.800260723091699461e-02,2.000000000000000000e+00
2.312899999999999956e-01,-7.389999999999999868e-03,-3.800260723091699461e-02,2.000000000000000000e+00
2.438200000000000089e-01,-7.950000000000000469e-03,-3.712380701925251103e-02,2.000000000000000000e+00
2.438200000000000089e-01,-7.950000000000000469e-03,-3.712380701925251103e-02,2.000000000000000000e+00
2.563099999999999823e-01,-8.300000000000000086e-03,-3.900668650471299931e-02,2.000000000000000000e+00
2.563099999999999823e-01,-8.300000000000000086e-03,-3.900668650471299931e-02,2.000000000000000000e+00
2.745400000000000063e-01,-9.209999999999999437e-03,-4.153089543070700995e-02,2.000000000000000000e+00
2.910800000000000054e-01,-1.010999999999999920e-02,-4.466204812921653611e-02,2.000000000000000000e+00
2.910800000000000054e-01,-1.010999999999999920e-02,-4.466204812921653611e-02,2.000000000000000000e+00
2.925599999999999867e-01,-1.020000000000000073e-02,-4.495051893915073815e-02,2.000000000000000000e+00
3.135100000000000109e-01,-1.362999999999999975e-02,-4.945332095779308296e-02,2.000000000000000000e+00
3.289199999999999902e-01,-1.490000000000000005e-02,-5.399802535954589117e-02,2.000000000000000000e+00
3.289199999999999902e-01,-1.490000000000000005e-02,-5.399802535954589117e-02,2.000000000000000000e+00
3.435699999999999865e-01,-1.609999999999999973e-02,-5.885828627843488897e-02,2.000000000000000000e+00
3.449699999999999989e-01,-1.621999999999999831e-02,-5.932839311824932016e-02,2.000000000000000000e+00
3.627500000000000169e-01,-1.751000000000000126e-02,-6.074928858503107071e-02,2.000000000000000000e+00
3.784899999999999931e-01,-1.864999999999999991e-02,-6.343973459632495926e-02,2.000000000000000000e+00
3.784899999999999931e-01,-1.864999999999999991e-02,-6.343973459632495926e-02,2.000000000000000000e+00
3.939199999999999924e-01,-1.970999999999999835e-02,-6.475483416934338377e-02,2.000000000000000000e+00
3.952600000000000002e-01,-1.981000000000000122e-02,-6.485683498994902763e-02,2.000000000000000000e+00
4.112199999999999744e-01,-2.044999999999999943e-02,-6.732025432825075595e-02,2.000000000000000000e+00
4.252699999999999814e-01,-2.105999999999999886e-02,-6.454322425940968444e-02,2.000000000000000000e+00
4.252699999999999814e-01,-2.105999999999999886e-02,-6.454322425940968444e-02,2.000000000000000000e+00
4.427699999999999969e-01,-2.249999999999999917e-02,-6.518603341807305274e-02,2.000000000000000000e+00
4.427699999999999969e-01,-2.249999999999999917e-02,-6.518603341807305274e-02,2.000000000000000000e+00
4.427699999999999969e-01,-2.249999999999999917e-02,-6.518603341807305274e-02,2.000000000000000000e+00
4.845800000000000107e-01,-2.429999999999999868e-02,-7.382936046634280824e-02,2.000000000000000000e+00
4.845800000000000107e-01,-2.429999999999999868e-02,-7.382936046634280824e-02,2.000000000000000000e+00
4.981400000000000272e-01,-2.571999999999999981e-02,-7.712833163411784987e-02,2.000000000000000000e+00
4.981400000000000272e-01,-2.571999999999999981e-02,-7.712833163411784987e-02,2.000000000000000000e+00
4.981400000000000272e-01,-2.571999999999999981e-02,-7.712833163411784987e-02,2.000000000000000000e+00
4.994399999999999951e-01,-2.585000000000000145e-02,-7.747631858868189725e-02,2.000000000000000000e+00
5.180000000000000160e-01,-2.722000000000000114e-02,-7.834653325594682916e-02,2.000000000000000000e+00
5.456800000000000539e-01,-3.082000000000000017e-02,-8.675920743614908004e-02,2.000000000000000000e+00
5.456800000000000539e-01,-3.082000000000000017e-02,-8.675920743614908004e-02,2.000000000000000000e+00
5.614999999999999991e-01,-3.248999999999999805e-02,-8.998102682236532035e-02,2.000000000000000000e+00
5.614999999999999991e-01,-3.248999999999999805e-02,-8.998102682236532035e-02,2.000000000000000000e+00
5.628699999999999815e-01,-3.262999999999999928e-02,-9.025593973896563205e-02,2.000000000000000000e+00
5.820899999999999963e-01,-3.452999999999999819e-02,-9.166308684760478276e-02,2.000000000000000000e+00
5.942399999999999904e-01,-3.588999999999999829e-02,-9.259638312301070318e-02,2.000000000000000000e+00
6.105000000000000426e-01,-3.769000000000000128e-02,-9.368935405434099251e-02,2.000000000000000000e+00
6.105000000000000426e-01,-3.769000000000000128e-02,-9.368935405434099251e-02,2.000000000000000000e+00
6.120700000000000029e-01,-3.787000000000000088e-02,-9.379367660186806177e-02,2.000000000000000000e+00
6.274399999999999977e-01,-3.926999999999999935e-02,-9.709248358627803333e-02,2.000000000000000000e+00
6.412499999999999867e-01,-4.009000000000000064e-02,-9.969075327724725988e-02,2.000000000000000000e+00
6.425600000000000200e-01,-4.016999999999999738e-02,-9.993177460689960101e-02,2.000000000000000000e+00
6.581299999999999928e-01,-4.168000000000000177e-02,-9.738969603702353484e-02,2.000000000000000000e+00
6.581299999999999928e-01,-4.168000000000000177e-02,-9.738969603702353484e-02,2.000000000000000000e+00
6.753599999999999604e-01,-4.367000000000000048e-02,-9.786844192819750543e-02,2.000000000000000000e+00
6.885900000000000354e-01,-4.508999999999999814e-02,-1.029788287612583980e-01,2.000000000000000000e+00
7.025500000000000078e-01,-4.696000000000000174e-02,-1.047960073342492221e-01,2.000000000000000000e+00
7.025500000000000078e-01,-4.696000000000000174e-02,-1.047960073342492221e-01,2.000000000000000000e+00
7.221699999999999786e-01,-4.918999999999999762e-02,-1.084843801942190489e-01,2.000000000000000000e+00
7.221699999999999786e-01,-4.918999999999999762e-02,-1.084843801942190489e-01,2.000000000000000000e+00
7.221699999999999786e-01,-4.918999999999999762e-02,-1.084843801942190489e-01,2.000000000000000000e+00
7.382999999999999563e-01,-5.136000000000000287e-02,-1.096950881647415360e-01,2.000000000000000000e+00
7.544499999999999540e-01,-5.383000000000000285e-02,-1.110909364465915844e-01,2.000000000000000000e+00
7.684699999999999864e-01,-5.580000000000000238e-02,-1.148523296457284459e-01,2.000000000000000000e+00
7.684699999999999864e-01,-5.580000000000000238e-02,-1.148523296457284459e-01,2.000000000000000000e+00
7.855699999999999905e-01,-5.838999999999999746e-02,-1.184344196878979460e-01,2.000000000000000000e+00
7.855699999999999905e-01,-5.838999999999999746e-02,-1.184344196878979460e-01,2.000000000000000000e+00
8.000500000000000389e-01,-6.053000000000000047e-02,-1.220791821363476914e-01,2.000000000000000000e+00
8.176900000000000279e-01,-6.279999999999999472e-02,-1.235470975155545659e-01,2.000000000000000000e+00
8.176900000000000279e-01,-6.279999999999999472e-02,-1.235470975155545659e-01,2.000000000000000000e+00
8.323800000000000088e-01,-6.475000000000000200e-02,-1.272056854460259512e-01,2.000000000000000000e+00
8.323800000000000088e-01,-6.475000000000000200e-02,-1.272056854460259512e-01,2.000000000000000000e+00
8.569700000000000095e-01,-6.922999999999999987e-02,-1.316686883021238319e-01,2.000000000000000000e+00
8.592800000000000438e-01,-6.966999999999999582e-02,-1.320753059229081983e-01,2.000000000000000000e+00
8.732900000000000107e-01,-7.145999999999999575e-02,-1.310480767230523536e-01,2.000000000000000000e+00
8.920099999999999696e-01,-7.391999999999999960e-02,-1.324011027779317118e-01,2.000000000000000000e+00
8.920099999999999696e-01,-7.391999999999999960e-02,-1.324011027779317118e-01,2.000000000000000000e+00
9.102400000000000491e-01,-7.653999999999999693e-02,-1.357640483361909622e-01,2.000000000000000000e+00
9.102400000000000491e-01,-7.653999999999999693e-02,-1.357640483361909622e-01,2.000000000000000000e+00
9.250800000000000134e-01,-7.902000000000000690e-02,-1.397429539878982940e-01,2.000000000000000000e+00
9.262799999999999923e-01,-7.922999999999999488e-02,-1.400738033427033069e-01,2.000000000000000000e+00
9.406499999999999861e-01,-8.149000000000000687e-02,-1.395688301648742857e-01,2.000000000000000000e+00
9.665300000000000002e-01,-8.376000000000000112e-02,-1.411590583185951264e-01,2.000000000000000000e+00
9.665300000000000002e-01,-8.376000000000000112e-02,-1.411590583185951264e-01,2.000000000000000000e+00
9.686799999999999855e-01,-8.394000000000000072e-02,-1.413037375778752880e-01,2.000000000000000000e+00
9.784000000000000474e-01,-8.626000000000000334e-02,-1.447159485807142654e-01,2.000000000000000000e+00
9.784000000000000474e-01,-8.626000000000000334e-02,-1.447159485807142654e-01,2.000000000000000000e+00
9.793199999999999683e-01,-8.648000000000000131e-02,-1.450368486982195892e-01,2.000000000000000000e+00
1.011670000000000069e+00,-9.203000000000000069e-02,-1.528032217877604571e-01,2.000000000000000000e+00
1.013109999999999955e+00,-9.228999999999999704e-02,-1.533408558237651931e-01,2.000000000000000000e+00
1.027249999999999996e+00,-9.500000000000000111e-02,-1.543908029557920225e-01,2.000000000000000000e+00
1.045770000000000088e+00,-9.805999999999999439e-02,-1.607828180433882870e-01,2.000000000000000000e+00
1.047520000000000007e+00,-9.836000000000000298e-02,-1.614267715851125384e-01,2.000000000000000000e+00
1.062419999999999920e+00,-1.008499999999999952e-01,-1.606532765518026706e-01,2.000000000000000000e+00
1.062419999999999920e+00,-1.008499999999999952e-01,-1.606532765518026706e-01,2.000000000000000000e+00
1.063790000000000013e+00,-1.010800000000000032e-01,-1.605823980520771355e-01,2.000000000000000000e+00
1.093990000000000018e+00,-1.055200000000000027e-01,-1.652400968486762711e-01,2.000000000000000000e+00
1.093990000000000018e+00,-1.055200000000000027e-01,-1.652400968486762711e-01,2.000000000000000000e+00
1.110519999999999952e+00,-1.086099999999999982e-01,-1.649195117449980819e-01,2.000000000000000000e+00
1.110519999999999952e+00,-1.086099999999999982e-01,-1.649195117449980819e-01,2.000000000000000000e+00
1.125320000000000098e+00,-1.112199999999999994e-01,-1.706995914989351826e-01,2.000000000000000000e+00
1.125320000000000098e+00,-1.112199999999999994e-01,-1.706995914989351826e-01,2.000000000000000000e+00
1.125320000000000098e+00,-1.112199999999999994e-01,-1.706995914989351826e-01,2.000000000000000000e+00
1.126600000000000046e+00,-1.114499999999999935e-01,-1.712503480126827404e-01,2.000000000000000000e+00
1.158460000000000045e+00,-1.171800000000000064e-01,-1.717475163839466135e-01,2.000000000000000000e+00
1.174730000000000052e+00,-1.203499999999999986e-01,-1.733700782097294391e-01,2.000000000000000000e+00
1.190919999999999979e+00,-1.237400000000000028e-01,-1.749626042090660083e-01,2.000000000000000000e+00
1.190919999999999979e+00,-1.237400000000000028e-01,-1.749626042090660083e-01,2.000000000000000000e+00
1.190919999999999979e+00,-1.237400000000000028e-01,-1.749626042090660083e-01,2.000000000000000000e+00
1.206520000000000037e+00,-1.273600000000000010e-01,-1.786073742253304619e-01,2.000000000000000000e+00
1.206520000000000037e+00,-1.273600000000000010e-01,-1.786073742253304619e-01,2.000000000000000000e+00
1.220110000000000028e+00,-1.305099999999999871e-01,-1.777345444946593633e-01,2.000000000000000000e+00
1.242909999999999959e+00,-1.342599999999999905e-01,-1.845424663298599333e-01,2.000000000000000000e+00
1.242909999999999959e+00,-1.342599999999999905e-01,-1.845424663298599333e-01,2.000000000000000000e+00
1.242909999999999959e+00,-1.342599999999999905e-01,-1.845424663298599333e-01,2.000000000000000000e+00
1.245940000000000047e+00,-1.347899999999999932e-01,-1.854432122423955165e-01,2.000000000000000000e+00
1.245940000000000047e+00,-1.347899999999999932e-01,-1.854432122423955165e-01,2.000000000000000000e+00
1.294119999999999937e+00,-1.443300000000000138e-01,-1.929216673393849280e-01,2.000000000000000000e+00
1.296130000000000004e+00,-1.446600000000000108e-01,-1.928229276737065678e-01,2.000000000000000000e+00
1.306340000000000057e+00,-1.467900000000000038e-01,-1.964043341082435390e-01,2.000000000000000000e+00
1.323930000000000051e+00,-1.496999999999999997e-01,-1.956966894282217428e-01,2.000000000000000000e+00
1.323930000000000051e+00,-1.496999999999999997e-01,-1.956966894282217428e-01,2.000000000000000000e+00
1.341380000000000017e+00,-1.531500000000000083e-01,-1.970846196906469450e-01,2.000000000000000000e+00
1.341380000000000017e+00,-1.531500000000000083e-01,-1.970846196906469450e-01,2.000000000000000000e+00
1.341380000000000017e+00,-1.531500000000000083e-01,-1.970846196906469450e-01,2.000000000000000000e+00
1.341380000000000017e+00,-1.531500000000000083e-01,-1.970846196906469450e-01,2.000000000000000000e+00
1.341380000000000017e+00,-1.531500000000000083e-01,-1.970846196906469450e-01,2.000000000000000000e+00
1.341380000000000017e+00,-1.531500000000000083e-01,-1.970846196906469450e-01,2.000000000000000000e+00
1.341380000000000017e+00,-1.531500000000000083e-01,-1.970846196906469450e-01,2.000000000000000000e+00
1.341380000000000017e+00,-1.531500000000000083e-01,-1.970846196906469450e-01,2.000000000000000000e+00
1.341380000000000017e+00,-1.531500000000000083e-01,-1.970846196906469450e-01,2.000000000000000000e+00
1.341380000000000017e+00,-1.531500000000000083e-01,-1.970846196906469450e-01,2.000000000000000000e+00
1.436530000000000085e+00,-1.752199999999999869e-01,-2.097577121909898201e-01,2.000000000000000000e+00
1.464650000000000007e+00,-1.840700000000000114e-01,-2.151830253887104250e-01,2.000000000000000000e+00
1.464650000000000007e+00,-1.840700000000000114e-01,-2.151830253887104250e-01,2.000000000000000000e+00
1.471510000000000096e+00,-1.836899999999999922e-01,-2.161219471354735300e-01,2.000000000000000000e+00
1.482040000000000024e+00,-1.864200000000000024e-01,-2.199090983514862263e-01,2.000000000000000000e+00
1.482040000000000024e+00,-1.864200000000000024e-01,-2.199090983514862263e-01,2.000000000000000000e+00
1.499900000000000011e+00,-1.905300000000000049e-01,-2.222033966150854800e-01,2.000000000000000000e+00
1.506359999999999921e+00,-1.927300000000000124e-01,-2.230639816574932210e-01,2.000000000000000000e+00
1.506359999999999921e+00,-1.927300000000000124e-01,-2.230639816574932210e-01,2.000000000000000000e+00
1.530440000000000023e+00,-1.969499999999999862e-01,-2.247140886705122631e-01,2.000000000000000000e+00
1.543779999999999930e+00,-2.002099999999999991e-01,-2.261744948803600941e-01,2.000000000000000000e+00
1.543779999999999930e+00,-2.002099999999999991e-01,-2.261744948803600941e-01,2.000000000000000000e+00
1.557649999999999979e+00,-2.053300000000000125e-01,-2.250162730133217215e-01,2.000000000000000000e+00
1.575979999999999936e+00,-2.096899999999999875e-01,-2.267437419639361795e-01,2.000000000000000000e+00
1.577239999999999975e+00,-2.099800000000000000e-01,-2.268762959461164130e-01,2.000000000000000000e+00
1.582859999999999934e+00,-2.093299999999999883e-01,-2.269209996697197640e-01,2.000000000000000000e+00
1.594810000000000061e+00,-2.128700000000000037e-01,-2.284237383943149846e-01,2.000000000000000000e+00
1.595609999999999973e+00,-2.131200000000000039e-01,-2.285266477861092327e-01,2.000000000000000000e+00
1.607129999999999947e+00,-2.161700000000000010e-01,-2.305469852934582953e-01,2.000000000000000000e+00
1.624370000000000092e+00,-2.206799999999999873e-01,-2.349476197945880585e-01,2.000000000000000000e+00
1.624370000000000092e+00,-2.206799999999999873e-01,-2.349476197945880585e-01,2.000000000000000000e+00
1.643499999999999961e+00,-2.257899999999999907e-01,-2.368695074433720960e-01,2.000000000000000000e+00
1.643499999999999961e+00,-2.257899999999999907e-01,-2.368695074433720960e-01,2.000000000000000000e+00
1.674760000000000026e+00,-2.348200000000000010e-01,-2.413582634426298945e-01,2.000000000000000000e+00
1.674760000000000026e+00,-2.348200000000000010e-01,-2.413582634426298945e-01,2.000000000000000000e+00
1.681380000000000097e+00,-2.393200000000000049e-01,-2.454499734104033104e-01,2.000000000000000000e+00
1.681380000000000097e+00,-2.393200000000000049e-01,-2.454499734104033104e-01,2.000000000000000000e+00
1.707670000000000021e+00,-2.447100000000000108e-01,-2.471641586112725553e-01,2.000000000000000000e+00
1.714790000000000036e+00,-2.444600000000000106e-01,-2.476681506083014406e-01,2.000000000000000000e+00
1.722609999999999975e+00,-2.475499999999999923e-01,-2.435277499666907985e-01,2.000000000000000000e+00
1.722609999999999975e+00,-2.475499999999999923e-01,-2.435277499666907985e-01,2.000000000000000000e+00
1.740280000000000049e+00,-2.519399999999999973e-01,-2.477906923855299204e-01,2.000000000000000000e+00
1.754070000000000018e+00,-2.553099999999999814e-01,-2.491565698467516354e-01,2.000000000000000000e+00
1.754070000000000018e+00,-2.553099999999999814e-01,-2.491565698467516354e-01,2.000000000000000000e+00
1.764440000000000008e+00,-2.588199999999999945e-01,-2.558157498629762272e-01,2.000000000000000000e+00
1.764440000000000008e+00,-2.588199999999999945e-01,-2.558157498629762272e-01,2.000000000000000000e+00
1.782759999999999900e+00,-2.634099999999999775e-01,-2.607341802006908904e-01,2.000000000000000000e+00
1.784340000000000037e+00,-2.637999999999999790e-01,-2.611201341075739535e-01,2.000000000000000000e+00
1.802729999999999944e+00,-2.684300000000000019e-01,-2.634096379942658661e-01,2.000000000000000000e+00
1.817930000000000046e+00,-2.730000000000000204e-01,-2.621939293614289346e-01,2.000000000000000000e+00
1.817930000000000046e+00,-2.730000000000000204e-01,-2.621939293614289346e-01,2.000000000000000000e+00
1.830869999999999997e+00,-2.771700000000000275e-01,-2.633693556686015902e-01,2.000000000000000000e+00
1.830869999999999997e+00,-2.771700000000000275e-01,-2.633693556686015902e-01,2.000000000000000000e+00
1.843800000000000106e+00,-2.813599999999999990e-01,-2.651563306342898940e-01,2.000000000000000000e+00
1.855310000000000015e+00,-2.858800000000000230e-01,-2.694038682551448405e-01,2.000000000000000000e+00
1.855310000000000015e+00,-2.858800000000000230e-01,-2.694038682551448405e-01,2.000000000000000000e+00
1.875599999999999934e+00,-2.914900000000000269e-01,-2.719108644550050635e-01,2.000000000000000000e+00
1.875599999999999934e+00,-2.914900000000000269e-01,-2.719108644550050635e-01,2.000000000000000000e+00
1.887289999999999912e+00,-2.957199999999999829e-01,-2.766258738296688557e-01,2.000000000000000000e+00
1.888030000000000097e+00,-2.959999999999999853e-01,-2.769547361611960357e-01,2.000000000000000000e+00
1.908379999999999965e+00,-3.011199999999999988e-01,-2.787193999767648145e-01,2.000000000000000000e+00
1.914660000000000029e+00,-3.041200000000000014e-01,-2.797132949604811403e-01,2.000000000000000000e+00
1.914660000000000029e+00,-3.041200000000000014e-01,-2.797132949604811403e-01,2.000000000000000000e+00
1.934350000000000014e+00,-3.097099999999999853e-01,-2.823155472222088624e-01,2.000000000000000000e+00
1.955500000000000016e+00,-3.149299999999999877e-01,-2.842359895426760930e-01,2.000000000000000000e+00
1.955500000000000016e+00,-3.149299999999999877e-01,-2.842359895426760930e-01,2.000000000000000000e+00
1.959519999999999929e+00,-3.171300000000000230e-01,-2.879265125766288236e-01,2.000000000000000000e+00
1.959519999999999929e+00,-3.171300000000000230e-01,-2.879265125766288236e-01,2.000000000000000000e+00
1.964439999999999964e+00,-3.187900000000000178e-01,-2.860568272090739383e-01,2.000000000000000000e+00
1.964439999999999964e+00,-3.187900000000000178e-01,-2.860568272090739383e-01,2.000000000000000000e+00
1.983249999999999957e+00,-3.231600000000000028e-01,-2.869788873220776582e-01,2.000000000000000000e+00
1.987069999999999892e+00,-3.248500000000000276e-01,-2.877745354513902565e-01,2.000000000000000000e+00
1.987069999999999892e+00,-3.248500000000000276e-01,-2.877745354513902565e-01,2.000000000000000000e+00
1.997000000000000108e+00,-3.274500000000000188e-01,-2.885644386418345642e-01,2.000000000000000000e+00
1.997000000000000108e+00,-3.274500000000000188e-01,-2.885644386418345642e-01,2.000000000000000000e+00
1.999500000000000055e+00,-3.297700000000000076e-01,-2.894428133375354095e-01,2.000000000000000000e+00
1.999649999999999928e+00,-3.299599999999999755e-01,-2.895185132959383068e-01,2.000000000000000000e+00
2.007270000000000110e+00,-3.316299999999999804e-01,-2.928626354803258169e-01,2.000000000000000000e+00
2.018979999999999997e+00,-3.336600000000000121e-01,-2.912021780428659667e-01,2.000000000000000000e+00
2.018979999999999997e+00,-3.336600000000000121e-01,-2.912021780428659667e-01,2.000000000000000000e+00
2.020319999999999894e+00,-3.343099999999999961e-01,-2.911070508600832607e-01,2.000000000000000000e+00
2.020319999999999894e+00,-3.343099999999999961e-01,-2.911070508600832607e-01,2.000000000000000000e+00
2.014580000000000037e+00,-3.337999999999999856e-01,-2.878583804062306295e-01,2.000000000000000000e+00
2.014060000000000183e+00,-3.337499999999999911e-01,-2.875641283911377633e-01,2.000000000000000000e+00
2.012249999999999872e+00,-3.327800000000000202e-01,-2.903226422394142858e-01,2.000000000000000000e+00
2.012070000000000025e+00,-3.326799999999999757e-01,-2.905846226379049657e-01,2.000000000000000000e+00
2.011760000000000215e+00,-3.324300000000000033e-01,-2.905345137045729498e-01,2.000000000000000000e+00
2.011880000000000113e+00,-3.327600000000000002e-01,-2.906145087231400970e-01,2.000000000000000000e+00
2.011880000000000113e+00,-3.327600000000000002e-01,-2.906145087231400970e-01,2.000000000000000000e+00
2.013459999999999805e+00,-3.328499999999999792e-01,-2.876217938019106080e-01,2.000000000000000000e+00
2.013590000000000213e+00,-3.328599999999999892e-01,-2.873726929545362130e-01,2.000000000000000000e+00
2.011789999999999967e+00,-3.328800000000000092e-01,-2.906762334360904476e-01,2.000000000000000000e+00
2.012030000000000207e+00,-3.327700000000000102e-01,-2.906400801495510611e-01,2.000000000000000000e+00
2.012030000000000207e+00,-3.327700000000000102e-01,-2.906400801495510611e-01,2.000000000000000000e+00
2.011760000000000215e+00,-3.324300000000000033e-01,-2.905367857561386158e-01,2.000000000000000000e+00
2.011760000000000215e+00,-3.324300000000000033e-01,-2.905367857561386158e-01,2.000000000000000000e+00
2.012160000000000171e+00,-3.326100000000000168e-01,-2.904854509990553724e-01,2.000000000000000000e+00
2.012199999999999989e+00,-3.326200000000000268e-01,-2.904819589157944248e-01,2.000000000000000000e+00
2.012090000000000156e+00,-3.327499999999999902e-01,-2.909867400939011861e-01,2.000000000000000000e+00
2.012090000000000156e+00,-3.327499999999999902e-01,-2.909867400939011861e-01,2.000000000000000000e+00
2.020020000000000149e+00,-3.339300000000000046e-01,-2.910291556555250625e-01,2.000000000000000000e+00
2.012739999999999974e+00,-3.328699999999999992e-01,-2.906444945093198950e-01,2.000000000000000000e+00
2.012739999999999974e+00,-3.328699999999999992e-01,-2.906444945093198950e-01,2.000000000000000000e+00
2.013450000000000184e+00,-3.327700000000000102e-01,-2.875917903693337996e-01,2.000000000000000000e+00
2.013570000000000082e+00,-3.327700000000000102e-01,-2.873443539060365759e-01,2.000000000000000000e+00
2.013570000000000082e+00,-3.327700000000000102e-01,-2.873443539060365759e-01,2.000000000000000000e+00
2.019979999999999887e+00,-3.338999999999999746e-01,-2.907307823311862105e-01,2.000000000000000000e+00
2.019979999999999887e+00,-3.338999999999999746e-01,-2.907307823311862105e-01,2.000000000000000000e+00
2.012459999999999916e+00,-3.328300000000000147e-01,-2.906405487481448779e-01,2.000000000000000000e+00
2.012459999999999916e+00,-3.328300000000000147e-01,-2.906405487481448779e-01,2.000000000000000000e+00
2.011709999999999887e+00,-3.327200000000000157e-01,-2.906044465450077774e-01,2.000000000000000000e+00
2.013570000000000082e+00,-3.327700000000000102e-01,-2.873443539060365759e-01,2.000000000000000000e+00
6.000000000000000152e-05,-1.000000000000000082e-05,0.000000000000000000e+00,2.000000000000000000e+00
6.000000000000000152e-05,-1.000000000000000082e-05,0.000000000000000000e+00,2.000000000000000000e+00
2.500000000000000052e-04,-2.000000000000000164e-05,1.766532296754443846e-04,2.000000000000000000e+00
2.500000000000000052e-04,-2.000000000000000164e-05,1.766532296754443846e-04,2.000000000000000000e+00
6.000000000000000152e-05,-0.000000000000000000e+00,1.383265541198434650e-04,2.000000000000000000e+00
6.000000000000000152e-05,-0.000000000000000000e+00,1.383265541198434650e-04,2.000000000000000000e+00
1.690000000000000096e-03,-2.799999999999999755e-04,-1.445416179484397545e-03,2.000000000000000000e+00
-7.500000000000000156e-04,0.000000000000000000e+00,-1.585511700943127060e-04,2.000000000000000000e+00
-7.500000000000000156e-04,0.000000000000000000e+00,-1.585511700943127060e-04,2.000000000000000000e+00
1.600000000000000131e-04,-4.000000000000000327e-05,-1.184817350596861665e-04,2.000000000000000000e+00
1.600000000000000131e-04,-4.000000000000000327e-05,-1.184817350596861665e-04,2.000000000000000000e+00
3.299999999999999982e-04,1.000000000000000048e-04,5.777247422634356660e-04,2.000000000000000000e+00
3.299999999999999982e-04,1.000000000000000048e-04,5.777247422634356660e-04,2.000000000000000000e+00
2.629999999999999959e-03,1.700000000000000122e-04,-2.771275793555639730e-03,2.000000000000000000e+00
2.860000000000000129e-03,1.800000000000000113e-04,-3.110329921412262680e-03,2.000000000000000000e+00
6.519999999999999754e-03,2.100000000000000087e-04,1.073432761332786776e-03,2.000000000000000000e+00
6.810000000000000081e-03,2.100000000000000087e-04,1.396518016774439715e-03,2.000000000000000000e+00
1.094000000000000007e-02,3.099999999999999999e-04,-3.638872571955239707e-03,2.000000000000000000e+00
2.096999999999999906e-02,0.000000000000000000e+00,-3.756812421305401155e-03,2.000000000000000000e+00
2.096999999999999906e-02,0.000000000000000000e+00,-3.756812421305401155e-03,2.000000000000000000e+00
2.096999999999999906e-02,0.000000000000000000e+00,-3.756812421305401155e-03,2.000000000000000000e+00
3.998000000000000165e-02,-6.899999999999999667e-04,-9.294041222929866689e-03,2.000000000000000000e+00
3.998000000000000165e-02,-6.899999999999999667e-04,-9.294041222929866689e-03,2.000000000000000000e+00
4.930999999999999966e-02,-9.200000000000000278e-04,-1.127877088685490421e-02,2.000000000000000000e+00
4.930999999999999966e-02,-9.200000000000000278e-04,-1.127877088685490421e-02,2.000000000000000000e+00
4.930999999999999966e-02,-9.200000000000000278e-04,-1.127877088685490421e-02,2.000000000000000000e+00
4.930999999999999966e-02,-9.200000000000000278e-04,-1.127877088685490421e-02,2.000000000000000000e+00
4.930999999999999966e-02,-9.200000000000000278e-04,-1.127877088685490421e-02,2.000000000000000000e+00
4.930999999999999966e-02,-9.200000000000000278e-04,-1.127877088685490421e-02,2.000000000000000000e+00
4.930999999999999966e-02,-9.200000000000000278e-04,-1.127877088685490421e-02,2.000000000000000000e+00
4.930999999999999966e-02,-9.200000000000000278e-04,-1.127877088685490421e-02,2.000000000000000000e+00
4.930999999999999966e-02,-9.200000000000000278e-04,-1.127877088685490421e-02,2.000000000000000000e+00
4.930999999999999966e-02,-9.200000000000000278e-04,-1.127877088685490421e-02,2.000000000000000000e+00
1.119399999999999978e-01,-3.579999999999999849e-03,-2.755999615344061765e-02,2.000000000000000000e+00
1.282699999999999951e-01,-4.259999999999999898e-03,-2.882460467626539458e-02,2.000000000000000000e+00
1.435899999999999954e-01,-5.000000000000000104e-03,-3.120113827491723460e-02,2.000000000000000000e+00
1.568299999999999972e-01,-5.570000000000000298e-03,-3.524642619004296484e-02,2.000000000000000000e+00
1.568299999999999972e-01,-5.570000000000000298e-03,-3.524642619004296484e-02,2.000000000000000000e+00
1.720200000000000062e-01,-6.100000000000000387e-03,-3.789208882054249244e-02,2.000000000000000000e+00
1.720200000000000062e-01,-6.100000000000000387e-03,-3.789208882054249244e-02,2.000000000000000000e+00
1.843400000000000039e-01,-6.300000000000000044e-03,-4.035997718309423943e-02,2.000000000000000000e+00
1.851399999999999990e-01,-6.320000000000000097e-03,-4.052266103799524732e-02,2.000000000000000000e+00
2.042799999999999894e-01,-7.440000000000000432e-03,-4.362896222680628933e-02,2.000000000000000000e+00
2.057199999999999862e-01,-7.530000000000000235e-03,-4.385380015674819609e-02,2.000000000000000000e+00
2.057199999999999862e-01,-7.530000000000000235e-03,-4.385380015674819609e-02,2.000000000000000000e+00
2.057199999999999862e-01,-7.530000000000000235e-03,-4.385380015674819609e-02,2.000000000000000000e+00
2.057199999999999862e-01,-7.530000000000000235e-03,-4.385380015674819609e-02,2.000000000000000000e+00
2.057199999999999862e-01,-7.530000000000000235e-03,-4.385380015674819609e-02,2.000000000000000000e+00
2.057199999999999862e-01,-7.530000000000000235e-03,-4.385380015674819609e-02,2.000000000000000000e+00
2.057199999999999862e-01,-7.530000000000000235e-03,-4.385380015674819609e-02,2.000000000000000000e+00
2.057199999999999862e-01,-7.530000000000000235e-03,-4.385380015674819609e-02,2.000000000000000000e+00
2.057199999999999862e-01,-7.530000000000000235e-03,-4.385380015674819609e-02,2.000000000000000000e+00
2.057199999999999862e-01,-7.530000000000000235e-03,-4.385380015674819609e-02,2.000000000000000000e+00
2.057199999999999862e-01,-7.530000000000000235e-03,-4.385380015674819609e-02,2.000000000000000000e+00
3.155700000000000172e-01,-1.683000000000000121e-02,-6.145604110320664060e-02,2.000000000000000000e+00
3.318800000000000083e-01,-1.796000000000000027e-02,-6.764573741998533563e-02,2.000000000000000000e+00
3.318800000000000083e-01,-1.796000000000000027e-02,-6.764573741998533563e-02,2.000000000000000000e+00
3.490900000000000114e-01,-1.919999999999999832e-02,-6.923877269040955296e-02,2.000000000000000000e+00
3.490900000000000114e-01,-1.919999999999999832e-02,-6.923877269040955296e-02,2.000000000000000000e+00
3.723500000000000143e-01,-1.968999999999999917e-02,-6.946383629260370618e-02,2.000000000000000000e+00
3.744100000000000206e-01,-1.973000000000000101e-02,-6.947671733051004328e-02,2.000000000000000000e+00
3.901299999999999768e-01,-2.086000000000000007e-02,-7.149786090137501271e-02,2.000000000000000000e+00
4.012100000000000111e-01,-2.146999999999999950e-02,-7.280869992015537306e-02,2.000000000000000000e+00
4.012100000000000111e-01,-2.146999999999999950e-02,-7.280869992015537306e-02,2.000000000000000000e+00
4.195099999999999940e-01,-2.259999999999999856e-02,-7.529439477219952714e-02,2.000000000000000000e+00
4.195099999999999940e-01,-2.259999999999999856e-02,-7.529439477219952714e-02,2.000000000000000000e+00
4.377699999999999925e-01,-2.433000000000000093e-02,-7.474853025970384923e-02,2.000000000000000000e+00
4.377699999999999925e-01,-2.433000000000000093e-02,-7.474853025970384923e-02,2.000000000000000000e+00
4.489199999999999857e-01,-2.546999999999999958e-02,-7.577408474782643122e-02,2.000000000000000000e+00
4.489199999999999857e-01,-2.546999999999999958e-02,-7.577408474782643122e-02,2.000000000000000000e+00
4.666399999999999992e-01,-2.687000000000000152e-02,-8.174068727468003503e-02,2.000000000000000000e+00
4.822100000000000275e-01,-2.811999999999999916e-02,-8.365504631232863197e-02,2.000000000000000000e+00
4.822100000000000275e-01,-2.811999999999999916e-02,-8.365504631232863197e-02,2.000000000000000000e+00
4.834999999999999853e-01,-2.823000000000000162e-02,-8.378437788649596707e-02,2.000000000000000000e+00
4.976200000000000068e-01,-2.997000000000000011e-02,-8.461897574700168179e-02,2.000000000000000000e+00
5.131700000000000150e-01,-3.187000000000000249e-02,-8.956697279705197468e-02,2.000000000000000000e+00
5.309700000000000530e-01,-3.418999999999999817e-02,-9.510130206964223509e-02,2.000000000000000000e+00
5.309700000000000530e-01,-3.418999999999999817e-02,-9.510130206964223509e-02,2.000000000000000000e+00
5.447499999999999565e-01,-3.592000000000000054e-02,-9.694079038776926005e-02,2.000000000000000000e+00
5.447499999999999565e-01,-3.592000000000000054e-02,-9.694079038776926005e-02,2.000000000000000000e+00
5.607199999999999962e-01,-3.756999999999999923e-02,-9.994228821647821448e-02,2.000000000000000000e+00
5.620600000000000041e-01,-3.771000000000000046e-02,-1.002018245477704350e-01,2.000000000000000000e+00
5.820300000000000473e-01,-3.960000000000000325e-02,-1.008940947999167892e-01,2.000000000000000000e+00
5.935700000000000420e-01,-4.087999999999999967e-02,-1.002240485835748374e-01,2.000000000000000000e+00
5.935700000000000420e-01,-4.087999999999999967e-02,-1.002240485835748374e-01,2.000000000000000000e+00
5.945300000000000029e-01,-4.100000000000000172e-02,-1.001503456951394477e-01,2.000000000000000000e+00
6.067799999999999860e-01,-4.227999999999999814e-02,-1.029816065912568940e-01,2.000000000000000000e+00
6.228900000000000547e-01,-4.399999999999999745e-02,-1.040440918042976476e-01,2.000000000000000000e+00
6.392099999999999449e-01,-4.529999999999999999e-02,-1.067530019642135009e-01,2.000000000000000000e+00
6.392099999999999449e-01,-4.529999999999999999e-02,-1.067530019642135009e-01,2.000000000000000000e+00
6.616199999999999859e-01,-4.968999999999999806e-02,-1.090580081286737918e-01,2.000000000000000000e+00
6.616199999999999859e-01,-4.968999999999999806e-02,-1.090580081286737918e-01,2.000000000000000000e+00
6.787999999999999590e-01,-5.188000000000000250e-02,-1.121544654893871090e-01,2.000000000000000000e+00
6.801700000000000523e-01,-5.204000000000000292e-02,-1.124137628553672913e-01,2.000000000000000000e+00
6.952700000000000546e-01,-5.408999999999999919e-02,-1.156873309259870836e-01,2.000000000000000000e+00
7.096400000000000485e-01,-5.577000000000000013e-02,-1.171665157752588976e-01,2.000000000000000000e+00
7.096400000000000485e-01,-5.577000000000000013e-02,-1.171665157752588976e-01,2.000000000000000000e+00
7.096400000000000485e-01,-5.577000000000000013e-02,-1.171665157752588976e-01,2.000000000000000000e+00
7.263100000000000112e-01,-5.870999999999999830e-02,-1.184773502341003315e-01,2.000000000000000000e+00
7.435899999999999732e-01,-6.160999999999999810e-02,-1.219488080155236576e-01,2.000000000000000000e+00
7.573600000000000332e-01,-6.374000000000000499e-02,-1.279006309495163141e-01,2.000000000000000000e+00
7.573600000000000332e-01,-6.374000000000000499e-02,-1.279006309495163141e-01,2.000000000000000000e+00
7.585800000000000320e-01,-6.393000000000000071e-02,-1.284522298405417762e-01,2.000000000000000000e+00
7.585800000000000320e-01,-6.393000000000000071e-02,-1.284522298405417762e-01,2.000000000000000000e+00
7.585800000000000320e-01,-6.393000000000000071e-02,-1.284522298405417762e-01,2.000000000000000000e+00
7.715400000000000036e-01,-6.569999999999999452e-02,-1.297250670679935269e-01,2.000000000000000000e+00
8.032899999999999485e-01,-6.994999999999999829e-02,-1.321866762951237895e-01,2.000000000000000000e+00
8.216099999999999515e-01,-7.248000000000000276e-02,-1.357789461695026456e-01,2.000000000000000000e+00
8.216099999999999515e-01,-7.248000000000000276e-02,-1.357789461695026456e-01,2.000000000000000000e+00
8.230800000000000338e-01,-7.267999999999999461e-02,-1.360822589605291955e-01,2.000000000000000000e+00
8.611600000000000366e-01,-7.611999999999999322e-02,-1.411904389768341150e-01,2.000000000000000000e+00
8.611600000000000366e-01,-7.611999999999999322e-02,-1.411904389768341150e-01,2.000000000000000000e+00
8.798399999999999554e-01,-7.850999999999999646e-02,-1.429487029338462889e-01,2.000000000000000000e+00
8.798399999999999554e-01,-7.850999999999999646e-02,-1.429487029338462889e-01,2.000000000000000000e+00
8.945100000000000273e-01,-8.092000000000000581e-02,-1.444901070600174420e-01,2.000000000000000000e+00
8.945100000000000273e-01,-8.092000000000000581e-02,-1.444901070600174420e-01,2.000000000000000000e+00
9.060200000000000475e-01,-8.297999999999999821e-02,-1.457407919626500514e-01,2.000000000000000000e+00
9.070200000000000484e-01,-8.315999999999999781e-02,-1.458490831203358706e-01,2.000000000000000000e+00
9.239500000000000490e-01,-8.577999999999999514e-02,-1.493789565842547906e-01,2.000000000000000000e+00
9.391699999999999493e-01,-8.851000000000000534e-02,-1.509179979369167091e-01,2.000000000000000000e+00
9.391699999999999493e-01,-8.851000000000000534e-02,-1.509179979369167091e-01,2.000000000000000000e+00
9.542100000000000026e-01,-9.148000000000000576e-02,-1.525979688594120975e-01,2.000000000000000000e+00
9.554899999999999505e-01,-9.173000000000000598e-02,-1.527431463719208515e-01,2.000000000000000000e+00
9.724099999999999966e-01,-9.500000000000000111e-02,-1.563446479296587699e-01,2.000000000000000000e+00
9.834899999999999753e-01,-9.736999999999999822e-02,-1.603993044978052063e-01,2.000000000000000000e+00
9.834899999999999753e-01,-9.736999999999999822e-02,-1.603993044978052063e-01,2.000000000000000000e+00
1.002099999999999991e+00,-1.003799999999999970e-01,-1.641286115691960035e-01,2.000000000000000000e+00
1.002099999999999991e+00,-1.003799999999999970e-01,-1.641286115691960035e-01,2.000000000000000000e+00
1.017460000000000031e+00,-1.030400000000000066e-01,-1.659029479473150270e-01,2.000000000000000000e+00
1.018850000000000033e+00,-1.032900000000000068e-01,-1.660503861235834711e-01,2.000000000000000000e+00
1.037109999999999976e+00,-1.062700000000000033e-01,-1.677339723825048146e-01,2.000000000000000000e+00
1.052589999999999915e+00,-1.091700000000000031e-01,-1.712330573482983842e-01,2.000000000000000000e+00
1.052589999999999915e+00,-1.091700000000000031e-01,-1.712330573482983842e-01,2.000000000000000000e+00
1.063239999999999963e+00,-1.113500000000000045e-01,-1.752043488444443575e-01,2.000000000000000000e+00
1.063239999999999963e+00,-1.113500000000000045e-01,-1.752043488444443575e-01,2.000000000000000000e+00
1.094850000000000101e+00,-1.184599999999999959e-01,-1.805063423347121887e-01,2.000000000000000000e+00
1.094850000000000101e+00,-1.184599999999999959e-01,-1.805063423347121887e-01,2.000000000000000000e+00
1.108130000000000059e+00,-1.214299999999999963e-01,-1.820970455772285002e-01,2.000000000000000000e+00
1.108130000000000059e+00,-1.214299999999999963e-01,-1.820970455772285002e-01,2.000000000000000000e+00
1.123469999999999969e+00,-1.245499999999999940e-01,-1.838600217981414542e-01,2.000000000000000000e+00
1.145569999999999977e+00,-1.268600000000000005e-01,-1.853045772527915913e-01,2.000000000000000000e+00
1.145569999999999977e+00,-1.268600000000000005e-01,-1.853045772527915913e-01,2.000000000000000000e+00
1.163149999999999906e+00,-1.302399999999999947e-01,-1.848745625097260870e-01,2.000000000000000000e+00
1.163149999999999906e+00,-1.302399999999999947e-01,-1.848745625097260870e-01,2.000000000000000000e+00
1.179230000000000000e+00,-1.342200000000000060e-01,-1.864061353311857738e-01,2.000000000000000000e+00
1.180579999999999963e+00,-1.345600000000000129e-01,-1.865515943802046883e-01,2.000000000000000000e+00
1.194299999999999917e+00,-1.376499999999999946e-01,-1.926288931068576848e-01,2.000000000000000000e+00
1.210679999999999978e+00,-1.411600000000000077e-01,-1.945765525526312878e-01,2.000000000000000000e+00
1.210679999999999978e+00,-1.411600000000000077e-01,-1.945765525526312878e-01,2.000000000000000000e+00
1.226630000000000109e+00,-1.444100000000000106e-01,-1.987917085619687607e-01,2.000000000000000000e+00
1.227989999999999915e+00,-1.446900000000000130e-01,-1.991736101723557140e-01,2.000000000000000000e+00
1.247069999999999901e+00,-1.480299999999999949e-01,-2.028219590865582844e-01,2.000000000000000000e+00
1.260199999999999987e+00,-1.508899999999999963e-01,-2.025815095828866763e-01,2.000000000000000000e+00
1.260199999999999987e+00,-1.508899999999999963e-01,-2.025815095828866763e-01,2.000000000000000000e+00
1.281630000000000047e+00,-1.550700000000000134e-01,-2.039854378940476332e-01,2.000000000000000000e+00
1.281630000000000047e+00,-1.550700000000000134e-01,-2.039854378940476332e-01,2.000000000000000000e+00
1.293320000000000025e+00,-1.577900000000000136e-01,-2.077198994958115996e-01,2.000000000000000000e+00
1.293320000000000025e+00,-1.577900000000000136e-01,-2.077198994958115996e-01,2.000000000000000000e+00
1.293320000000000025e+00,-1.577900000000000136e-01,-2.077198994958115996e-01,2.000000000000000000e+00
1.326589999999999936e+00,-1.644299999999999928e-01,-2.113761016604175924e-01,2.000000000000000000e+00
1.326589999999999936e+00,-1.644299999999999928e-01,-2.113761016604175924e-01,2.000000000000000000e+00
1.340810000000000057e+00,-1.676600000000000035e-01,-2.078963154491978993e-01,2.000000000000000000e+00
1.340810000000000057e+00,-1.676600000000000035e-01,-2.078963154491978993e-01,2.000000000000000000e+00
1.356889999999999930e+00,-1.713500000000000023e-01,-2.115443804788843252e-01,2.000000000000000000e+00
1.358530000000000015e+00,-1.717400000000000038e-01,-2.119794136288260245e-01,2.000000000000000000e+00
1.374719999999999942e+00,-1.751900000000000124e-01,-2.132024231976230588e-01,2.000000000000000000e+00
1.385920000000000041e+00,-1.785200000000000120e-01,-2.168617874461152562e-01,2.000000000000000000e+00
1.385920000000000041e+00,-1.785200000000000120e-01,-2.168617874461152562e-01,2.000000000000000000e+00
1.402390000000000025e+00,-1.832000000000000017e-01,-2.192677457712940148e-01,2.000000000000000000e+00
1.402390000000000025e+00,-1.832000000000000017e-01,-2.192677457712940148e-01,2.000000000000000000e+00
1.419519999999999893e+00,-1.873799999999999910e-01,-2.240004495757189351e-01,2.000000000000000000e+00
1.420849999999999946e+00,-1.877000000000000057e-01,-2.243909643702449441e-01,2.000000000000000000e+00
1.436129999999999907e+00,-1.915300000000000058e-01,-2.282136130275785046e-01,2.000000000000000000e+00
1.436129999999999907e+00,-1.915300000000000058e-01,-2.282136130275785046e-01,2.000000000000000000e+00
1.448339999999999961e+00,-1.948199999999999932e-01,-2.296611820804935755e-01,2.000000000000000000e+00
1.459330000000000016e+00,-1.979100000000000026e-01,-2.335263815783789332e-01,2.000000000000000000e+00
1.460309999999999997e+00,-1.981900000000000051e-01,-2.338967265278861785e-01,2.000000000000000000e+00
1.477600000000000025e+00,-2.022100000000000009e-01,-2.334414947068175483e-01,2.000000000000000000e+00
1.496050000000000102e+00,-2.066500000000000004e-01,-2.344847480460713618e-01,2.000000000000000000e+00
1.496050000000000102e+00,-2.066500000000000004e-01,-2.344847480460713618e-01,2.000000000000000000e+00
1.523770000000000069e+00,-2.150100000000000067e-01,-2.427126661139733521e-01,2.000000000000000000e+00
1.523770000000000069e+00,-2.150100000000000067e-01,-2.427126661139733521e-01,2.000000000000000000e+00
1.539239999999999942e+00,-2.192099999999999882e-01,-2.397592551347297318e-01,2.000000000000000000e+00
1.540450000000000097e+00,-2.195300000000000029e-01,-2.394230815989715766e-01,2.000000000000000000e+00
1.550799999999999956e+00,-2.225999999999999923e-01,-2.434314618183194834e-01,2.000000000000000000e+00
1.568910000000000027e+00,-2.271400000000000086e-01,-2.452817708622902215e-01,2.000000000000000000e+00
1.568910000000000027e+00,-2.271400000000000086e-01,-2.452817708622902215e-01,2.000000000000000000e+00
1.587650000000000006e+00,-2.323699999999999932e-01,-2.480071321925035877e-01,2.000000000000000000e+00
1.587650000000000006e+00,-2.323699999999999932e-01,-2.480071321925035877e-01,2.000000000000000000e+00
1.600440000000000085e+00,-2.361399999999999888e-01,-2.489910597411656712e-01,2.000000000000000000e+00
1.617320000000000091e+00,-2.398399999999999976e-01,-2.514625056906642508e-01,2.000000000000000000e+00
1.617320000000000091e+00,-2.398399999999999976e-01,-2.514625056906642508e-01,2.000000000000000000e+00
1.617320000000000091e+00,-2.398399999999999976e-01,-2.514625056906642508e-01,2.000000000000000000e+00
1.617320000000000091e+00,-2.398399999999999976e-01,-2.514625056906642508e-01,2.000000000000000000e+00
1.653939999999999966e+00,-2.500100000000000100e-01,-2.589075721980416134e-01,2.000000000000000000e+00
1.653939999999999966e+00,-2.500100000000000100e-01,-2.589075721980416134e-01,2.000000000000000000e+00
1.673159999999999981e+00,-2.549500000000000099e-01,-2.606999775817998022e-01,2.000000000000000000e+00
1.680039999999999978e+00,-2.580399999999999916e-01,-2.617495933640286987e-01,2.000000000000000000e+00
1.680039999999999978e+00,-2.580399999999999916e-01,-2.617495933640286987e-01,2.000000000000000000e+00
1.704039999999999999e+00,-2.635700000000000265e-01,-2.667521677430821359e-01,2.000000000000000000e+00
1.704039999999999999e+00,-2.635700000000000265e-01,-2.667521677430821359e-01,2.000000000000000000e+00
1.712259999999999893e+00,-2.670699999999999741e-01,-2.654446762524037551e-01,2.000000000000000000e+00
1.712259999999999893e+00,-2.670699999999999741e-01,-2.654446762524037551e-01,2.000000000000000000e+00
1.729279999999999928e+00,-2.716000000000000081e-01,-2.697450065764689930e-01,2.000000000000000000e+00
1.731179999999999941e+00,-2.721100000000000185e-01,-2.702619167165450365e-01,2.000000000000000000e+00
1.749540000000000095e+00,-2.767299999999999760e-01,-2.717400942012132004e-01,2.000000000000000000e+00
1.751260000000000039e+00,-2.771700000000000275e-01,-2.718785943517326165e-01,2.000000000000000000e+00
1.760310000000000041e+00,-2.803499999999999881e-01,-2.789442801346526668e-01,2.000000000000000000e+00
1.773660000000000014e+00,-2.846799999999999886e-01,-2.781775721888748443e-01,2.000000000000000000e+00
1.773660000000000014e+00,-2.846799999999999886e-01,-2.781775721888748443e-01,2.000000000000000000e+00
1.785779999999999923e+00,-2.886600000000000277e-01,-2.823708031938419460e-01,2.000000000000000000e+00
1.786759999999999904e+00,-2.889900000000000246e-01,-2.827674575906129473e-01,2.000000000000000000e+00
1.804650000000000087e+00,-2.936400000000000121e-01,-2.842705429144223306e-01,2.000000000000000000e+00
1.806810000000000027e+00,-2.942000000000000171e-01,-2.844524141261122741e-01,2.000000000000000000e+00
1.818640000000000034e+00,-2.983199999999999741e-01,-2.861973143391473018e-01,2.000000000000000000e+00
1.843259999999999899e+00,-3.091599999999999904e-01,-2.926758237195734580e-01,2.000000000000000000e+00
1.843259999999999899e+00,-3.091599999999999904e-01,-2.926758237195734580e-01,2.000000000000000000e+00
1.857359999999999900e+00,-3.146399999999999753e-01,-2.950455253556622526e-01,2.000000000000000000e+00
1.857359999999999900e+00,-3.146399999999999753e-01,-2.950455253556622526e-01,2.000000000000000000e+00
1.877620000000000067e+00,-3.199600000000000222e-01,-2.965394541567560882e-01,2.000000000000000000e+00
1.879259999999999931e+00,-3.203799999999999981e-01,-2.966548260033772255e-01,2.000000000000000000e+00
1.897880000000000011e+00,-3.240700000000000247e-01,-2.960055984731391199e-01,2.000000000000000000e+00
1.910700000000000065e+00,-3.284299999999999997e-01,-2.975894145456141060e-01,2.000000000000000000e+00
1.910700000000000065e+00,-3.284299999999999997e-01,-2.975894145456141060e-01,2.000000000000000000e+00
1.915280000000000094e+00,-3.310500000000000109e-01,-2.986286722560279050e-01,2.000000000000000000e+00
1.915610000000000035e+00,-3.312499999999999889e-01,-2.987084865183582960e-01,2.000000000000000000e+00
1.926460000000000061e+00,-3.343200000000000061e-01,-2.998091948118616346e-01,2.000000000000000000e+00
1.942329999999999890e+00,-3.385500000000000176e-01,-3.068818494404072506e-01,2.000000000000000000e+00
1.942329999999999890e+00,-3.385500000000000176e-01,-3.068818494404072506e-01,2.000000000000000000e+00
1.948029999999999928e+00,-3.408499999999999863e-01,-3.053923328053857467e-01,2.000000000000000000e+00
1.948029999999999928e+00,-3.408499999999999863e-01,-3.053923328053857467e-01,2.000000000000000000e+00
1.958259999999999890e+00,-3.431299999999999906e-01,-3.060994442019128181e-01,2.000000000000000000e+00
1.970169999999999977e+00,-3.462399999999999922e-01,-3.040537162698584428e-01,2.000000000000000000e+00
1.970169999999999977e+00,-3.462399999999999922e-01,-3.040537162698584428e-01,2.000000000000000000e+00
1.971279999999999921e+00,-3.472000000000000086e-01,-3.073297122482952504e-01,2.000000000000000000e+00
1.971279999999999921e+00,-3.472000000000000086e-01,-3.073297122482952504e-01,2.000000000000000000e+00
1.964830000000000076e+00,-3.466299999999999937e-01,-3.072456576496963021e-01,2.000000000000000000e+00
1.964210000000000012e+00,-3.465699999999999892e-01,-3.072084514427255719e-01,2.000000000000000000e+00
1.973859999999999948e+00,-3.487199999999999744e-01,-3.049038098590723944e-01,2.000000000000000000e+00
1.979770000000000030e+00,-3.501299999999999968e-01,-3.109671352589142290e-01,2.000000000000000000e+00
1.979770000000000030e+00,-3.501299999999999968e-01,-3.109671352589142290e-01,2.000000000000000000e+00
1.980240000000000000e+00,-3.502500000000000058e-01,-3.115343222118195365e-01,2.000000000000000000e+00
1.984129999999999949e+00,-3.508299999999999752e-01,-3.061438700123006451e-01,2.000000000000000000e+00
1.972760000000000069e+00,-3.488399999999999834e-01,-3.109336596750308934e-01,2.000000000000000000e+00
1.972760000000000069e+00,-3.488399999999999834e-01,-3.109336596750308934e-01,2.000000000000000000e+00
1.972960000000000047e+00,-3.488299999999999734e-01,-3.082200306850228499e-01,2.000000000000000000e+00
1.973079999999999945e+00,-3.488399999999999834e-01,-3.079356864154266238e-01,2.000000000000000000e+00
1.980809999999999960e+00,-3.500599999999999823e-01,-3.087056578337656343e-01,2.000000000000000000e+00
1.972529999999999895e+00,-3.488100000000000089e-01,-3.108380652951989731e-01,2.000000000000000000e+00
1.972529999999999895e+00,-3.488100000000000089e-01,-3.108380652951989731e-01,2.000000000000000000e+00
1.980779999999999985e+00,-3.503299999999999748e-01,-3.086526297081180759e-01,2.000000000000000000e+00
1.973940000000000028e+00,-3.489599999999999924e-01,-3.079660365306718384e-01,2.000000000000000000e+00
1.973940000000000028e+00,-3.489599999999999924e-01,-3.079660365306718384e-01,2.000000000000000000e+00
1.973260000000000014e+00,-3.488200000000000189e-01,-3.079257289918111429e-01,2.000000000000000000e+00
1.973100000000000076e+00,-3.488100000000000089e-01,-3.082886620734706096e-01,2.000000000000000000e+00
1.973270000000000080e+00,-3.488700000000000134e-01,-3.083441449257617317e-01,2.000000000000000000e+00
1.973119999999999985e+00,-3.488899999999999779e-01,-3.083549534119137125e-01,2.000000000000000000e+00
1.973119999999999985e+00,-3.488899999999999779e-01,-3.083549534119137125e-01,2.000000000000000000e+00
1.965500000000000025e+00,-3.478100000000000080e-01,-3.078957970227945706e-01,2.000000000000000000e+00
1.965500000000000025e+00,-3.478100000000000080e-01,-3.078957970227945706e-01,2.000000000000000000e+00
1.972180000000000044e+00,-3.487399999999999944e-01,-3.079145511925006629e-01,2.000000000000000000e+00
1.972900000000000098e+00,-3.488399999999999834e-01,-3.079214490894520706e-01,2.000000000000000000e+00
1.973349999999999937e+00,-3.490400000000000169e-01,-3.082573187020703487e-01,2.000000000000000000e+00
1.973039999999999905e+00,-3.490099999999999869e-01,-3.082810900083761130e-01,2.000000000000000000e+00
1.973039999999999905e+00,-3.490099999999999869e-01,-3.082810900083761130e-01,2.000000000000000000e+00
1.973419999999999952e+00,-3.488999999999999879e-01,-3.079752720694832746e-01,2.000000000000000000e+00
1.973419999999999952e+00,-3.488999999999999879e-01,-3.079752720694832746e-01,2.000000000000000000e+00
1.973300000000000054e+00,-3.488800000000000234e-01,-3.083139922753237450e-01,2.000000000000000000e+00
1.973289999999999988e+00,-3.488800000000000234e-01,-3.083457931501463190e-01,2.000000000000000000e+00
1.973289999999999988e+00,-3.488800000000000234e-01,-3.083457931501463190e-01,2.000000000000000000e+00
2.999999999999999737e-04,-5.000000000000000240e-05,0.000000000000000000e+00,2.000000000000000000e+00
-5.800000000000000034e-04,1.000000000000000082e-05,-2.083009639031925282e-04,2.000000000000000000e+00
-9.200000000000000278e-04,1.299999999999999886e-04,-1.610669244818471171e-03,2.000000000000000000e+00
-9.200000000000000278e-04,1.299999999999999886e-04,-1.610669244818471171e-03,2.000000000000000000e+00
-6.800000000000000488e-04,1.299999999999999886e-04,-1.413430796296768566e-03,2.000000000000000000e+00
-6.800000000000000488e-04,1.299999999999999886e-04,-1.413430796296768566e-03,2.000000000000000000e+00
5.199999999999999544e-04,-4.000000000000000327e-05,-1.303862878385529927e-03,2.000000000000000000e+00
6.099999999999999737e-04,-6.000000000000000152e-05,-1.297121081480284580e-03,2.000000000000000000e+00
4.899999999999999842e-04,-9.000000000000000567e-05,-1.588125349898566845e-03,2.000000000000000000e+00
4.699999999999999859e-04,-1.000000000000000048e-04,-1.615621593449828586e-03,2.000000000000000000e+00
5.999999999999999474e-04,-8.000000000000000654e-05,-1.618768895120243148e-03,2.000000000000000000e+00
2.799999999999999755e-04,1.000000000000000082e-05,7.204995004075800524e-05,2.000000000000000000e+00
2.799999999999999755e-04,1.000000000000000082e-05,7.204995004075800524e-05,2.000000000000000000e+00
2.500000000000000052e-04,2.000000000000000164e-05,2.227648448680010504e-04,2.000000000000000000e+00
3.600000000000000227e-04,3.099999999999999999e-04,1.677227763214670167e-03,2.000000000000000000e+00
4.199999999999999740e-03,8.400000000000000348e-04,1.970607113357596401e-03,2.000000000000000000e+00
9.209999999999999437e-03,8.899999999999999491e-04,2.494960270933685702e-03,2.000000000000000000e+00
9.209999999999999437e-03,8.899999999999999491e-04,2.494960270933685702e-03,2.000000000000000000e+00
1.719000000000000042e-02,8.999999999999999754e-04,-3.394482958662333426e-03,2.000000000000000000e+00
1.719000000000000042e-02,8.999999999999999754e-04,-3.394482958662333426e-03,2.000000000000000000e+00
2.801999999999999977e-02,6.700000000000000226e-04,-2.378201746123134123e-03,2.000000000000000000e+00
2.801999999999999977e-02,6.700000000000000226e-04,-2.378201746123134123e-03,2.000000000000000000e+00
3.461000000000000187e-02,9.899999999999999946e-04,-4.392916546552983609e-03,2.000000000000000000e+00
4.637999999999999762e-02,7.299999999999999632e-04,-4.916004873895688312e-03,2.000000000000000000e+00
4.637999999999999762e-02,7.299999999999999632e-04,-4.916004873895688312e-03,2.000000000000000000e+00
6.047000000000000292e-02,2.100000000000000087e-04,-7.008116988015366568e-03,2.000000000000000000e+00
6.977999999999999481e-02,1.499999999999999869e-04,-6.213093788736147836e-03,2.000000000000000000e+00
6.977999999999999481e-02,1.499999999999999869e-04,-6.213093788736147836e-03,2.000000000000000000e+00
7.455000000000000515e-02,-1.289999999999999914e-03,-9.393200393695178008e-03,2.000000000000000000e+00
9.010999999999999566e-02,-2.850000000000000103e-03,-1.005876987988800660e-02,2.000000000000000000e+00
9.010999999999999566e-02,-2.850000000000000103e-03,-1.005876987988800660e-02,2.000000000000000000e+00
9.847999999999999809e-02,-1.820000000000000003e-03,-1.088280298016420025e-02,2.000000000000000000e+00
1.081600000000000061e-01,-1.500000000000000031e-03,-1.503810876181642386e-02,2.000000000000000000e+00
1.081600000000000061e-01,-1.500000000000000031e-03,-1.503810876181642386e-02,2.000000000000000000e+00
1.254399999999999959e-01,-1.860000000000000108e-03,-1.714235775306637011e-02,2.000000000000000000e+00
1.404199999999999893e-01,-2.360000000000000119e-03,-1.964705083025304957e-02,2.000000000000000000e+00
1.414900000000000047e-01,-2.399999999999999790e-03,-1.983013839331861788e-02,2.000000000000000000e+00
1.573700000000000099e-01,-2.809999999999999998e-03,-2.172504807268698518e-02,2.000000000000000000e+00
1.696900000000000075e-01,-2.860000000000000129e-03,-2.307673675975281322e-02,2.000000000000000000e+00
1.783299999999999885e-01,-5.000000000000000104e-03,-2.648937796078131013e-02,2.000000000000000000e+00
1.783299999999999885e-01,-5.000000000000000104e-03,-2.648937796078131013e-02,2.000000000000000000e+00
1.917899999999999883e-01,-5.349999999999999721e-03,-2.748032206529835847e-02,2.000000000000000000e+00
2.056900000000000117e-01,-5.490000000000000088e-03,-2.806000301856152387e-02,2.000000000000000000e+00
2.056900000000000117e-01,-5.490000000000000088e-03,-2.806000301856152387e-02,2.000000000000000000e+00
2.142999999999999905e-01,-4.320000000000000055e-03,-2.873723025948116128e-02,2.000000000000000000e+00
2.142999999999999905e-01,-4.320000000000000055e-03,-2.873723025948116128e-02,2.000000000000000000e+00
2.142999999999999905e-01,-4.320000000000000055e-03,-2.873723025948116128e-02,2.000000000000000000e+00
2.142999999999999905e-01,-4.320000000000000055e-03,-2.873723025948116128e-02,2.000000000000000000e+00
2.627099999999999991e-01,-5.400000000000000286e-03,-2.913370429161954087e-02,2.000000000000000000e+00
2.627099999999999991e-01,-5.400000000000000286e-03,-2.913370429161954087e-02,2.000000000000000000e+00
2.790199999999999902e-01,-6.080000000000000335e-03,-2.992665793655680320e-02,2.000000000000000000e+00
2.978500000000000036e-01,-7.080000000000000356e-03,-3.641406537726540882e-02,2.000000000000000000e+00
2.988299999999999845e-01,-7.139999999999999646e-03,-3.676804755975637135e-02,2.000000000000000000e+00
3.044999999999999929e-01,-9.350000000000000672e-03,-3.710642370618943975e-02,2.000000000000000000e+00
3.187900000000000178e-01,-1.051000000000000024e-02,-3.839172746402863545e-02,2.000000000000000000e+00
3.197699999999999987e-01,-1.059000000000000045e-02,-3.848032317101399841e-02,2.000000000000000000e+00
3.275899999999999923e-01,-9.419999999999999554e-03,-3.873339784327482771e-02,2.000000000000000000e+00
3.441799999999999859e-01,-1.008000000000000042e-02,-4.510012484766046104e-02,2.000000000000000000e+00
3.441799999999999859e-01,-1.008000000000000042e-02,-4.510012484766046104e-02,2.000000000000000000e+00
3.572000000000000175e-01,-1.080000000000000057e-02,-4.511552406604396603e-02,2.000000000000000000e+00
3.572000000000000175e-01,-1.080000000000000057e-02,-4.511552406604396603e-02,2.000000000000000000e+00
3.723199999999999843e-01,-1.158000000000000002e-02,-4.616073658971960730e-02,2.000000000000000000e+00
3.914599999999999747e-01,-1.233000000000000068e-02,-4.674285322392422032e-02,2.000000000000000000e+00
3.914599999999999747e-01,-1.233000000000000068e-02,-4.674285322392422032e-02,2.000000000000000000e+00
3.931100000000000150e-01,-1.239999999999999956e-02,-4.678934919961032918e-02,2.000000000000000000e+00
4.203399999999999914e-01,-1.382000000000000069e-02,-4.847072159600071539e-02,2.000000000000000000e+00
4.203399999999999914e-01,-1.382000000000000069e-02,-4.847072159600071539e-02,2.000000000000000000e+00
4.203399999999999914e-01,-1.382000000000000069e-02,-4.847072159600071539e-02,2.000000000000000000e+00
4.374000000000000110e-01,-1.447999999999999982e-02,-4.817215169503571981e-02,2.000000000000000000e+00
4.534699999999999842e-01,-1.523000000000000048e-02,-4.667976194174543181e-02,2.000000000000000000e+00
4.534699999999999842e-01,-1.523000000000000048e-02,-4.667976194174543181e-02,2.000000000000000000e+00
4.690599999999999770e-01,-1.574000000000000052e-02,-5.483693676016631463e-02,2.000000000000000000e+00
4.870300000000000185e-01,-1.666000000000000120e-02,-5.449319314621416804e-02,2.000000000000000000e+00
4.870300000000000185e-01,-1.666000000000000120e-02,-5.449319314621416804e-02,2.000000000000000000e+00
5.006599999999999939e-01,-1.757999999999999841e-02,-5.703848176568055567e-02,2.000000000000000000e+00
5.006599999999999939e-01,-1.757999999999999841e-02,-5.703848176568055567e-02,2.000000000000000000e+00
5.263499999999999845e-01,-2.139999999999999888e-02,-6.274770480546100482e-02,2.000000000000000000e+00
5.263499999999999845e-01,-2.139999999999999888e-02,-6.274770480546100482e-02,2.000000000000000000e+00
5.403499999999999970e-01,-2.299000000000000002e-02,-6.444382523192652978e-02,2.000000000000000000e+00
5.558600000000000207e-01,-2.419999999999999929e-02,-6.922092963126956489e-02,2.000000000000000000e+00
5.558600000000000207e-01,-2.419999999999999929e-02,-6.922092963126956489e-02,2.000000000000000000e+00
5.722899999999999654e-01,-2.554000000000000020e-02,-6.893845016915491064e-02,2.000000000000000000e+00
5.722899999999999654e-01,-2.554000000000000020e-02,-6.893845016915491064e-02,2.000000000000000000e+00
5.897000000000000020e-01,-2.641999999999999904e-02,-6.559112418017930268e-02,2.000000000000000000e+00
5.909999999999999698e-01,-2.648000000000000007e-02,-6.532478116174164628e-02,2.000000000000000000e+00
6.036899999999999489e-01,-2.719999999999999848e-02,-6.475745927283602099e-02,2.000000000000000000e+00
6.201900000000000190e-01,-2.857000000000000164e-02,-6.720849330178528536e-02,2.000000000000000000e+00
6.201900000000000190e-01,-2.857000000000000164e-02,-6.720849330178528536e-02,2.000000000000000000e+00
6.338599999999999790e-01,-2.953000000000000069e-02,-7.040002240399094446e-02,2.000000000000000000e+00
6.338599999999999790e-01,-2.953000000000000069e-02,-7.040002240399094446e-02,2.000000000000000000e+00
6.603700000000000125e-01,-2.971999999999999989e-02,-7.220587754194982000e-02,2.000000000000000000e+00
6.626300000000000523e-01,-2.972999999999999948e-02,-7.234363792630106593e-02,2.000000000000000000e+00
6.782899999999999485e-01,-3.055000000000000077e-02,-7.100213771973795662e-02,2.000000000000000000e+00
6.956200000000000161e-01,-3.162000000000000227e-02,-7.335881355043590013e-02,2.000000000000000000e+00
6.956200000000000161e-01,-3.162000000000000227e-02,-7.335881355043590013e-02,2.000000000000000000e+00
7.064700000000000424e-01,-3.223999999999999783e-02,-7.682598437826358706e-02,2.000000000000000000e+00
7.074200000000000488e-01,-3.228999999999999926e-02,-7.714790648151513552e-02,2.000000000000000000e+00
7.202399999999999913e-01,-3.361000000000000099e-02,-7.835169107829448309e-02,2.000000000000000000e+00
7.202399999999999913e-01,-3.361000000000000099e-02,-7.835169107829448309e-02,2.000000000000000000e+00
7.405599999999999961e-01,-3.552999999999999908e-02,-7.937162287825744178e-02,2.000000000000000000e+00
7.556800000000000184e-01,-3.722000000000000308e-02,-7.871389953595532563e-02,2.000000000000000000e+00
7.568000000000000282e-01,-3.735000000000000125e-02,-7.865236879318443508e-02,2.000000000000000000e+00
7.693100000000000493e-01,-3.883000000000000340e-02,-8.197510116283186765e-02,2.000000000000000000e+00
7.868899999999999784e-01,-4.059000000000000108e-02,-8.316259458393258919e-02,2.000000000000000000e+00
7.868899999999999784e-01,-4.059000000000000108e-02,-8.316259458393258919e-02,2.000000000000000000e+00
8.052300000000000013e-01,-4.236000000000000182e-02,-8.437641868792530864e-02,2.000000000000000000e+00
8.052300000000000013e-01,-4.236000000000000182e-02,-8.437641868792530864e-02,2.000000000000000000e+00
8.200100000000000167e-01,-4.352000000000000313e-02,-8.553299606796030408e-02,2.000000000000000000e+00
8.200100000000000167e-01,-4.352000000000000313e-02,-8.553299606796030408e-02,2.000000000000000000e+00
8.386000000000000121e-01,-4.512000000000000038e-02,-8.436739194463781233e-02,2.000000000000000000e+00
8.497700000000000253e-01,-4.628999999999999782e-02,-8.782270515474217831e-02,2.000000000000000000e+00
8.497700000000000253e-01,-4.628999999999999782e-02,-8.782270515474217831e-02,2.000000000000000000e+00
8.672800000000000509e-01,-4.762999999999999873e-02,-9.127457135819601330e-02,2.000000000000000000e+00
8.672800000000000509e-01,-4.762999999999999873e-02,-9.127457135819601330e-02,2.000000000000000000e+00
8.822699999999999987e-01,-4.887999999999999984e-02,-9.238789474796688106e-02,2.000000000000000000e+00
8.822699999999999987e-01,-4.887999999999999984e-02,-9.238789474796688106e-02,2.000000000000000000e+00
9.008300000000000196e-01,-5.027999999999999831e-02,-9.387833277644394570e-02,2.000000000000000000e+00
9.023999999999999799e-01,-5.040000000000000036e-02,-9.400720295986245145e-02,2.000000000000000000e+00
9.199600000000000000e-01,-5.197999999999999843e-02,-9.681479276293561420e-02,2.000000000000000000e+00
9.346999999999999753e-01,-5.349000000000000282e-02,-9.819965985996219338e-02,2.000000000000000000e+00
9.346999999999999753e-01,-5.349000000000000282e-02,-9.819965985996219338e-02,2.000000000000000000e+00
9.546099999999999586e-01,-5.564999999999999808e-02,-9.705883363139865272e-02,2.000000000000000000e+00
9.561300000000000354e-01,-5.582000000000000156e-02,-9.695413404770386601e-02,2.000000000000000000e+00
9.666200000000000347e-01,-5.723999999999999921e-02,-9.797883125321778242e-02,2.000000000000000000e+00
9.666200000000000347e-01,-5.723999999999999921e-02,-9.797883125321778242e-02,2.000000000000000000e+00
9.846300000000000052e-01,-5.960000000000000020e-02,-9.948346474441543963e-02,2.000000000000000000e+00
1.007970000000000033e+00,-6.413000000000000644e-02,-1.057552494245479896e-01,2.000000000000000000e+00
1.007970000000000033e+00,-6.413000000000000644e-02,-1.057552494245479896e-01,2.000000000000000000e+00
1.020839999999999970e+00,-6.597999999999999698e-02,-1.030949969502610308e-01,2.000000000000000000e+00
1.022010000000000085e+00,-6.612999999999999434e-02,-1.027511987245782188e-01,2.000000000000000000e+00
1.036100000000000021e+00,-6.734999999999999321e-02,-1.061292097995863853e-01,2.000000000000000000e+00
1.060449999999999893e+00,-6.977999999999999481e-02,-1.078175588314843336e-01,2.000000000000000000e+00
1.060449999999999893e+00,-6.977999999999999481e-02,-1.078175588314843336e-01,2.000000000000000000e+00
1.073029999999999928e+00,-7.167999999999999372e-02,-1.089037851638685883e-01,2.000000000000000000e+00
1.073949999999999960e+00,-7.181999999999999496e-02,-1.089877305849326766e-01,2.000000000000000000e+00
1.087809999999999944e+00,-7.333000000000000629e-02,-1.125458189840837508e-01,2.000000000000000000e+00
1.103650000000000020e+00,-7.496999999999999498e-02,-1.163318385178955666e-01,2.000000000000000000e+00
1.103650000000000020e+00,-7.496999999999999498e-02,-1.163318385178955666e-01,2.000000000000000000e+00
1.124549999999999939e+00,-7.710000000000000187e-02,-1.147880426731381076e-01,2.000000000000000000e+00
1.124549999999999939e+00,-7.710000000000000187e-02,-1.147880426731381076e-01,2.000000000000000000e+00
1.147909999999999986e+00,-7.817999999999999949e-02,-1.162268888078870355e-01,2.000000000000000000e+00
1.160690000000000000e+00,-7.954999999999999571e-02,-1.151911318719956445e-01,2.000000000000000000e+00
1.160690000000000000e+00,-7.954999999999999571e-02,-1.151911318719956445e-01,2.000000000000000000e+00
1.180949999999999944e+00,-8.189000000000000445e-02,-1.185319233381183501e-01,2.000000000000000000e+00
1.180949999999999944e+00,-8.189000000000000445e-02,-1.185319233381183501e-01,2.000000000000000000e+00
1.193030000000000035e+00,-8.401999999999999746e-02,-1.196822046836170800e-01,2.000000000000000000e+00
1.194020000000000081e+00,-8.420999999999999319e-02,-1.197636994297446439e-01,2.000000000000000000e+00
1.209119999999999973e+00,-8.672000000000000541e-02,-1.212716103255523509e-01,2.000000000000000000e+00
1.220569999999999933e+00,-8.873000000000000331e-02,-1.248525005496805840e-01,2.000000000000000000e+00
1.220569999999999933e+00,-8.873000000000000331e-02,-1.248525005496805840e-01,2.000000000000000000e+00
1.241919999999999913e+00,-9.113000000000000267e-02,-1.264828799909746559e-01,2.000000000000000000e+00
1.243780000000000108e+00,-9.134000000000000452e-02,-1.266057693666378381e-01,2.000000000000000000e+00
1.264780000000000015e+00,-9.389999999999999736e-02,-1.253969243780444776e-01,2.000000000000000000e+00
1.276960000000000095e+00,-9.543999999999999706e-02,-1.286483340526624330e-01,2.000000000000000000e+00
1.276960000000000095e+00,-9.543999999999999706e-02,-1.286483340526624330e-01,2.000000000000000000e+00
1.299379999999999979e+00,-9.810000000000000664e-02,-1.253236479186946861e-01,2.000000000000000000e+00
1.299379999999999979e+00,-9.810000000000000664e-02,-1.253236479186946861e-01,2.000000000000000000e+00
1.311520000000000019e+00,-1.000000000000000056e-01,-1.307683124815493536e-01,2.000000000000000000e+00
1.311520000000000019e+00,-1.000000000000000056e-01,-1.307683124815493536e-01,2.000000000000000000e+00
1.328240000000000087e+00,-1.019400000000000028e-01,-1.326525301695847814e-01,2.000000000000000000e+00
1.329569999999999919e+00,-1.020999999999999963e-01,-1.327636491585851286e-01,2.000000000000000000e+00
1.339990000000000014e+00,-1.035200000000000009e-01,-1.355174267345494177e-01,2.000000000000000000e+00
1.358020000000000005e+00,-1.057700000000000029e-01,-1.348049646876364194e-01,2.000000000000000000e+00
1.358020000000000005e+00,-1.057700000000000029e-01,-1.348049646876364194e-01,2.000000000000000000e+00
1.375780000000000003e+00,-1.080399999999999971e-01,-1.357973685172624290e-01,2.000000000000000000e+00
1.375780000000000003e+00,-1.080399999999999971e-01,-1.357973685172624290e-01,2.000000000000000000e+00
1.399829999999999908e+00,-1.129600000000000048e-01,-1.351192853921277248e-01,2.000000000000000000e+00
1.399829999999999908e+00,-1.129600000000000048e-01,-1.351192853921277248e-01,2.000000000000000000e+00
1.418009999999999993e+00,-1.160800000000000026e-01,-1.389575932332184904e-01,2.000000000000000000e+00
1.418009999999999993e+00,-1.160800000000000026e-01,-1.389575932332184904e-01,2.000000000000000000e+00
1.435910000000000020e+00,-1.191900000000000043e-01,-1.408523496376591633e-01,2.000000000000000000e+00
1.435910000000000020e+00,-1.191900000000000043e-01,-1.408523496376591633e-01,2.000000000000000000e+00
1.448339999999999961e+00,-1.214999999999999969e-01,-1.418211911398032377e-01,2.000000000000000000e+00
1.459929999999999950e+00,-1.233599999999999974e-01,-1.453406817337080659e-01,2.000000000000000000e+00
1.459929999999999950e+00,-1.233599999999999974e-01,-1.453406817337080659e-01,2.000000000000000000e+00
1.477740000000000054e+00,-1.260799999999999976e-01,-1.469026218026478481e-01,2.000000000000000000e+00
1.497270000000000101e+00,-1.288199999999999901e-01,-1.461336347089880472e-01,2.000000000000000000e+00
1.497270000000000101e+00,-1.288199999999999901e-01,-1.461336347089880472e-01,2.000000000000000000e+00
1.498950000000000005e+00,-1.290499999999999980e-01,-1.460513983131048188e-01,2.000000000000000000e+00
1.511269999999999891e+00,-1.318000000000000005e-01,-1.466366306061606395e-01,2.000000000000000000e+00
1.528200000000000003e+00,-1.339100000000000013e-01,-1.477407315386845277e-01,2.000000000000000000e+00
1.557979999999999920e+00,-1.364400000000000057e-01,-1.525225123937789529e-01,2.000000000000000000e+00
1.557979999999999920e+00,-1.364400000000000057e-01,-1.525225123937789529e-01,2.000000000000000000e+00
1.565970000000000084e+00,-1.377500000000000113e-01,-1.531545372570982111e-01,2.000000000000000000e+00
1.565970000000000084e+00,-1.377500000000000113e-01,-1.531545372570982111e-01,2.000000000000000000e+00
1.566459999999999964e+00,-1.378500000000000003e-01,-1.531717268509090735e-01,2.000000000000000000e+00
1.598549999999999915e+00,-1.426999999999999935e-01,-1.529822233678490018e-01,2.000000000000000000e+00
1.598549999999999915e+00,-1.426999999999999935e-01,-1.529822233678490018e-01,2.000000000000000000e+00
1.616589999999999971e+00,-1.454300000000000037e-01,-1.567038399402199134e-01,2.000000000000000000e+00
1.616589999999999971e+00,-1.454300000000000037e-01,-1.567038399402199134e-01,2.000000000000000000e+00
1.635979999999999990e+00,-1.487700000000000133e-01,-1.584634594949185515e-01,2.000000000000000000e+00
1.635979999999999990e+00,-1.487700000000000133e-01,-1.584634594949185515e-01,2.000000000000000000e+00
1.635979999999999990e+00,-1.487700000000000133e-01,-1.584634594949185515e-01,2.000000000000000000e+00
1.661850000000000049e+00,-1.544599999999999862e-01,-1.612933888036771624e-01,2.000000000000000000e+00
1.661850000000000049e+00,-1.544599999999999862e-01,-1.612933888036771624e-01,2.000000000000000000e+00
1.686420000000000030e+00,-1.586799999999999877e-01,-1.656128454940312134e-01,2.000000000000000000e+00
1.686420000000000030e+00,-1.586799999999999877e-01,-1.656128454940312134e-01,2.000000000000000000e+00
1.686420000000000030e+00,-1.586799999999999877e-01,-1.656128454940312134e-01,2.000000000000000000e+00
1.686420000000000030e+00,-1.586799999999999877e-01,-1.656128454940312134e-01,2.000000000000000000e+00
1.714879999999999960e+00,-1.638199999999999934e-01,-1.652536904114362548e-01,2.000000000000000000e+00
1.728069999999999995e+00,-1.664200000000000124e-01,-1.662589121733774045e-01,2.000000000000000000e+00
1.728069999999999995e+00,-1.664200000000000124e-01,-1.662589121733774045e-01,2.000000000000000000e+00
1.747710000000000097e+00,-1.699799999999999922e-01,-1.681466492007199776e-01,2.000000000000000000e+00
1.767190000000000039e+00,-1.731300000000000061e-01,-1.720201697643375105e-01,2.000000000000000000e+00
1.767190000000000039e+00,-1.731300000000000061e-01,-1.720201697643375105e-01,2.000000000000000000e+00
1.768920000000000048e+00,-1.734199999999999908e-01,-1.723796390042622584e-01,2.000000000000000000e+00
1.774769999999999959e+00,-1.750400000000000011e-01,-1.734244724527525816e-01,2.000000000000000000e+00
1.794629999999999947e+00,-1.779799999999999993e-01,-1.720857389424056971e-01,2.000000000000000000e+00
1.816359999999999975e+00,-1.812499999999999944e-01,-1.729984506367710784e-01,2.000000000000000000e+00
1.816359999999999975e+00,-1.812499999999999944e-01,-1.729984506367710784e-01,2.000000000000000000e+00
1.822370000000000045e+00,-1.832799999999999985e-01,-1.765150430535767645e-01,2.000000000000000000e+00
1.822370000000000045e+00,-1.832799999999999985e-01,-1.765150430535767645e-01,2.000000000000000000e+00
1.835630000000000095e+00,-1.861700000000000021e-01,-1.756805872264568524e-01,2.000000000000000000e+00
1.836889999999999912e+00,-1.864300000000000124e-01,-1.755661426421495364e-01,2.000000000000000000e+00
1.854030000000000067e+00,-1.896100000000000008e-01,-1.827014974664162017e-01,2.000000000000000000e+00
1.876470000000000082e+00,-1.938000000000000000e-01,-1.814442646637891288e-01,2.000000000000000000e+00
1.876470000000000082e+00,-1.938000000000000000e-01,-1.814442646637891288e-01,2.000000000000000000e+00
1.891799999999999926e+00,-1.971999999999999864e-01,-1.800598279737549712e-01,2.000000000000000000e+00
1.891799999999999926e+00,-1.971999999999999864e-01,-1.800598279737549712e-01,2.000000000000000000e+00
1.905110000000000081e+00,-2.004299999999999971e-01,-1.810035908238939728e-01,2.000000000000000000e+00
1.906150000000000011e+00,-2.006900000000000073e-01,-1.810939901855526113e-01,2.000000000000000000e+00
1.918500000000000094e+00,-2.033699999999999952e-01,-1.820633860159287243e-01,2.000000000000000000e+00
1.940479999999999983e+00,-2.068899999999999906e-01,-1.836305688931989533e-01,2.000000000000000000e+00
1.940479999999999983e+00,-2.068899999999999906e-01,-1.836305688931989533e-01,2.000000000000000000e+00
1.945659999999999945e+00,-2.088000000000000134e-01,-1.869187411626163919e-01,2.000000000000000000e+00
1.945929999999999938e+00,-2.089300000000000046e-01,-1.871653957359599996e-01,2.000000000000000000e+00
1.965430000000000010e+00,-2.127900000000000069e-01,-1.889114739857980507e-01,2.000000000000000000e+00
1.977489999999999970e+00,-2.154000000000000081e-01,-1.923985509176771580e-01,2.000000000000000000e+00
1.977489999999999970e+00,-2.154000000000000081e-01,-1.923985509176771580e-01,2.000000000000000000e+00
1.997049999999999992e+00,-2.183799999999999908e-01,-1.945083996558874539e-01,2.000000000000000000e+00
2.000480000000000036e+00,-2.193299999999999972e-01,-1.976786185837129672e-01,2.000000000000000000e+00
2.000480000000000036e+00,-2.193299999999999972e-01,-1.976786185837129672e-01,2.000000000000000000e+00
2.001850000000000129e+00,-2.201700000000000046e-01,-2.009771864555006948e-01,2.000000000000000000e+00
2.001850000000000129e+00,-2.201700000000000046e-01,-2.009771864555006948e-01,2.000000000000000000e+00
2.012039999999999829e+00,-2.217800000000000049e-01,-2.020404728962372776e-01,2.000000000000000000e+00
2.015919999999999934e+00,-2.231100000000000028e-01,-1.996988023887586450e-01,2.000000000000000000e+00
2.015919999999999934e+00,-2.231100000000000028e-01,-1.996988023887586450e-01,2.000000000000000000e+00
2.016270000000000007e+00,-2.233799999999999952e-01,-2.021534531188104444e-01,2.000000000000000000e+00
2.016270000000000007e+00,-2.233799999999999952e-01,-2.021534531188104444e-01,2.000000000000000000e+00
2.025790000000000202e+00,-2.246700000000000086e-01,-2.030786088380064913e-01,2.000000000000000000e+00
2.036500000000000199e+00,-2.261799999999999922e-01,-2.005302389965956666e-01,2.000000000000000000e+00
2.036500000000000199e+00,-2.261799999999999922e-01,-2.005302389965956666e-01,2.000000000000000000e+00
2.029389999999999805e+00,-2.256299999999999972e-01,-2.008630405760579163e-01,2.000000000000000000e+00
2.029389999999999805e+00,-2.256299999999999972e-01,-2.008630405760579163e-01,2.000000000000000000e+00
2.036000000000000032e+00,-2.267800000000000094e-01,-2.038803242235992241e-01,2.000000000000000000e+00
2.036000000000000032e+00,-2.267800000000000094e-01,-2.038803242235992241e-01,2.000000000000000000e+00
2.028410000000000046e+00,-2.256299999999999972e-01,-2.033319579518171605e-01,2.000000000000000000e+00
2.027309999999999945e+00,-2.253799999999999970e-01,-2.036988336525233922e-01,2.000000000000000000e+00
2.027309999999999945e+00,-2.253799999999999970e-01,-2.036988336525233922e-01,2.000000000000000000e+00
2.018969999999999931e+00,-2.244099999999999984e-01,-2.033795659816733659e-01,2.000000000000000000e+00
2.024960000000000093e+00,-2.252300000000000135e-01,-2.069617597044092761e-01,2.000000000000000000e+00
2.024960000000000093e+00,-2.252300000000000135e-01,-2.069617597044092761e-01,2.000000000000000000e+00
2.026990000000000069e+00,-2.253900000000000070e-01,-2.040054094412252217e-01,2.000000000000000000e+00
2.026990000000000069e+00,-2.253900000000000070e-01,-2.040054094412252217e-01,2.000000000000000000e+00
2.019320000000000004e+00,-2.244200000000000084e-01,-2.033849486381986982e-01,2.000000000000000000e+00
2.018720000000000070e+00,-2.243499999999999939e-01,-2.033581089338857284e-01,2.000000000000000000e+00
2.018320000000000114e+00,-2.243300000000000016e-01,-2.033511133165868401e-01,2.000000000000000000e+00
2.026479999999999837e+00,-2.253400000000000125e-01,-2.037298662158852081e-01,2.000000000000000000e+00
2.026479999999999837e+00,-2.253400000000000125e-01,-2.037298662158852081e-01,2.000000000000000000e+00
2.018909999999999982e+00,-2.244099999999999984e-01,-2.033797470197545032e-01,2.000000000000000000e+00
2.018279999999999852e+00,-2.243300000000000016e-01,-2.033504736387136136e-01,2.000000000000000000e+00
2.026429999999999954e+00,-2.253100000000000103e-01,-2.037110156958153451e-01,2.000000000000000000e+00
2.028420000000000112e+00,-2.256199999999999872e-01,-2.007864079994165496e-01,2.000000000000000000e+00
2.028420000000000112e+00,-2.256199999999999872e-01,-2.007864079994165496e-01,2.000000000000000000e+00
2.027620000000000200e+00,-2.254299999999999915e-01,-2.035215638520077308e-01,2.000000000000000000e+00
2.026009999999999867e+00,-2.253199999999999925e-01,-2.066698159502064758e-01,2.000000000000000000e+00
2.026009999999999867e+00,-2.253199999999999925e-01,-2.066698159502064758e-01,2.000000000000000000e+00
2.026009999999999867e+00,-2.253199999999999925e-01,-2.066698159502064758e-01,2.000000000000000000e+00
2.028529999999999944e+00,-2.253199999999999925e-01,-2.009400929452498930e-01,2.000000000000000000e+00
2.028750000000000053e+00,-2.253199999999999925e-01,-2.004601795385715923e-01,2.000000000000000000e+00
-2.400000000000000061e-04,-1.000000000000000082e-05,0.000000000000000000e+00,2.000000000000000000e+00
-0.000000000000000000e+00,8.000000000000000654e-05,-1.674035770402666507e-03,2.000000000000000000e+00
6.700000000000000226e-04,-9.000000000000000567e-05,7.905623223831829451e-05,2.000000000000000000e+00
6.700000000000000226e-04,-9.000000000000000567e-05,7.905623223831829451e-05,2.000000000000000000e+00
-5.000000000000000240e-05,-2.000000000000000164e-05,-2.971130961570579558e-04,2.000000000000000000e+00
-5.000000000000000240e-05,-2.000000000000000164e-05,-2.971130961570579558e-04,2.000000000000000000e+00
-3.699999999999999947e-04,-4.000000000000000327e-05,-1.807130976452520511e-03,2.000000000000000000e+00
-3.899999999999999929e-04,-5.000000000000000240e-05,-1.950994693681341700e-03,2.000000000000000000e+00
-3.499999999999999964e-04,-1.299999999999999886e-04,-2.789359544599915772e-04,2.000000000000000000e+00
-1.399999999999999986e-03,1.600000000000000131e-04,-1.147097148365934039e-04,2.000000000000000000e+00
-1.399999999999999986e-03,1.600000000000000131e-04,-1.147097148365934039e-04,2.000000000000000000e+00
-2.200000000000000078e-04,1.499999999999999869e-04,-2.538582493733349509e-04,2.000000000000000000e+00
-2.200000000000000078e-04,1.499999999999999869e-04,-2.538582493733349509e-04,2.000000000000000000e+00
1.789999999999999925e-03,2.000000000000000164e-05,5.489504413480275494e-04,2.000000000000000000e+00
1.979999999999999989e-03,1.000000000000000082e-05,6.257420808302443941e-04,2.000000000000000000e+00
3.249999999999999851e-03,7.500000000000000156e-04,1.006355219981427181e-03,2.000000000000000000e+00
7.979999999999999247e-03,8.599999999999999789e-04,2.347933077785983348e-03,2.000000000000000000e+00
7.979999999999999247e-03,8.599999999999999789e-04,2.347933077785983348e-03,2.000000000000000000e+00
1.555999999999999918e-02,8.300000000000000086e-04,-4.388696300372322808e-04,2.000000000000000000e+00
1.555999999999999918e-02,8.300000000000000086e-04,-4.388696300372322808e-04,2.000000000000000000e+00
2.699999999999999969e-02,5.900000000000000296e-04,2.291543881619462382e-05,2.000000000000000000e+00
2.699999999999999969e-02,5.900000000000000296e-04,2.291543881619462382e-05,2.000000000000000000e+00
3.380999999999999978e-02,8.400000000000000348e-04,-3.918796427790956736e-03,2.000000000000000000e+00
3.422999999999999654e-02,8.599999999999999789e-04,-4.206434611495119512e-03,2.000000000000000000e+00
4.487000000000000016e-02,5.299999999999999807e-04,-4.885667531564443292e-03,2.000000000000000000e+00
5.521999999999999825e-02,4.099999999999999912e-04,-5.237187352045524595e-03,2.000000000000000000e+00
5.521999999999999825e-02,4.099999999999999912e-04,-5.237187352045524595e-03,2.000000000000000000e+00
6.506000000000000671e-02,3.800000000000000209e-04,-7.402410003628858391e-03,2.000000000000000000e+00
6.506000000000000671e-02,3.800000000000000209e-04,-7.402410003628858391e-03,2.000000000000000000e+00
8.100999999999999868e-02,-2.200000000000000078e-04,-7.805242764136094240e-03,2.000000000000000000e+00
8.237999999999999490e-02,-2.799999999999999755e-04,-7.823923293967752907e-03,2.000000000000000000e+00
9.236999999999999378e-02,-3.400000000000000244e-04,-1.013781601993344640e-02,2.000000000000000000e+00
1.044500000000000012e-01,-9.499999999999999981e-04,-9.458504037466642159e-03,2.000000000000000000e+00
1.044500000000000012e-01,-9.499999999999999981e-04,-9.458504037466642159e-03,2.000000000000000000e+00
1.198400000000000021e-01,-1.760000000000000063e-03,-1.283284713649340131e-02,2.000000000000000000e+00
1.198400000000000021e-01,-1.760000000000000063e-03,-1.283284713649340131e-02,2.000000000000000000e+00
1.337700000000000000e-01,-1.979999999999999989e-03,-1.720419878053424875e-02,2.000000000000000000e+00
1.337700000000000000e-01,-1.979999999999999989e-03,-1.720419878053424875e-02,2.000000000000000000e+00
1.543400000000000050e-01,-4.499999999999999660e-03,-2.276417298232226091e-02,2.000000000000000000e+00
1.734799999999999953e-01,-5.610000000000000403e-03,-2.562743614124780162e-02,2.000000000000000000e+00
1.734799999999999953e-01,-5.610000000000000403e-03,-2.562743614124780162e-02,2.000000000000000000e+00
1.838200000000000112e-01,-5.989999999999999665e-03,-2.870133734816926116e-02,2.000000000000000000e+00
1.838200000000000112e-01,-5.989999999999999665e-03,-2.870133734816926116e-02,2.000000000000000000e+00
2.006300000000000028e-01,-6.700000000000000226e-03,-3.116891379268009465e-02,2.000000000000000000e+00
2.006300000000000028e-01,-6.700000000000000226e-03,-3.116891379268009465e-02,2.000000000000000000e+00
2.195000000000000007e-01,-7.539999999999999827e-03,-3.149938006025914533e-02,2.000000000000000000e+00
2.385500000000000120e-01,-6.289999999999999584e-03,-3.380943420702655494e-02,2.000000000000000000e+00
2.385500000000000120e-01,-6.289999999999999584e-03,-3.380943420702655494e-02,2.000000000000000000e+00
2.572900000000000187e-01,-7.179999999999999750e-03,-3.593520806134665319e-02,2.000000000000000000e+00
2.572900000000000187e-01,-7.179999999999999750e-03,-3.593520806134665319e-02,2.000000000000000000e+00
2.736700000000000244e-01,-7.799999999999999642e-03,-4.180728082626328224e-02,2.000000000000000000e+00
2.863600000000000034e-01,-8.389999999999999888e-03,-4.216124966674583002e-02,2.000000000000000000e+00
2.863600000000000034e-01,-8.389999999999999888e-03,-4.216124966674583002e-02,2.000000000000000000e+00
3.064100000000000157e-01,-9.969999999999999696e-03,-4.467743923222564778e-02,2.000000000000000000e+00
3.064100000000000157e-01,-9.969999999999999696e-03,-4.467743923222564778e-02,2.000000000000000000e+00
3.218199999999999950e-01,-1.091999999999999915e-02,-4.789505049481552340e-02,2.000000000000000000e+00
3.227999999999999758e-01,-1.098000000000000018e-02,-4.810813052957727681e-02,2.000000000000000000e+00
3.329599999999999782e-01,-1.187000000000000034e-02,-5.077285362252381001e-02,2.000000000000000000e+00
3.511500000000000177e-01,-1.349000000000000025e-02,-5.417677276106777629e-02,2.000000000000000000e+00
3.511500000000000177e-01,-1.349000000000000025e-02,-5.417677276106777629e-02,2.000000000000000000e+00
3.660399999999999765e-01,-1.452999999999999951e-02,-5.564654578858982403e-02,2.000000000000000000e+00
3.660399999999999765e-01,-1.452999999999999951e-02,-5.564654578858982403e-02,2.000000000000000000e+00
3.830600000000000116e-01,-1.589000000000000135e-02,-5.655391970923039080e-02,2.000000000000000000e+00
3.845899999999999874e-01,-1.601999999999999952e-02,-5.663188706160184049e-02,2.000000000000000000e+00
4.004499999999999726e-01,-1.718000000000000083e-02,-5.937830272494323131e-02,2.000000000000000000e+00
4.138600000000000056e-01,-1.836000000000000132e-02,-6.426500428933586140e-02,2.000000000000000000e+00
4.138600000000000056e-01,-1.836000000000000132e-02,-6.426500428933586140e-02,2.000000000000000000e+00
4.288600000000000190e-01,-1.921000000000000138e-02,-6.260841271581420175e-02,2.000000000000000000e+00
4.301699999999999968e-01,-1.927999999999999853e-02,-6.241563997269907599e-02,2.000000000000000000e+00
4.464400000000000035e-01,-2.052999999999999964e-02,-6.432270639573980930e-02,2.000000000000000000e+00
4.597999999999999865e-01,-2.104999999999999927e-02,-6.737493403066524555e-02,2.000000000000000000e+00
4.597999999999999865e-01,-2.104999999999999927e-02,-6.737493403066524555e-02,2.000000000000000000e+00
4.777799999999999825e-01,-2.239999999999999977e-02,-7.047621455827678127e-02,2.000000000000000000e+00
4.777799999999999825e-01,-2.239999999999999977e-02,-7.047621455827678127e-02,2.000000000000000000e+00
4.934299999999999797e-01,-2.369999999999999885e-02,-7.374170529876204749e-02,2.000000000000000000e+00
5.092799999999999550e-01,-2.518000000000000099e-02,-7.716519577805981689e-02,2.000000000000000000e+00
5.092799999999999550e-01,-2.518000000000000099e-02,-7.716519577805981689e-02,2.000000000000000000e+00
5.272599999999999509e-01,-2.671000000000000110e-02,-8.241989864580451242e-02,2.000000000000000000e+00
5.272599999999999509e-01,-2.671000000000000110e-02,-8.241989864580451242e-02,2.000000000000000000e+00
5.287300000000000333e-01,-2.684999999999999887e-02,-8.285244236256547601e-02,2.000000000000000000e+00
5.287300000000000333e-01,-2.684999999999999887e-02,-8.285244236256547601e-02,2.000000000000000000e+00
5.411200000000000454e-01,-2.799000000000000099e-02,-8.219490742619602053e-02,2.000000000000000000e+00
5.570899999999999741e-01,-2.989999999999999949e-02,-8.356874702564567881e-02,2.000000000000000000e+00
5.733800000000000008e-01,-3.167999999999999983e-02,-8.239027477235544294e-02,2.000000000000000000e+00
5.896400000000000530e-01,-3.332999999999999852e-02,-8.329312329516261326e-02,2.000000000000000000e+00
5.909699999999999953e-01,-3.345999999999999669e-02,-8.338347092724635035e-02,2.000000000000000000e+00
6.056599999999999762e-01,-3.497000000000000108e-02,-8.658440966439460984e-02,2.000000000000000000e+00
6.221600000000000463e-01,-3.665999999999999814e-02,-8.844593036405433428e-02,2.000000000000000000e+00
6.221600000000000463e-01,-3.665999999999999814e-02,-8.844593036405433428e-02,2.000000000000000000e+00
6.358700000000000463e-01,-3.842999999999999888e-02,-8.965576803228474112e-02,2.000000000000000000e+00
6.372100000000000541e-01,-3.860000000000000236e-02,-8.977195928036729722e-02,2.000000000000000000e+00
6.498099999999999987e-01,-3.955000000000000182e-02,-9.282253575410616409e-02,2.000000000000000000e+00
6.690399999999999681e-01,-4.132000000000000256e-02,-9.589860805891424478e-02,2.000000000000000000e+00
6.690399999999999681e-01,-4.132000000000000256e-02,-9.589860805891424478e-02,2.000000000000000000e+00
6.860300000000000287e-01,-4.265999999999999653e-02,-9.937213962044019744e-02,2.000000000000000000e+00
6.873799999999999910e-01,-4.277000000000000246e-02,-9.965449777579699076e-02,2.000000000000000000e+00
7.003399999999999626e-01,-4.422999999999999848e-02,-1.005752235460828231e-01,2.000000000000000000e+00
7.136799999999999811e-01,-4.585000000000000187e-02,-1.037306186239287525e-01,2.000000000000000000e+00
7.136799999999999811e-01,-4.585000000000000187e-02,-1.037306186239287525e-01,2.000000000000000000e+00
7.310400000000000231e-01,-4.778000000000000302e-02,-1.054256435197837155e-01,2.000000000000000000e+00
7.322300000000000475e-01,-4.791000000000000120e-02,-1.055287086815903524e-01,2.000000000000000000e+00
7.452100000000000390e-01,-4.932000000000000273e-02,-1.068062442486029939e-01,2.000000000000000000e+00
7.623699999999999921e-01,-5.156999999999999779e-02,-1.083018982540975977e-01,2.000000000000000000e+00
7.623699999999999921e-01,-5.156999999999999779e-02,-1.083018982540975977e-01,2.000000000000000000e+00
7.769399999999999640e-01,-5.392000000000000265e-02,-1.101535985391396272e-01,2.000000000000000000e+00
7.780599999999999739e-01,-5.410999999999999838e-02,-1.102989104741856075e-01,2.000000000000000000e+00
7.912400000000000544e-01,-5.598999999999999810e-02,-1.094151844746518304e-01,2.000000000000000000e+00
8.088300000000000489e-01,-5.798999999999999988e-02,-1.125554363437755306e-01,2.000000000000000000e+00
8.088300000000000489e-01,-5.798999999999999988e-02,-1.125554363437755306e-01,2.000000000000000000e+00
8.103000000000000203e-01,-5.816000000000000336e-02,-1.128375814770118529e-01,2.000000000000000000e+00
8.103000000000000203e-01,-5.816000000000000336e-02,-1.128375814770118529e-01,2.000000000000000000e+00
8.103000000000000203e-01,-5.816000000000000336e-02,-1.128375814770118529e-01,2.000000000000000000e+00
8.103000000000000203e-01,-5.816000000000000336e-02,-1.128375814770118529e-01,2.000000000000000000e+00
8.103000000000000203e-01,-5.816000000000000336e-02,-1.128375814770118529e-01,2.000000000000000000e+00
8.103000000000000203e-01,-5.816000000000000336e-02,-1.128375814770118529e-01,2.000000000000000000e+00
8.103000000000000203e-01,-5.816000000000000336e-02,-1.128375814770118529e-01,2.000000000000000000e+00
8.103000000000000203e-01,-5.816000000000000336e-02,-1.128375814770118529e-01,2.000000000000000000e+00
8.103000000000000203e-01,-5.816000000000000336e-02,-1.128375814770118529e-01,2.000000000000000000e+00
8.103000000000000203e-01,-5.816000000000000336e-02,-1.128375814770118529e-01,2.000000000000000000e+00
9.078399999999999803e-01,-7.037999999999999812e-02,-1.255054432832709010e-01,2.000000000000000000e+00
9.233999999999999986e-01,-7.283000000000000584e-02,-1.296721686211162183e-01,2.000000000000000000e+00
9.406600000000000517e-01,-7.546999999999999542e-02,-1.334810983877073864e-01,2.000000000000000000e+00
9.520800000000000374e-01,-7.717999999999999861e-02,-1.351816615192396320e-01,2.000000000000000000e+00
9.520800000000000374e-01,-7.717999999999999861e-02,-1.351816615192396320e-01,2.000000000000000000e+00
9.717299999999999827e-01,-7.950999999999999734e-02,-1.320278331717177067e-01,2.000000000000000000e+00
9.734000000000000430e-01,-7.969999999999999307e-02,-1.317403748595488699e-01,2.000000000000000000e+00
9.871699999999999919e-01,-8.189000000000000445e-02,-1.355129748185509297e-01,2.000000000000000000e+00
1.002140000000000031e+00,-8.480999999999999650e-02,-1.371912631765340729e-01,2.000000000000000000e+00
1.002140000000000031e+00,-8.480999999999999650e-02,-1.371912631765340729e-01,2.000000000000000000e+00
1.018380000000000063e+00,-8.765000000000000568e-02,-1.364287161466476717e-01,2.000000000000000000e+00
1.019470000000000098e+00,-8.783000000000000529e-02,-1.363644011897494068e-01,2.000000000000000000e+00
1.036990000000000078e+00,-9.009999999999999953e-02,-1.374679015806356541e-01,2.000000000000000000e+00
1.052270000000000039e+00,-9.267000000000000237e-02,-1.459133421104713002e-01,2.000000000000000000e+00
1.052270000000000039e+00,-9.267000000000000237e-02,-1.459133421104713002e-01,2.000000000000000000e+00
1.067250000000000032e+00,-9.525999999999999746e-02,-1.481220182572176303e-01,2.000000000000000000e+00
1.068540000000000045e+00,-9.547999999999999543e-02,-1.482672165203133552e-01,2.000000000000000000e+00
1.082889999999999908e+00,-9.815999999999999726e-02,-1.496231859141003984e-01,2.000000000000000000e+00
1.084200000000000053e+00,-9.840999999999999748e-02,-1.497474552675630843e-01,2.000000000000000000e+00
1.102489999999999970e+00,-1.009899999999999964e-01,-1.536580487150422392e-01,2.000000000000000000e+00
1.126589999999999980e+00,-1.058599999999999958e-01,-1.585306784836455485e-01,2.000000000000000000e+00
1.126589999999999980e+00,-1.058599999999999958e-01,-1.585306784836455485e-01,2.000000000000000000e+00
1.140300000000000091e+00,-1.087299999999999933e-01,-1.576834252436825345e-01,2.000000000000000000e+00
1.140300000000000091e+00,-1.087299999999999933e-01,-1.576834252436825345e-01,2.000000000000000000e+00
1.160530000000000062e+00,-1.121299999999999936e-01,-1.614107997343339762e-01,2.000000000000000000e+00
1.162020000000000053e+00,-1.123799999999999938e-01,-1.617085945775591782e-01,2.000000000000000000e+00
1.173170000000000046e+00,-1.144300000000000039e-01,-1.607378439153870908e-01,2.000000000000000000e+00
1.194579999999999975e+00,-1.175299999999999956e-01,-1.593608500267733041e-01,2.000000000000000000e+00
1.194579999999999975e+00,-1.175299999999999956e-01,-1.593608500267733041e-01,2.000000000000000000e+00
1.206830000000000069e+00,-1.198400000000000021e-01,-1.608197379777867864e-01,2.000000000000000000e+00
1.207699999999999996e+00,-1.200100000000000056e-01,-1.609465942361052726e-01,2.000000000000000000e+00
1.229119999999999990e+00,-1.224100000000000049e-01,-1.631115447596240553e-01,2.000000000000000000e+00
1.245640000000000081e+00,-1.256400000000000017e-01,-1.667517874660368882e-01,2.000000000000000000e+00
1.245640000000000081e+00,-1.256400000000000017e-01,-1.667517874660368882e-01,2.000000000000000000e+00
1.262639999999999985e+00,-1.284800000000000109e-01,-1.663534082003845505e-01,2.000000000000000000e+00
1.262639999999999985e+00,-1.284800000000000109e-01,-1.663534082003845505e-01,2.000000000000000000e+00
1.283749999999999947e+00,-1.320199999999999985e-01,-1.726041145278583433e-01,2.000000000000000000e+00
1.283749999999999947e+00,-1.320199999999999985e-01,-1.726041145278583433e-01,2.000000000000000000e+00
1.296019999999999950e+00,-1.345200000000000007e-01,-1.743979577276044690e-01,2.000000000000000000e+00
1.306969999999999965e+00,-1.371199999999999919e-01,-1.782302009561632927e-01,2.000000000000000000e+00
1.307770000000000099e+00,-1.373199999999999976e-01,-1.785274847935630904e-01,2.000000000000000000e+00
1.328850000000000087e+00,-1.407499999999999862e-01,-1.801777393721082088e-01,2.000000000000000000e+00
1.336370000000000058e+00,-1.423899999999999888e-01,-1.809385218473802404e-01,2.000000000000000000e+00
1.336370000000000058e+00,-1.423899999999999888e-01,-1.809385218473802404e-01,2.000000000000000000e+00
1.336880000000000068e+00,-1.425099999999999978e-01,-1.809937226591600001e-01,2.000000000000000000e+00
1.358160000000000034e+00,-1.457799999999999929e-01,-1.825981078543046643e-01,2.000000000000000000e+00
1.375180000000000069e+00,-1.488700000000000023e-01,-1.866026600693553583e-01,2.000000000000000000e+00
1.392870000000000053e+00,-1.522399999999999864e-01,-1.890922867566044718e-01,2.000000000000000000e+00
1.392870000000000053e+00,-1.522399999999999864e-01,-1.890922867566044718e-01,2.000000000000000000e+00
1.406220000000000026e+00,-1.550199999999999911e-01,-1.874179654172855036e-01,2.000000000000000000e+00
1.407389999999999919e+00,-1.552600000000000091e-01,-1.872365789743559994e-01,2.000000000000000000e+00
1.418169999999999931e+00,-1.576400000000000023e-01,-1.888842026142233121e-01,2.000000000000000000e+00
1.436520000000000019e+00,-1.612500000000000044e-01,-1.876624119734831009e-01,2.000000000000000000e+00
1.436520000000000019e+00,-1.612500000000000044e-01,-1.876624119734831009e-01,2.000000000000000000e+00
1.454609999999999959e+00,-1.656600000000000017e-01,-1.896577727303808414e-01,2.000000000000000000e+00
1.455810000000000048e+00,-1.659700000000000064e-01,-1.898108651783852463e-01,2.000000000000000000e+00
1.466749999999999998e+00,-1.688399999999999901e-01,-1.907986290632610882e-01,2.000000000000000000e+00
1.483389999999999986e+00,-1.725200000000000067e-01,-1.947161034899492493e-01,2.000000000000000000e+00
1.483389999999999986e+00,-1.725200000000000067e-01,-1.947161034899492493e-01,2.000000000000000000e+00
1.506450000000000067e+00,-1.766699999999999937e-01,-1.993510838136936247e-01,2.000000000000000000e+00
1.506450000000000067e+00,-1.766699999999999937e-01,-1.993510838136936247e-01,2.000000000000000000e+00
1.512799999999999923e+00,-1.790400000000000047e-01,-2.034114212966164348e-01,2.000000000000000000e+00
1.513200000000000101e+00,-1.792300000000000004e-01,-2.037437165917017623e-01,2.000000000000000000e+00
1.537080000000000002e+00,-1.837900000000000089e-01,-2.031577540507740476e-01,2.000000000000000000e+00
1.549690000000000012e+00,-1.871200000000000085e-01,-2.070624364092419623e-01,2.000000000000000000e+00
1.549690000000000012e+00,-1.871200000000000085e-01,-2.070624364092419623e-01,2.000000000000000000e+00
1.561739999999999906e+00,-1.897600000000000120e-01,-2.083729815795904716e-01,2.000000000000000000e+00
1.562689999999999912e+00,-1.899700000000000000e-01,-2.084550728979503165e-01,2.000000000000000000e+00
1.586009999999999920e+00,-1.938799999999999968e-01,-2.102986214127169906e-01,2.000000000000000000e+00
1.598629999999999995e+00,-1.973799999999999999e-01,-2.146094332798273718e-01,2.000000000000000000e+00
1.598629999999999995e+00,-1.973799999999999999e-01,-2.146094332798273718e-01,2.000000000000000000e+00
1.610689999999999955e+00,-2.007299999999999918e-01,-2.167343341285643543e-01,2.000000000000000000e+00
1.610689999999999955e+00,-2.007299999999999918e-01,-2.167343341285643543e-01,2.000000000000000000e+00
1.623199999999999976e+00,-2.039900000000000047e-01,-2.180214550563129849e-01,2.000000000000000000e+00
1.623199999999999976e+00,-2.039900000000000047e-01,-2.180214550563129849e-01,2.000000000000000000e+00
1.623199999999999976e+00,-2.039900000000000047e-01,-2.180214550563129849e-01,2.000000000000000000e+00
1.642830000000000013e+00,-2.081899999999999862e-01,-2.178646630210266943e-01,2.000000000000000000e+00
1.663829999999999920e+00,-2.127199999999999924e-01,-2.166195533813337903e-01,2.000000000000000000e+00
1.677650000000000086e+00,-2.166099999999999970e-01,-2.153625746562146115e-01,2.000000000000000000e+00
1.693980000000000041e+00,-2.212099999999999900e-01,-2.221145632349150190e-01,2.000000000000000000e+00
1.693980000000000041e+00,-2.212099999999999900e-01,-2.221145632349150190e-01,2.000000000000000000e+00
1.699459999999999971e+00,-2.238199999999999912e-01,-2.266736026286359784e-01,2.000000000000000000e+00
1.699459999999999971e+00,-2.238199999999999912e-01,-2.266736026286359784e-01,2.000000000000000000e+00
1.727200000000000069e+00,-2.291100000000000081e-01,-2.236810197132371447e-01,2.000000000000000000e+00
1.729219999999999979e+00,-2.294799999999999895e-01,-2.234398471122553409e-01,2.000000000000000000e+00
1.739740000000000064e+00,-2.327500000000000124e-01,-2.272110129142010659e-01,2.000000000000000000e+00
1.751489999999999991e+00,-2.362200000000000133e-01,-2.318469337441750322e-01,2.000000000000000000e+00
1.751489999999999991e+00,-2.362200000000000133e-01,-2.318469337441750322e-01,2.000000000000000000e+00
1.763579999999999925e+00,-2.396600000000000119e-01,-2.333509815086199091e-01,2.000000000000000000e+00
1.763579999999999925e+00,-2.396600000000000119e-01,-2.333509815086199091e-01,2.000000000000000000e+00
1.777190000000000047e+00,-2.432199999999999918e-01,-2.345705882419856225e-01,2.000000000000000000e+00
1.778340000000000032e+00,-2.435199999999999865e-01,-2.346717255983752914e-01,2.000000000000000000e+00
1.804110000000000102e+00,-2.485799999999999954e-01,-2.367543834278297843e-01,2.000000000000000000e+00
1.817439999999999944e+00,-2.523599999999999732e-01,-2.409742695522547606e-01,2.000000000000000000e+00
1.817439999999999944e+00,-2.523599999999999732e-01,-2.409742695522547606e-01,2.000000000000000000e+00
1.829420000000000046e+00,-2.559400000000000008e-01,-2.452950813175811817e-01,2.000000000000000000e+00
1.843140000000000001e+00,-2.597900000000000209e-01,-2.447409338982743099e-01,2.000000000000000000e+00
1.843140000000000001e+00,-2.597900000000000209e-01,-2.447409338982743099e-01,2.000000000000000000e+00
1.864230000000000054e+00,-2.645700000000000274e-01,-2.462469583275206930e-01,2.000000000000000000e+00
1.878160000000000052e+00,-2.685699999999999754e-01,-2.479579384612946580e-01,2.000000000000000000e+00
1.878160000000000052e+00,-2.685699999999999754e-01,-2.479579384612946580e-01,2.000000000000000000e+00
1.890609999999999902e+00,-2.728900000000000214e-01,-2.494516362139153065e-01,2.000000000000000000e+00
1.905149999999999899e+00,-2.770299999999999985e-01,-2.478964861398916808e-01,2.000000000000000000e+00
1.905149999999999899e+00,-2.770299999999999985e-01,-2.478964861398916808e-01,2.000000000000000000e+00
1.918590000000000018e+00,-2.823999999999999844e-01,-2.550399005530207264e-01,2.000000000000000000e+00
1.924460000000000059e+00,-2.853499999999999925e-01,-2.538854533771235933e-01,2.000000000000000000e+00
1.929340000000000055e+00,-2.849599999999999911e-01,-2.539615204163449547e-01,2.000000000000000000e+00
1.929340000000000055e+00,-2.849599999999999911e-01,-2.539615204163449547e-01,2.000000000000000000e+00
1.949100000000000055e+00,-2.889900000000000246e-01,-2.558963934865547962e-01,2.000000000000000000e+00
1.951549999999999896e+00,-2.905400000000000205e-01,-2.592534935223281267e-01,2.000000000000000000e+00
1.951549999999999896e+00,-2.905400000000000205e-01,-2.592534935223281267e-01,2.000000000000000000e+00
1.962159999999999904e+00,-2.936400000000000121e-01,-2.605734251854062156e-01,2.000000000000000000e+00
1.962839999999999918e+00,-2.938399999999999901e-01,-2.606468975740592886e-01,2.000000000000000000e+00
1.973470000000000057e+00,-2.965999999999999748e-01,-2.617157970420641577e-01,2.000000000000000000e+00
1.973470000000000057e+00,-2.965999999999999748e-01,-2.617157970420641577e-01,2.000000000000000000e+00
1.976499999999999924e+00,-2.987799999999999900e-01,-2.627310840675758929e-01,2.000000000000000000e+00
1.976499999999999924e+00,-2.987799999999999900e-01,-2.627310840675758929e-01,2.000000000000000000e+00
1.984660000000000091e+00,-3.008600000000000163e-01,-2.667420232963217952e-01,2.000000000000000000e+00
1.711640000000000050e+00,-2.760099999999999776e-01,-2.828117560783449669e+00,2.000000000000000000e+00
1.711640000000000050e+00,-2.760099999999999776e-01,-2.828117560783449669e+00,2.000000000000000000e+00
1.868640000000000079e+00,-2.709500000000000242e-01,-2.577338641495514615e-01,2.000000000000000000e+00
1.997880000000000100e+00,-3.033100000000000240e-01,-2.643925880824423147e-01,2.000000000000000000e+00
1.997149999999999981e+00,-3.033100000000000240e-01,-2.672741182587799469e-01,2.000000000000000000e+00
1.997149999999999981e+00,-3.033100000000000240e-01,-2.672741182587799469e-01,2.000000000000000000e+00
2.007429999999999826e+00,-3.048399999999999999e-01,-2.649630516735121954e-01,2.000000000000000000e+00
1.999749999999999917e+00,-3.040700000000000069e-01,-2.644796945869637428e-01,2.000000000000000000e+00
1.999749999999999917e+00,-3.040700000000000069e-01,-2.644796945869637428e-01,2.000000000000000000e+00
1.999120000000000008e+00,-3.039999999999999925e-01,-2.644577268432610762e-01,2.000000000000000000e+00
1.991160000000000041e+00,-3.028199999999999781e-01,-2.640254526304040006e-01,2.000000000000000000e+00
1.991160000000000041e+00,-3.028199999999999781e-01,-2.640254526304040006e-01,2.000000000000000000e+00
1.997039999999999926e+00,-3.032599999999999740e-01,-2.671420785506901652e-01,2.000000000000000000e+00
1.997039999999999926e+00,-3.032599999999999740e-01,-2.671420785506901652e-01,2.000000000000000000e+00
1.997120000000000006e+00,-3.033000000000000140e-01,-2.674627775793412265e-01,2.000000000000000000e+00
1.997339999999999893e+00,-3.033600000000000185e-01,-2.678868343794867934e-01,2.000000000000000000e+00
1.997339999999999893e+00,-3.033600000000000185e-01,-2.678868343794867934e-01,2.000000000000000000e+00
1.997509999999999897e+00,-3.036400000000000210e-01,-2.675832791632175023e-01,2.000000000000000000e+00
1.997509999999999897e+00,-3.036400000000000210e-01,-2.675832791632175023e-01,2.000000000000000000e+00
1.999139999999999917e+00,-3.037900000000000045e-01,-2.646739576099262914e-01,2.000000000000000000e+00
1.999290000000000012e+00,-3.038000000000000145e-01,-2.644181252601737198e-01,2.000000000000000000e+00
1.998010000000000064e+00,-3.036400000000000210e-01,-2.672521288594204569e-01,2.000000000000000000e+00
1.997279999999999944e+00,-3.035900000000000265e-01,-2.675254440243551857e-01,2.000000000000000000e+00
1.997279999999999944e+00,-3.035900000000000265e-01,-2.675254440243551857e-01,2.000000000000000000e+00
1.998629999999999907e+00,-3.037199999999999900e-01,-2.647023310449484468e-01,2.000000000000000000e+00
1.998780000000000001e+00,-3.037400000000000100e-01,-2.644059855859900998e-01,2.000000000000000000e+00
1.999079999999999968e+00,-3.038100000000000245e-01,-2.644268382586922872e-01,2.000000000000000000e+00
1.997819999999999929e+00,-3.036599999999999855e-01,-2.672745131697582543e-01,2.000000000000000000e+00
1.997819999999999929e+00,-3.036599999999999855e-01,-2.672745131697582543e-01,2.000000000000000000e+00
1.997260000000000035e+00,-3.035900000000000265e-01,-2.675263924664504356e-01,2.000000000000000000e+00
1.997260000000000035e+00,-3.035900000000000265e-01,-2.675263924664504356e-01,2.000000000000000000e+00
1.997659999999999991e+00,-3.036400000000000210e-01,-2.675357273733734997e-01,2.000000000000000000e+00
1.997270000000000101e+00,-3.035900000000000265e-01,-2.675264486355097837e-01,2.000000000000000000e+00
-2.400000000000000061e-04,6.000000000000000152e-05,0.000000000000000000e+00,2.000000000000000000e+00
-2.400000000000000061e-04,6.000000000000000152e-05,0.000000000000000000e+00,2.000000000000000000e+00
8.599999999999999789e-04,-2.200000000000000078e-04,-1.060561661682727502e-03,2.000000000000000000e+00
-2.700000000000000035e-04,1.100000000000000039e-04,2.951602075169576511e-04,2.000000000000000000e+00
-2.700000000000000035e-04,1.100000000000000039e-04,2.951602075169576511e-04,2.000000000000000000e+00
-4.800000000000000122e-04,1.200000000000000030e-04,4.097321002760729268e-04,2.000000000000000000e+00
-4.800000000000000122e-04,1.200000000000000030e-04,4.097321002760729268e-04,2.000000000000000000e+00
-3.099999999999999999e-04,1.100000000000000039e-04,-1.439236344883304411e-03,2.000000000000000000e+00
-3.099999999999999999e-04,1.100000000000000039e-04,-1.439236344883304411e-03,2.000000000000000000e+00
8.599999999999999789e-04,-1.399999999999999877e-04,-1.053398268607170021e-03,2.000000000000000000e+00
8.599999999999999789e-04,-1.399999999999999877e-04,-1.053398268607170021e-03,2.000000000000000000e+00
9.600000000000000243e-04,-1.600000000000000131e-04,-1.011880883719403802e-03,2.000000000000000000e+00
-2.100000000000000087e-04,1.100000000000000039e-04,-1.228781721789055145e-03,2.000000000000000000e+00
-2.100000000000000087e-04,1.100000000000000039e-04,-1.228781721789055145e-03,2.000000000000000000e+00
9.899999999999999946e-04,0.000000000000000000e+00,-1.277570181903529140e-03,2.000000000000000000e+00
9.899999999999999946e-04,0.000000000000000000e+00,-1.277570181903529140e-03,2.000000000000000000e+00
2.400000000000000061e-04,2.900000000000000017e-04,3.188947897889731018e-03,2.000000000000000000e+00
1.700000000000000122e-04,3.099999999999999999e-04,3.588266172231409801e-03,2.000000000000000000e+00
2.929999999999999879e-03,8.899999999999999491e-04,3.653144419427239997e-04,2.000000000000000000e+00
7.550000000000000287e-03,7.600000000000000418e-04,1.077498000936747292e-03,2.000000000000000000e+00
7.550000000000000287e-03,7.600000000000000418e-04,1.077498000936747292e-03,2.000000000000000000e+00
7.960000000000000062e-03,7.399999999999999894e-04,1.163661579379267515e-03,2.000000000000000000e+00
1.629999999999999852e-02,9.399999999999999719e-04,-1.107993735303269053e-03,2.000000000000000000e+00
2.474000000000000157e-02,1.139999999999999954e-03,-2.963494438068660017e-03,2.000000000000000000e+00
2.474000000000000157e-02,1.139999999999999954e-03,-2.963494438068660017e-03,2.000000000000000000e+00
3.448999999999999982e-02,1.139999999999999954e-03,-4.514954531465690743e-03,2.000000000000000000e+00
4.436999999999999972e-02,1.020000000000000073e-03,-5.470319924867305533e-03,2.000000000000000000e+00
4.436999999999999972e-02,1.020000000000000073e-03,-5.470319924867305533e-03,2.000000000000000000e+00
5.997999999999999859e-02,2.799999999999999755e-04,-3.610750601822769815e-03,2.000000000000000000e+00
5.997999999999999859e-02,2.799999999999999755e-04,-3.610750601822769815e-03,2.000000000000000000e+00
7.352999999999999814e-02,-1.399999999999999877e-04,-5.025122141093537817e-03,2.000000000000000000e+00
7.445999999999999841e-02,-1.700000000000000122e-04,-5.142289743885477063e-03,2.000000000000000000e+00
8.568000000000000616e-02,-3.400000000000000244e-04,-5.485234166925910884e-03,2.000000000000000000e+00
9.804999999999999827e-02,-5.599999999999999509e-04,-6.360065542117701240e-03,2.000000000000000000e+00
9.804999999999999827e-02,-5.599999999999999509e-04,-6.360065542117701240e-03,2.000000000000000000e+00
1.123600000000000015e-01,-1.420000000000000038e-03,-8.168844620955151639e-03,2.000000000000000000e+00
1.123600000000000015e-01,-1.420000000000000038e-03,-8.168844620955151639e-03,2.000000000000000000e+00
1.339700000000000057e-01,-1.049999999999999935e-03,-1.100208178912772880e-02,2.000000000000000000e+00
1.360899999999999888e-01,-1.020000000000000073e-03,-1.127672554701316353e-02,2.000000000000000000e+00
1.498800000000000132e-01,-1.490000000000000005e-03,-1.512224514724308695e-02,2.000000000000000000e+00
1.631299999999999972e-01,-1.920000000000000049e-03,-1.779990214250696395e-02,2.000000000000000000e+00
1.631299999999999972e-01,-1.920000000000000049e-03,-1.779990214250696395e-02,2.000000000000000000e+00
1.803599999999999925e-01,-2.739999999999999814e-03,-2.243112924648564890e-02,2.000000000000000000e+00
1.803599999999999925e-01,-2.739999999999999814e-03,-2.243112924648564890e-02,2.000000000000000000e+00
1.913300000000000001e-01,-2.540000000000000157e-03,-2.281738128657227055e-02,2.000000000000000000e+00
1.913300000000000001e-01,-2.540000000000000157e-03,-2.281738128657227055e-02,2.000000000000000000e+00
2.095299999999999940e-01,-3.449999999999999942e-03,-2.488345968423179982e-02,2.000000000000000000e+00
2.112100000000000088e-01,-3.540000000000000178e-03,-2.508806537645001666e-02,2.000000000000000000e+00
2.272099999999999953e-01,-4.649999999999999620e-03,-2.602573561404137800e-02,2.000000000000000000e+00
2.288300000000000056e-01,-4.760000000000000342e-03,-2.612071786562243300e-02,2.000000000000000000e+00
2.381999999999999951e-01,-4.479999999999999608e-03,-2.875512150023481692e-02,2.000000000000000000e+00
2.572599999999999887e-01,-5.089999999999999906e-03,-2.856243480715058361e-02,2.000000000000000000e+00
2.572599999999999887e-01,-5.089999999999999906e-03,-2.856243480715058361e-02,2.000000000000000000e+00
2.742899999999999783e-01,-5.250000000000000326e-03,-3.026456993556404795e-02,2.000000000000000000e+00
2.757399999999999851e-01,-5.270000000000000379e-03,-3.042808312336172868e-02,2.000000000000000000e+00
2.892600000000000171e-01,-5.459999999999999576e-03,-3.297486326547238028e-02,2.000000000000000000e+00
3.034299999999999775e-01,-6.100000000000000387e-03,-3.244485964516680837e-02,2.000000000000000000e+00
3.034299999999999775e-01,-6.100000000000000387e-03,-3.244485964516680837e-02,2.000000000000000000e+00
3.264500000000000179e-01,-8.609999999999999598e-03,-3.282983498233729008e-02,2.000000000000000000e+00
3.264500000000000179e-01,-8.609999999999999598e-03,-3.282983498233729008e-02,2.000000000000000000e+00
3.440099999999999825e-01,-1.022999999999999951e-02,-3.543292020642573037e-02,2.000000000000000000e+00
3.455400000000000138e-01,-1.037000000000000074e-02,-3.568410465518759289e-02,2.000000000000000000e+00
3.571199999999999930e-01,-1.086999999999999945e-02,-3.874633085737357041e-02,2.000000000000000000e+00
3.762099999999999889e-01,-1.209000000000000005e-02,-3.972118687035691015e-02,2.000000000000000000e+00
3.762099999999999889e-01,-1.209000000000000005e-02,-3.972118687035691015e-02,2.000000000000000000e+00
3.991100000000000203e-01,-1.183000000000000024e-02,-4.088546113171505347e-02,2.000000000000000000e+00
3.991100000000000203e-01,-1.183000000000000024e-02,-4.088546113171505347e-02,2.000000000000000000e+00
4.155800000000000050e-01,-1.242000000000000048e-02,-4.357130551432125687e-02,2.000000000000000000e+00
4.155800000000000050e-01,-1.242000000000000048e-02,-4.357130551432125687e-02,2.000000000000000000e+00
4.309000000000000052e-01,-1.325999999999999922e-02,-4.132335949108373319e-02,2.000000000000000000e+00
4.322699999999999876e-01,-1.333999999999999943e-02,-4.108042232324388143e-02,2.000000000000000000e+00
4.461399999999999810e-01,-1.423999999999999919e-02,-4.336052827914733260e-02,2.000000000000000000e+00
4.474600000000000244e-01,-1.433000000000000072e-02,-4.357680488757204734e-02,2.000000000000000000e+00
4.616600000000000148e-01,-1.507999999999999965e-02,-4.778857917159331364e-02,2.000000000000000000e+00
4.797299999999999898e-01,-1.570999999999999827e-02,-5.439953018639355486e-02,2.000000000000000000e+00
4.812799999999999856e-01,-1.577999999999999889e-02,-5.497549657292691294e-02,2.000000000000000000e+00
4.934799999999999742e-01,-1.648000000000000159e-02,-5.389424433912785861e-02,2.000000000000000000e+00
4.934799999999999742e-01,-1.648000000000000159e-02,-5.389424433912785861e-02,2.000000000000000000e+00
5.114800000000000457e-01,-1.694999999999999979e-02,-5.468937863152269208e-02,2.000000000000000000e+00
5.253200000000000092e-01,-1.760000000000000106e-02,-5.541275112824998322e-02,2.000000000000000000e+00
5.253200000000000092e-01,-1.760000000000000106e-02,-5.541275112824998322e-02,2.000000000000000000e+00
5.438100000000000156e-01,-1.907000000000000015e-02,-5.423521765586501731e-02,2.000000000000000000e+00
5.454700000000000104e-01,-1.919999999999999832e-02,-5.411873723709555856e-02,2.000000000000000000e+00
5.574999999999999956e-01,-2.016000000000000084e-02,-5.680903436257236233e-02,2.000000000000000000e+00
5.760499999999999510e-01,-2.183999999999999830e-02,-5.602984916554836631e-02,2.000000000000000000e+00
5.760499999999999510e-01,-2.183999999999999830e-02,-5.602984916554836631e-02,2.000000000000000000e+00
5.898099999999999454e-01,-2.289000000000000062e-02,-5.880427048806805695e-02,2.000000000000000000e+00
6.059700000000000086e-01,-2.419999999999999929e-02,-6.164544547800619723e-02,2.000000000000000000e+00
6.059700000000000086e-01,-2.419999999999999929e-02,-6.164544547800619723e-02,2.000000000000000000e+00
6.195899999999999741e-01,-2.523999999999999855e-02,-6.062271403269466064e-02,2.000000000000000000e+00
6.195899999999999741e-01,-2.523999999999999855e-02,-6.062271403269466064e-02,2.000000000000000000e+00
6.359500000000000153e-01,-2.614999999999999963e-02,-6.524291017310933360e-02,2.000000000000000000e+00
6.557199999999999696e-01,-2.776999999999999955e-02,-6.454054402365487497e-02,2.000000000000000000e+00
6.557199999999999696e-01,-2.776999999999999955e-02,-6.454054402365487497e-02,2.000000000000000000e+00
6.698199999999999710e-01,-2.906999999999999862e-02,-6.522183062345579541e-02,2.000000000000000000e+00
6.698199999999999710e-01,-2.906999999999999862e-02,-6.522183062345579541e-02,2.000000000000000000e+00
6.865200000000000191e-01,-3.034999999999999851e-02,-7.016280990695242248e-02,2.000000000000000000e+00
7.032300000000000217e-01,-3.128000000000000225e-02,-7.746950199460835018e-02,2.000000000000000000e+00
7.032300000000000217e-01,-3.128000000000000225e-02,-7.746950199460835018e-02,2.000000000000000000e+00
7.147499999999999964e-01,-3.203999999999999904e-02,-7.659481489607940230e-02,2.000000000000000000e+00
7.147499999999999964e-01,-3.203999999999999904e-02,-7.659481489607940230e-02,2.000000000000000000e+00
7.157299999999999773e-01,-3.209999999999999659e-02,-7.644268577117244168e-02,2.000000000000000000e+00
7.351499999999999702e-01,-3.348000000000000281e-02,-7.589340716881431970e-02,2.000000000000000000e+00
7.368799999999999795e-01,-3.359999999999999792e-02,-7.584417358894759986e-02,2.000000000000000000e+00
7.673299999999999566e-01,-3.601000000000000034e-02,-7.517121233440771100e-02,2.000000000000000000e+00
7.673299999999999566e-01,-3.601000000000000034e-02,-7.517121233440771100e-02,2.000000000000000000e+00
7.793200000000000127e-01,-3.747999999999999943e-02,-7.459301819322339266e-02,2.000000000000000000e+00
7.802299999999999791e-01,-3.760000000000000148e-02,-7.451750222127744017e-02,2.000000000000000000e+00
7.964299999999999713e-01,-3.950000000000000039e-02,-7.741226115284985387e-02,2.000000000000000000e+00
8.141199999999999548e-01,-4.118000000000000133e-02,-8.075718774801214639e-02,2.000000000000000000e+00
8.141199999999999548e-01,-4.118000000000000133e-02,-8.075718774801214639e-02,2.000000000000000000e+00
8.292399999999999771e-01,-4.281000000000000083e-02,-8.003822625744783092e-02,2.000000000000000000e+00
8.304599999999999760e-01,-4.293999999999999900e-02,-7.994482535393505895e-02,2.000000000000000000e+00
8.435099999999999820e-01,-4.419000000000000011e-02,-8.526170363038583500e-02,2.000000000000000000e+00
8.614300000000000290e-01,-4.578999999999999737e-02,-8.849323836575392899e-02,2.000000000000000000e+00
8.614300000000000290e-01,-4.578999999999999737e-02,-8.849323836575392899e-02,2.000000000000000000e+00
8.771499999999999853e-01,-4.734000000000000014e-02,-8.779274152847843515e-02,2.000000000000000000e+00
8.771499999999999853e-01,-4.734000000000000014e-02,-8.779274152847843515e-02,2.000000000000000000e+00
8.915699999999999736e-01,-4.895000000000000046e-02,-9.062062723399873232e-02,2.000000000000000000e+00
8.928000000000000380e-01,-4.909999999999999781e-02,-9.089306198467517195e-02,2.000000000000000000e+00
9.098199999999999621e-01,-5.084999999999999937e-02,-9.421651718510777596e-02,2.000000000000000000e+00
9.286200000000000010e-01,-5.244000000000000050e-02,-9.761695903692024778e-02,2.000000000000000000e+00
9.286200000000000010e-01,-5.244000000000000050e-02,-9.761695903692024778e-02,2.000000000000000000e+00
9.407600000000000406e-01,-5.367999999999999855e-02,-9.684971628470497029e-02,2.000000000000000000e+00
9.417699999999999960e-01,-5.378999999999999754e-02,-9.674914210930268821e-02,2.000000000000000000e+00
9.632899999999999796e-01,-5.560999999999999971e-02,-9.776050987761963906e-02,2.000000000000000000e+00
9.757200000000000317e-01,-5.698000000000000287e-02,-9.835731823630430859e-02,2.000000000000000000e+00
9.757200000000000317e-01,-5.698000000000000287e-02,-9.835731823630430859e-02,2.000000000000000000e+00
9.913100000000000245e-01,-5.868000000000000299e-02,-9.738865653695608082e-02,2.000000000000000000e+00
1.006259999999999932e+00,-6.054999999999999966e-02,-1.004486365991851815e-01,2.000000000000000000e+00
1.006259999999999932e+00,-6.054999999999999966e-02,-1.004486365991851815e-01,2.000000000000000000e+00
1.026180000000000092e+00,-6.336999999999999578e-02,-9.990192489100130357e-02,2.000000000000000000e+00
1.026180000000000092e+00,-6.336999999999999578e-02,-9.990192489100130357e-02,2.000000000000000000e+00
1.041520000000000001e+00,-6.543999999999999817e-02,-1.055512359599169309e-01,2.000000000000000000e+00
1.041520000000000001e+00,-6.543999999999999817e-02,-1.055512359599169309e-01,2.000000000000000000e+00
1.057039999999999980e+00,-6.765999999999999792e-02,-1.066555770503566508e-01,2.000000000000000000e+00
1.072629999999999972e+00,-6.948000000000000009e-02,-1.101523053134551011e-01,2.000000000000000000e+00
1.072629999999999972e+00,-6.948000000000000009e-02,-1.101523053134551011e-01,2.000000000000000000e+00
1.088430000000000009e+00,-7.120999999999999552e-02,-1.136058519426867974e-01,2.000000000000000000e+00
1.088430000000000009e+00,-7.120999999999999552e-02,-1.136058519426867974e-01,2.000000000000000000e+00
1.104289999999999994e+00,-7.323000000000000342e-02,-1.152372757423936050e-01,2.000000000000000000e+00
1.124309999999999921e+00,-7.602000000000000424e-02,-1.164173737153191834e-01,2.000000000000000000e+00
1.124309999999999921e+00,-7.602000000000000424e-02,-1.164173737153191834e-01,2.000000000000000000e+00
1.149520000000000097e+00,-8.082999999999999907e-02,-1.231495705303395360e-01,2.000000000000000000e+00
1.149520000000000097e+00,-8.082999999999999907e-02,-1.231495705303395360e-01,2.000000000000000000e+00
1.162749999999999950e+00,-8.260000000000000675e-02,-1.222212036441881478e-01,2.000000000000000000e+00
1.163680000000000048e+00,-8.272000000000000186e-02,-1.221008786961084447e-01,2.000000000000000000e+00
1.179559999999999942e+00,-8.465999999999999914e-02,-1.210649613843328420e-01,2.000000000000000000e+00
1.200499999999999901e+00,-8.692999999999999339e-02,-1.242055526990654551e-01,2.000000000000000000e+00
1.200499999999999901e+00,-8.692999999999999339e-02,-1.242055526990654551e-01,2.000000000000000000e+00
1.213449999999999918e+00,-8.896999999999999353e-02,-1.232076526412407141e-01,2.000000000000000000e+00
1.213449999999999918e+00,-8.896999999999999353e-02,-1.232076526412407141e-01,2.000000000000000000e+00
1.229889999999999928e+00,-9.149000000000000188e-02,-1.241102116995297377e-01,2.000000000000000000e+00
1.246259999999999923e+00,-9.436999999999999555e-02,-1.275397121915061993e-01,2.000000000000000000e+00
1.246259999999999923e+00,-9.436999999999999555e-02,-1.275397121915061993e-01,2.000000000000000000e+00
1.262820000000000054e+00,-9.668999999999999817e-02,-1.315592183346999677e-01,2.000000000000000000e+00
1.263919999999999932e+00,-9.685000000000000553e-02,-1.318283821156975844e-01,2.000000000000000000e+00
1.275020000000000042e+00,-9.872999999999999832e-02,-1.308448458522344926e-01,2.000000000000000000e+00
1.296070000000000055e+00,-1.014000000000000040e-01,-1.367491053634122267e-01,2.000000000000000000e+00
1.296070000000000055e+00,-1.014000000000000040e-01,-1.367491053634122267e-01,2.000000000000000000e+00
1.313890000000000002e+00,-1.040200000000000014e-01,-1.383297380271172605e-01,2.000000000000000000e+00
1.315120000000000067e+00,-1.042000000000000010e-01,-1.384156582224332355e-01,2.000000000000000000e+00
1.325949999999999962e+00,-1.060699999999999976e-01,-1.390888036191987587e-01,2.000000000000000000e+00
1.342600000000000016e+00,-1.085699999999999998e-01,-1.427943442748647596e-01,2.000000000000000000e+00
1.342600000000000016e+00,-1.085699999999999998e-01,-1.427943442748647596e-01,2.000000000000000000e+00
1.360209999999999919e+00,-1.112999999999999962e-01,-1.449188666160275973e-01,2.000000000000000000e+00
1.360209999999999919e+00,-1.112999999999999962e-01,-1.449188666160275973e-01,2.000000000000000000e+00
1.377599999999999936e+00,-1.136199999999999988e-01,-1.459016800930704183e-01,2.000000000000000000e+00
1.377599999999999936e+00,-1.136199999999999988e-01,-1.459016800930704183e-01,2.000000000000000000e+00
1.377599999999999936e+00,-1.136199999999999988e-01,-1.459016800930704183e-01,2.000000000000000000e+00
1.379410000000000025e+00,-1.138600000000000029e-01,-1.459947568803411089e-01,2.000000000000000000e+00
1.409110000000000085e+00,-1.182099999999999956e-01,-1.459011277776662563e-01,2.000000000000000000e+00
1.433419999999999916e+00,-1.213100000000000012e-01,-1.441812530143096738e-01,2.000000000000000000e+00
1.433419999999999916e+00,-1.213100000000000012e-01,-1.441812530143096738e-01,2.000000000000000000e+00
1.446010000000000018e+00,-1.236799999999999983e-01,-1.476917962521238359e-01,2.000000000000000000e+00
1.446919999999999984e+00,-1.238699999999999940e-01,-1.480033313965107011e-01,2.000000000000000000e+00
1.458099999999999952e+00,-1.263400000000000079e-01,-1.489140818141965750e-01,2.000000000000000000e+00
1.475330000000000030e+00,-1.294899999999999940e-01,-1.502690035150475167e-01,2.000000000000000000e+00
1.487649999999999917e+00,-1.320199999999999985e-01,-1.544729105543755920e-01,2.000000000000000000e+00
1.487649999999999917e+00,-1.320199999999999985e-01,-1.544729105543755920e-01,2.000000000000000000e+00
1.504850000000000021e+00,-1.349700000000000066e-01,-1.582610982126896881e-01,2.000000000000000000e+00
1.504850000000000021e+00,-1.349700000000000066e-01,-1.582610982126896881e-01,2.000000000000000000e+00
1.517479999999999940e+00,-1.371600000000000041e-01,-1.596399664339281654e-01,2.000000000000000000e+00
1.517479999999999940e+00,-1.371600000000000041e-01,-1.596399664339281654e-01,2.000000000000000000e+00
1.518550000000000066e+00,-1.373499999999999999e-01,-1.597446707236785390e-01,2.000000000000000000e+00
1.548589999999999911e+00,-1.432599999999999985e-01,-1.623056277382849133e-01,2.000000000000000000e+00
1.548589999999999911e+00,-1.432599999999999985e-01,-1.623056277382849133e-01,2.000000000000000000e+00
1.566759999999999931e+00,-1.463899999999999924e-01,-1.661290754438332906e-01,2.000000000000000000e+00
1.566759999999999931e+00,-1.463899999999999924e-01,-1.661290754438332906e-01,2.000000000000000000e+00
1.566759999999999931e+00,-1.463899999999999924e-01,-1.661290754438332906e-01,2.000000000000000000e+00
1.568310000000000093e+00,-1.466600000000000126e-01,-1.664527702662394193e-01,2.000000000000000000e+00
1.568310000000000093e+00,-1.466600000000000126e-01,-1.664527702662394193e-01,2.000000000000000000e+00
1.618379999999999930e+00,-1.550100000000000089e-01,-1.704626928240928208e-01,2.000000000000000000e+00
1.619359999999999911e+00,-1.552099999999999869e-01,-1.705395724759594667e-01,2.000000000000000000e+00
1.638719999999999954e+00,-1.583199999999999885e-01,-1.692448514087901423e-01,2.000000000000000000e+00
1.640260000000000051e+00,-1.585600000000000065e-01,-1.691421634358100945e-01,2.000000000000000000e+00
1.652290000000000036e+00,-1.608799999999999952e-01,-1.702544536768683670e-01,2.000000000000000000e+00
1.664770000000000083e+00,-1.638000000000000012e-01,-1.716520207327018044e-01,2.000000000000000000e+00
1.683380000000000098e+00,-1.677500000000000102e-01,-1.759732785059548443e-01,2.000000000000000000e+00
1.683380000000000098e+00,-1.677500000000000102e-01,-1.759732785059548443e-01,2.000000000000000000e+00
1.703629999999999978e+00,-1.718500000000000028e-01,-1.775236543516131305e-01,2.000000000000000000e+00
1.705100000000000060e+00,-1.721499999999999975e-01,-1.776172662505039190e-01,2.000000000000000000e+00
1.716749999999999998e+00,-1.746999999999999942e-01,-1.788959702434395060e-01,2.000000000000000000e+00
1.736350000000000060e+00,-1.783399999999999985e-01,-1.803574617552432258e-01,2.000000000000000000e+00
1.736350000000000060e+00,-1.783399999999999985e-01,-1.803574617552432258e-01,2.000000000000000000e+00
1.750289999999999901e+00,-1.812499999999999944e-01,-1.817748436910560927e-01,2.000000000000000000e+00
1.750289999999999901e+00,-1.812499999999999944e-01,-1.817748436910560927e-01,2.000000000000000000e+00
1.750289999999999901e+00,-1.812499999999999944e-01,-1.817748436910560927e-01,2.000000000000000000e+00
1.782559999999999922e+00,-1.882300000000000084e-01,-1.878554026464427373e-01,2.000000000000000000e+00
1.782559999999999922e+00,-1.882300000000000084e-01,-1.878554026464427373e-01,2.000000000000000000e+00
1.796370000000000022e+00,-1.914800000000000113e-01,-1.886611811834654484e-01,2.000000000000000000e+00
1.796370000000000022e+00,-1.914800000000000113e-01,-1.886611811834654484e-01,2.000000000000000000e+00
1.814159999999999995e+00,-1.949099999999999999e-01,-1.965119786872037422e-01,2.000000000000000000e+00
1.815600000000000103e+00,-1.952000000000000124e-01,-1.971733702244009012e-01,2.000000000000000000e+00
1.828270000000000062e+00,-1.978699999999999903e-01,-1.980676917528645664e-01,2.000000000000000000e+00
1.842989999999999906e+00,-2.010800000000000087e-01,-1.966423674333097338e-01,2.000000000000000000e+00
1.843979999999999952e+00,-2.013000000000000067e-01,-1.965358952307744156e-01,2.000000000000000000e+00
1.862389999999999990e+00,-2.044499999999999929e-01,-1.999878537437785042e-01,2.000000000000000000e+00
1.864619999999999944e+00,-2.048399999999999943e-01,-2.004003675186847855e-01,2.000000000000000000e+00
1.885520000000000085e+00,-2.087900000000000034e-01,-1.988584977604080095e-01,2.000000000000000000e+00
1.898770000000000069e+00,-2.123800000000000132e-01,-2.033335462330561616e-01,2.000000000000000000e+00
1.898770000000000069e+00,-2.123800000000000132e-01,-2.033335462330561616e-01,2.000000000000000000e+00
1.918350000000000000e+00,-2.153500000000000136e-01,-2.015883727500199507e-01,2.000000000000000000e+00
1.918350000000000000e+00,-2.153500000000000136e-01,-2.015883727500199507e-01,2.000000000000000000e+00
1.931869999999999976e+00,-2.190100000000000102e-01,-2.033549243693419661e-01,2.000000000000000000e+00
1.932760000000000034e+00,-2.192699999999999927e-01,-2.034938403302903043e-01,2.000000000000000000e+00
1.951929999999999943e+00,-2.229299999999999893e-01,-2.080940132423378108e-01,2.000000000000000000e+00
1.956050000000000066e+00,-2.251900000000000013e-01,-2.116883548793923320e-01,2.000000000000000000e+00
1.956050000000000066e+00,-2.251900000000000013e-01,-2.116883548793923320e-01,2.000000000000000000e+00
1.975980000000000070e+00,-2.288699999999999901e-01,-2.132004329964705958e-01,2.000000000000000000e+00
1.975980000000000070e+00,-2.288699999999999901e-01,-2.132004329964705958e-01,2.000000000000000000e+00
1.978879999999999972e+00,-2.301600000000000035e-01,-2.171548440258533330e-01,2.000000000000000000e+00
1.998040000000000038e+00,-2.337299999999999933e-01,-2.183128955113371461e-01,2.000000000000000000e+00
1.998040000000000038e+00,-2.337299999999999933e-01,-2.183128955113371461e-01,2.000000000000000000e+00
1.994140000000000024e+00,-2.346499999999999975e-01,-2.183389171458415823e-01,2.000000000000000000e+00
1.994140000000000024e+00,-2.346499999999999975e-01,-2.183389171458415823e-01,2.000000000000000000e+00
2.013510000000000133e+00,-2.379900000000000071e-01,-2.162650150293441431e-01,2.000000000000000000e+00
2.013599999999999834e+00,-2.384900000000000075e-01,-2.227973082141250227e-01,2.000000000000000000e+00
2.013599999999999834e+00,-2.384900000000000075e-01,-2.227973082141250227e-01,2.000000000000000000e+00
2.014679999999999804e+00,-2.395899999999999974e-01,-2.236790259236702549e-01,2.000000000000000000e+00
2.014679999999999804e+00,-2.395899999999999974e-01,-2.236790259236702549e-01,2.000000000000000000e+00
2.025959999999999983e+00,-2.416399999999999937e-01,-2.207681981448853803e-01,2.000000000000000000e+00
2.018100000000000005e+00,-2.409100000000000130e-01,-2.238983933783059710e-01,2.000000000000000000e+00
2.018100000000000005e+00,-2.409100000000000130e-01,-2.238983933783059710e-01,2.000000000000000000e+00
2.027880000000000127e+00,-2.418099999999999972e-01,-2.219068221489419457e-01,2.000000000000000000e+00
2.027880000000000127e+00,-2.418099999999999972e-01,-2.219068221489419457e-01,2.000000000000000000e+00
2.020770000000000177e+00,-2.410599999999999965e-01,-2.217843217421450464e-01,2.000000000000000000e+00
2.020080000000000098e+00,-2.409900000000000098e-01,-2.217900379297928215e-01,2.000000000000000000e+00
2.035000000000000142e+00,-2.431200000000000028e-01,-2.251135364333463063e-01,2.000000000000000000e+00
2.027309999999999945e+00,-2.422100000000000086e-01,-2.249980913563150442e-01,2.000000000000000000e+00
2.026609999999999800e+00,-2.421300000000000119e-01,-2.249680731052359495e-01,2.000000000000000000e+00
2.026339999999999808e+00,-2.419999999999999929e-01,-2.246503295972855085e-01,2.000000000000000000e+00
2.026349999999999874e+00,-2.419800000000000006e-01,-2.250032025913880074e-01,2.000000000000000000e+00
2.026349999999999874e+00,-2.419800000000000006e-01,-2.250032025913880074e-01,2.000000000000000000e+00
2.026499999999999968e+00,-2.416699999999999959e-01,-2.245796291724600768e-01,2.000000000000000000e+00
2.026499999999999968e+00,-2.416699999999999959e-01,-2.245796291724600768e-01,2.000000000000000000e+00
2.026609999999999800e+00,-2.417700000000000127e-01,-2.248479653267908829e-01,2.000000000000000000e+00
2.026899999999999924e+00,-2.421200000000000019e-01,-2.249626070655063592e-01,2.000000000000000000e+00
2.026899999999999924e+00,-2.421200000000000019e-01,-2.249626070655063592e-01,2.000000000000000000e+00
2.027909999999999879e+00,-2.422300000000000009e-01,-2.216774021616979007e-01,2.000000000000000000e+00
2.028000000000000025e+00,-2.422300000000000009e-01,-2.213962423210101282e-01,2.000000000000000000e+00
2.034800000000000164e+00,-2.429600000000000093e-01,-2.250311790849349181e-01,2.000000000000000000e+00
2.028900000000000148e+00,-2.420499999999999874e-01,-2.216528366230735569e-01,2.000000000000000000e+00
2.028900000000000148e+00,-2.420499999999999874e-01,-2.216528366230735569e-01,2.000000000000000000e+00
2.026510000000000034e+00,-2.419800000000000006e-01,-2.247524412898187218e-01,2.000000000000000000e+00
2.026419999999999888e+00,-2.421200000000000019e-01,-2.249648451357559031e-01,2.000000000000000000e+00
2.026419999999999888e+00,-2.421200000000000019e-01,-2.249648451357559031e-01,2.000000000000000000e+00
2.026419999999999888e+00,-2.421300000000000119e-01,-2.249588444566799905e-01,2.000000000000000000e+00
2.018470000000000208e+00,-2.411999999999999977e-01,-2.243348344407357642e-01,2.000000000000000000e+00
2.034209999999999852e+00,-2.428899999999999948e-01,-2.252446191691452049e-01,2.000000000000000000e+00
1.190000000000000085e-03,-2.300000000000000070e-04,0.000000000000000000e+00,2.000000000000000000e+00
1.190000000000000085e-03,-2.300000000000000070e-04,0.000000000000000000e+00,2.000000000000000000e+00
9.399999999999999719e-04,-1.900000000000000105e-04,1.352092132704253019e-03,2.000000000000000000e+00
9.200000000000000278e-04,-1.900000000000000105e-04,1.459070028603467930e-03,2.000000000000000000e+00
9.100000000000000016e-04,-4.000000000000000327e-05,1.532306332803313326e-03,2.000000000000000000e+00
9.100000000000000016e-04,-2.000000000000000164e-05,1.537614518018201332e-03,2.000000000000000000e+00
-2.500000000000000052e-04,9.000000000000000567e-05,1.261239280986446720e-03,2.000000000000000000e+00
9.499999999999999981e-04,-1.499999999999999869e-04,1.440235598533947661e-03,2.000000000000000000e+00
1.049999999999999935e-03,-1.700000000000000122e-04,1.455570618315772061e-03,2.000000000000000000e+00
1.049999999999999935e-03,-1.700000000000000122e-04,1.455570618315772061e-03,2.000000000000000000e+00
1.049999999999999935e-03,-1.700000000000000122e-04,1.455570618315772061e-03,2.000000000000000000e+00
-1.499999999999999869e-04,2.000000000000000164e-05,1.346852854245380324e-03,2.000000000000000000e+00
-3.099999999999999999e-04,-1.399999999999999877e-04,-2.834617114498090475e-04,2.000000000000000000e+00
-3.099999999999999999e-04,-1.399999999999999877e-04,-2.834617114498090475e-04,2.000000000000000000e+00
1.069999999999999988e-03,-2.999999999999999737e-04,-2.976254172429731743e-04,2.000000000000000000e+00
1.069999999999999988e-03,-2.999999999999999737e-04,-2.976254172429731743e-04,2.000000000000000000e+00
5.500000000000000331e-04,4.400000000000000157e-04,2.517200577571346038e-03,2.000000000000000000e+00
4.899999999999999842e-04,5.100000000000000366e-04,2.788219388884165956e-03,2.000000000000000000e+00
6.640000000000000069e-03,5.999999999999999474e-04,2.914635900877989450e-03,2.000000000000000000e+00
8.439999999999999586e-03,1.250000000000000026e-03,2.399639229475744248e-03,2.000000000000000000e+00
8.439999999999999586e-03,1.250000000000000026e-03,2.399639229475744248e-03,2.000000000000000000e+00
1.823999999999999927e-02,1.309999999999999967e-03,-5.662301863545446748e-04,2.000000000000000000e+00
1.823999999999999927e-02,1.309999999999999967e-03,-5.662301863545446748e-04,2.000000000000000000e+00
2.915999999999999842e-02,1.170000000000000033e-03,-2.268483047009493478e-03,2.000000000000000000e+00
3.006999999999999951e-02,1.160000000000000007e-03,-2.398905996825025956e-03,2.000000000000000000e+00
3.703999999999999654e-02,1.280000000000000105e-03,-2.587732568738802721e-03,2.000000000000000000e+00
5.022999999999999687e-02,9.399999999999999719e-04,-6.153156828175793472e-03,2.000000000000000000e+00
5.022999999999999687e-02,9.399999999999999719e-04,-6.153156828175793472e-03,2.000000000000000000e+00
6.022000000000000269e-02,9.799999999999999684e-04,-3.644565772782089839e-03,2.000000000000000000e+00
6.022000000000000269e-02,9.799999999999999684e-04,-3.644565772782089839e-03,2.000000000000000000e+00
7.054000000000000548e-02,1.030000000000000100e-03,-2.219433092258372205e-03,2.000000000000000000e+00
8.358999999999999764e-02,5.000000000000000104e-04,-5.651687009335629348e-03,2.000000000000000000e+00
8.358999999999999764e-02,5.000000000000000104e-04,-5.651687009335629348e-03,2.000000000000000000e+00
9.715000000000000024e-02,-5.000000000000000240e-05,-6.566343634099004734e-03,2.000000000000000000e+00
9.715000000000000024e-02,-5.000000000000000240e-05,-6.566343634099004734e-03,2.000000000000000000e+00
1.068100000000000022e-01,-6.000000000000000152e-05,-9.411380043797610076e-03,2.000000000000000000e+00
1.068100000000000022e-01,-6.000000000000000152e-05,-9.411380043797610076e-03,2.000000000000000000e+00
1.238900000000000001e-01,-1.350000000000000071e-03,-1.325434776728179678e-02,2.000000000000000000e+00
1.458699999999999997e-01,-3.779999999999999940e-03,-1.670870687200624177e-02,2.000000000000000000e+00
1.458699999999999997e-01,-3.779999999999999940e-03,-1.670870687200624177e-02,2.000000000000000000e+00
1.573299999999999976e-01,-3.820000000000000045e-03,-2.100381498604245861e-02,2.000000000000000000e+00
1.573299999999999976e-01,-3.820000000000000045e-03,-2.100381498604245861e-02,2.000000000000000000e+00
1.755299999999999916e-01,-5.080000000000000314e-03,-2.572417228956785928e-02,2.000000000000000000e+00
1.771699999999999942e-01,-5.219999999999999814e-03,-2.613252222309968287e-02,2.000000000000000000e+00
1.910799999999999998e-01,-5.859999999999999758e-03,-2.676803581439159835e-02,2.000000000000000000e+00
2.036100000000000132e-01,-6.700000000000000226e-03,-2.963431732180531186e-02,2.000000000000000000e+00
2.036100000000000132e-01,-6.700000000000000226e-03,-2.963431732180531186e-02,2.000000000000000000e+00
2.046499999999999986e-01,-6.779999999999999569e-03,-2.989598616653560414e-02,2.000000000000000000e+00
2.220900000000000096e-01,-7.919999999999999957e-03,-3.284624036931406421e-02,2.000000000000000000e+00
2.366199999999999970e-01,-7.830000000000000154e-03,-3.642609946733057352e-02,2.000000000000000000e+00
2.590299999999999825e-01,-7.170000000000000158e-03,-3.505041510330006438e-02,2.000000000000000000e+00
2.590299999999999825e-01,-7.170000000000000158e-03,-3.505041510330006438e-02,2.000000000000000000e+00
2.776899999999999924e-01,-7.579999999999999932e-03,-3.497310905570294448e-02,2.000000000000000000e+00
2.776899999999999924e-01,-7.579999999999999932e-03,-3.497310905570294448e-02,2.000000000000000000e+00
2.930699999999999972e-01,-8.139999999999999666e-03,-3.962417863174707428e-02,2.000000000000000000e+00
3.074899999999999856e-01,-9.450000000000000067e-03,-4.130010982053240048e-02,2.000000000000000000e+00
3.074899999999999856e-01,-9.450000000000000067e-03,-4.130010982053240048e-02,2.000000000000000000e+00
3.261399999999999855e-01,-1.038999999999999993e-02,-4.145253798265510770e-02,2.000000000000000000e+00
3.261399999999999855e-01,-1.038999999999999993e-02,-4.145253798265510770e-02,2.000000000000000000e+00
3.412799999999999723e-01,-1.144000000000000052e-02,-4.624622302527358481e-02,2.000000000000000000e+00
3.412799999999999723e-01,-1.144000000000000052e-02,-4.624622302527358481e-02,2.000000000000000000e+00
3.560400000000000231e-01,-1.284000000000000072e-02,-4.789713252683138606e-02,2.000000000000000000e+00
3.729199999999999737e-01,-1.408000000000000050e-02,-5.121801437358036724e-02,2.000000000000000000e+00
3.729199999999999737e-01,-1.408000000000000050e-02,-5.121801437358036724e-02,2.000000000000000000e+00
3.885199999999999765e-01,-1.512999999999999935e-02,-5.042732401352537086e-02,2.000000000000000000e+00
3.898099999999999898e-01,-1.521999999999999915e-02,-5.032547315063504167e-02,2.000000000000000000e+00
4.037299999999999778e-01,-1.617000000000000035e-02,-5.145674568465184728e-02,2.000000000000000000e+00
4.166699999999999848e-01,-1.703999999999999959e-02,-5.417832273666352283e-02,2.000000000000000000e+00
4.166699999999999848e-01,-1.703999999999999959e-02,-5.417832273666352283e-02,2.000000000000000000e+00
4.166699999999999848e-01,-1.703999999999999959e-02,-5.417832273666352283e-02,2.000000000000000000e+00
4.177199999999999802e-01,-1.711000000000000021e-02,-5.441730406261093000e-02,2.000000000000000000e+00
4.520199999999999774e-01,-2.055999999999999842e-02,-5.652354406548025512e-02,2.000000000000000000e+00
4.674400000000000222e-01,-2.111999999999999988e-02,-6.499044041720476728e-02,2.000000000000000000e+00
4.674400000000000222e-01,-2.111999999999999988e-02,-6.499044041720476728e-02,2.000000000000000000e+00
4.831300000000000039e-01,-2.168000000000000135e-02,-6.656936911584147853e-02,2.000000000000000000e+00
4.831300000000000039e-01,-2.168000000000000135e-02,-6.656936911584147853e-02,2.000000000000000000e+00
4.993099999999999761e-01,-2.266999999999999918e-02,-6.773200369946547061e-02,2.000000000000000000e+00
5.151299999999999768e-01,-2.375000000000000028e-02,-6.835244497198207647e-02,2.000000000000000000e+00
5.151299999999999768e-01,-2.375000000000000028e-02,-6.835244497198207647e-02,2.000000000000000000e+00
5.331700000000000328e-01,-2.544000000000000081e-02,-7.163094461389453438e-02,2.000000000000000000e+00
5.348000000000000531e-01,-2.560000000000000123e-02,-7.194617749751355817e-02,2.000000000000000000e+00
5.446299999999999475e-01,-2.638000000000000067e-02,-7.100807603849645933e-02,2.000000000000000000e+00
5.446299999999999475e-01,-2.638000000000000067e-02,-7.100807603849645933e-02,2.000000000000000000e+00
5.455699999999999994e-01,-2.646000000000000088e-02,-7.091743097934551099e-02,2.000000000000000000e+00
5.767200000000000104e-01,-2.996000000000000052e-02,-7.348951313855617284e-02,2.000000000000000000e+00
5.779199999999999893e-01,-3.011000000000000135e-02,-7.337749603261907450e-02,2.000000000000000000e+00
5.926399999999999446e-01,-3.157999999999999696e-02,-7.462238044731704656e-02,2.000000000000000000e+00
5.940499999999999670e-01,-3.171999999999999820e-02,-7.474163678008460820e-02,2.000000000000000000e+00
5.940499999999999670e-01,-3.171999999999999820e-02,-7.474163678008460820e-02,2.000000000000000000e+00
6.091499999999999693e-01,-3.305000000000000299e-02,-7.532577099631447559e-02,2.000000000000000000e+00
6.270099999999999563e-01,-3.463999999999999718e-02,-7.872386050583726758e-02,2.000000000000000000e+00
6.393799999999999484e-01,-3.592999999999999666e-02,-8.184973633160094741e-02,2.000000000000000000e+00
6.586199999999999832e-01,-3.814000000000000029e-02,-8.360449452483949273e-02,2.000000000000000000e+00
6.586199999999999832e-01,-3.814000000000000029e-02,-8.360449452483949273e-02,2.000000000000000000e+00
6.728199999999999736e-01,-3.978999999999999898e-02,-8.704223314678906365e-02,2.000000000000000000e+00
6.728199999999999736e-01,-3.978999999999999898e-02,-8.704223314678906365e-02,2.000000000000000000e+00
6.894400000000000528e-01,-4.105999999999999928e-02,-9.201362592501537152e-02,2.000000000000000000e+00
7.065000000000000169e-01,-4.214999999999999997e-02,-9.361237658631017811e-02,2.000000000000000000e+00
7.065000000000000169e-01,-4.214999999999999997e-02,-9.361237658631017811e-02,2.000000000000000000e+00
7.065000000000000169e-01,-4.214999999999999997e-02,-9.361237658631017811e-02,2.000000000000000000e+00
7.065000000000000169e-01,-4.214999999999999997e-02,-9.361237658631017811e-02,2.000000000000000000e+00
7.388400000000000523e-01,-4.551999999999999796e-02,-9.341641012246482134e-02,2.000000000000000000e+00
7.560999999999999943e-01,-4.742999999999999994e-02,-9.452549387180196605e-02,2.000000000000000000e+00
7.560999999999999943e-01,-4.742999999999999994e-02,-9.452549387180196605e-02,2.000000000000000000e+00
7.560999999999999943e-01,-4.742999999999999994e-02,-9.452549387180196605e-02,2.000000000000000000e+00
7.672400000000000331e-01,-4.879000000000000004e-02,-9.653392833744037227e-02,2.000000000000000000e+00
7.843799999999999661e-01,-5.111999999999999877e-02,-9.594967597112281921e-02,2.000000000000000000e+00
7.861099999999999755e-01,-5.134999999999999981e-02,-9.586925207144526839e-02,2.000000000000000000e+00
7.992500000000000160e-01,-5.319000000000000117e-02,-9.905501124577245631e-02,2.000000000000000000e+00
8.004400000000000404e-01,-5.335000000000000159e-02,-9.934297565893343562e-02,2.000000000000000000e+00
8.167499999999999760e-01,-5.523999999999999744e-02,-1.024065852118913600e-01,2.000000000000000000e+00
8.319299999999999473e-01,-5.723999999999999921e-02,-1.019175071544779904e-01,2.000000000000000000e+00
8.333399999999999697e-01,-5.743000000000000188e-02,-1.018373031548826801e-01,2.000000000000000000e+00
8.496399999999999508e-01,-5.918000000000000344e-02,-1.051783866301458925e-01,2.000000000000000000e+00
8.604500000000000481e-01,-6.065000000000000252e-02,-1.090890658265041419e-01,2.000000000000000000e+00
8.604500000000000481e-01,-6.065000000000000252e-02,-1.090890658265041419e-01,2.000000000000000000e+00
8.823800000000000532e-01,-6.374000000000000499e-02,-1.107606383013357010e-01,2.000000000000000000e+00
8.823800000000000532e-01,-6.374000000000000499e-02,-1.107606383013357010e-01,2.000000000000000000e+00
8.976100000000000190e-01,-6.579999999999999738e-02,-1.144012675983990257e-01,2.000000000000000000e+00
8.988300000000000178e-01,-6.597000000000000086e-02,-1.147220570773479498e-01,2.000000000000000000e+00
9.154200000000000115e-01,-6.747999999999999832e-02,-1.198385615259497522e-01,2.000000000000000000e+00
9.315999999999999837e-01,-6.913999999999999313e-02,-1.194638746137080820e-01,2.000000000000000000e+00
9.315999999999999837e-01,-6.913999999999999313e-02,-1.194638746137080820e-01,2.000000000000000000e+00
9.472500000000000364e-01,-7.090000000000000469e-02,-1.181822112181399320e-01,2.000000000000000000e+00
9.486200000000000188e-01,-7.105999999999999817e-02,-1.180668974934709209e-01,2.000000000000000000e+00
9.667799999999999727e-01,-7.337000000000000466e-02,-1.166688353899089509e-01,2.000000000000000000e+00
9.778400000000000425e-01,-7.503999999999999559e-02,-1.203344412637487315e-01,2.000000000000000000e+00
9.778400000000000425e-01,-7.503999999999999559e-02,-1.203344412637487315e-01,2.000000000000000000e+00
9.927899999999999503e-01,-7.743999999999999495e-02,-1.221887794916288600e-01,2.000000000000000000e+00
9.940600000000000547e-01,-7.764999999999999680e-02,-1.223225143198551634e-01,2.000000000000000000e+00
1.011970000000000036e+00,-8.039000000000000312e-02,-1.239388157859628997e-01,2.000000000000000000e+00
1.027840000000000087e+00,-8.297000000000000208e-02,-1.252818346636553337e-01,2.000000000000000000e+00
1.027840000000000087e+00,-8.297000000000000208e-02,-1.252818346636553337e-01,2.000000000000000000e+00
1.047940000000000094e+00,-8.573000000000000065e-02,-1.265309459118442448e-01,2.000000000000000000e+00
1.047940000000000094e+00,-8.573000000000000065e-02,-1.265309459118442448e-01,2.000000000000000000e+00
1.063390000000000057e+00,-8.822000000000000675e-02,-1.301420715393591943e-01,2.000000000000000000e+00
1.064419999999999922e+00,-8.838999999999999635e-02,-1.304000523796281508e-01,2.000000000000000000e+00
1.074740000000000029e+00,-9.038000000000000200e-02,-1.340610681612352806e-01,2.000000000000000000e+00
1.093979999999999952e+00,-9.327000000000000568e-02,-1.385595247414735665e-01,2.000000000000000000e+00
1.093979999999999952e+00,-9.327000000000000568e-02,-1.385595247414735665e-01,2.000000000000000000e+00
1.118260000000000032e+00,-9.911000000000000365e-02,-1.430690337265331791e-01,2.000000000000000000e+00
1.120130000000000070e+00,-9.958000000000000185e-02,-1.434091762099298784e-01,2.000000000000000000e+00
1.134910000000000085e+00,-1.014400000000000024e-01,-1.447884028969204373e-01,2.000000000000000000e+00
1.152490000000000014e+00,-1.035800000000000054e-01,-1.436994589815485390e-01,2.000000000000000000e+00
1.152490000000000014e+00,-1.035800000000000054e-01,-1.436994589815485390e-01,2.000000000000000000e+00
1.153650000000000064e+00,-1.037200000000000066e-01,-1.436121023618544545e-01,2.000000000000000000e+00
1.173589999999999911e+00,-1.061099999999999960e-01,-1.447369457583480290e-01,2.000000000000000000e+00
1.186549999999999994e+00,-1.084699999999999970e-01,-1.433058933463178253e-01,2.000000000000000000e+00
1.187400000000000011e+00,-1.086300000000000043e-01,-1.431930232183844520e-01,2.000000000000000000e+00
1.202530000000000099e+00,-1.113299999999999984e-01,-1.444750016650029334e-01,2.000000000000000000e+00
1.202530000000000099e+00,-1.113299999999999984e-01,-1.444750016650029334e-01,2.000000000000000000e+00
1.218970000000000109e+00,-1.142900000000000027e-01,-1.461972738219484702e-01,2.000000000000000000e+00
1.218970000000000109e+00,-1.142900000000000027e-01,-1.461972738219484702e-01,2.000000000000000000e+00
1.236660000000000093e+00,-1.175999999999999962e-01,-1.503399765878921102e-01,2.000000000000000000e+00
1.252010000000000067e+00,-1.200299999999999978e-01,-1.516503260729606395e-01,2.000000000000000000e+00
1.268580000000000041e+00,-1.230600000000000027e-01,-1.534347996272901749e-01,2.000000000000000000e+00
1.268580000000000041e+00,-1.230600000000000027e-01,-1.534347996272901749e-01,2.000000000000000000e+00
1.281169999999999920e+00,-1.254099999999999937e-01,-1.543510209083727991e-01,2.000000000000000000e+00
1.281169999999999920e+00,-1.254099999999999937e-01,-1.543510209083727991e-01,2.000000000000000000e+00
1.303090000000000082e+00,-1.274599999999999900e-01,-1.588807350459566781e-01,2.000000000000000000e+00
1.303090000000000082e+00,-1.274599999999999900e-01,-1.588807350459566781e-01,2.000000000000000000e+00
1.319930000000000048e+00,-1.305099999999999871e-01,-1.633233178469658264e-01,2.000000000000000000e+00
1.319930000000000048e+00,-1.305099999999999871e-01,-1.633233178469658264e-01,2.000000000000000000e+00
1.337490000000000068e+00,-1.335399999999999920e-01,-1.647096456786125984e-01,2.000000000000000000e+00
1.355059999999999931e+00,-1.363199999999999967e-01,-1.663924402241178935e-01,2.000000000000000000e+00
1.355059999999999931e+00,-1.363199999999999967e-01,-1.663924402241178935e-01,2.000000000000000000e+00
1.373010000000000064e+00,-1.388900000000000134e-01,-1.674291380081730785e-01,2.000000000000000000e+00
1.385599999999999943e+00,-1.411499999999999977e-01,-1.686920827266108203e-01,2.000000000000000000e+00
1.385599999999999943e+00,-1.411499999999999977e-01,-1.686920827266108203e-01,2.000000000000000000e+00
1.404050000000000020e+00,-1.439000000000000001e-01,-1.671549340010269613e-01,2.000000000000000000e+00
1.405380000000000074e+00,-1.440899999999999959e-01,-1.670296811205320975e-01,2.000000000000000000e+00
1.421680000000000055e+00,-1.472499999999999920e-01,-1.687980913550499729e-01,2.000000000000000000e+00
1.439810000000000034e+00,-1.507699999999999874e-01,-1.707583942762131990e-01,2.000000000000000000e+00
1.439810000000000034e+00,-1.507699999999999874e-01,-1.707583942762131990e-01,2.000000000000000000e+00
1.451699999999999990e+00,-1.534999999999999976e-01,-1.740726112831369188e-01,2.000000000000000000e+00
1.451699999999999990e+00,-1.534999999999999976e-01,-1.740726112831369188e-01,2.000000000000000000e+00
1.458299999999999930e+00,-1.559200000000000030e-01,-1.729867065707855756e-01,2.000000000000000000e+00
1.458849999999999980e+00,-1.561299999999999910e-01,-1.728653548527937511e-01,2.000000000000000000e+00
1.481510000000000105e+00,-1.600999999999999923e-01,-1.744762658251731158e-01,2.000000000000000000e+00
1.493610000000000104e+00,-1.628600000000000048e-01,-1.781122955169709421e-01,2.000000000000000000e+00
1.493610000000000104e+00,-1.628600000000000048e-01,-1.781122955169709421e-01,2.000000000000000000e+00
1.510320000000000107e+00,-1.661900000000000044e-01,-1.824174739817511492e-01,2.000000000000000000e+00
1.511879999999999891e+00,-1.665099999999999913e-01,-1.828143156412357362e-01,2.000000000000000000e+00
1.529079999999999995e+00,-1.701900000000000079e-01,-1.844108841529270570e-01,2.000000000000000000e+00
1.547840000000000105e+00,-1.742599999999999982e-01,-1.861657768933935031e-01,2.000000000000000000e+00
1.547840000000000105e+00,-1.742599999999999982e-01,-1.861657768933935031e-01,2.000000000000000000e+00
1.561539999999999928e+00,-1.770799999999999874e-01,-1.849118867158094648e-01,2.000000000000000000e+00
1.562419999999999920e+00,-1.772600000000000009e-01,-1.848114641739597164e-01,2.000000000000000000e+00
1.578209999999999891e+00,-1.806000000000000105e-01,-1.919279588537405878e-01,2.000000000000000000e+00
1.591050000000000075e+00,-1.830299999999999983e-01,-1.934406549480479631e-01,2.000000000000000000e+00
1.591050000000000075e+00,-1.830299999999999983e-01,-1.934406549480479631e-01,2.000000000000000000e+00
1.611289999999999889e+00,-1.865300000000000014e-01,-1.923148321856167353e-01,2.000000000000000000e+00
1.611289999999999889e+00,-1.865300000000000014e-01,-1.923148321856167353e-01,2.000000000000000000e+00
1.630789999999999962e+00,-1.902099999999999902e-01,-1.933930545633448517e-01,2.000000000000000000e+00
1.630789999999999962e+00,-1.902099999999999902e-01,-1.933930545633448517e-01,2.000000000000000000e+00
1.630789999999999962e+00,-1.902099999999999902e-01,-1.933930545633448517e-01,2.000000000000000000e+00
1.656639999999999890e+00,-1.966799999999999937e-01,-1.968035817436812884e-01,2.000000000000000000e+00
1.656639999999999890e+00,-1.966799999999999937e-01,-1.968035817436812884e-01,2.000000000000000000e+00
1.675179999999999891e+00,-2.007899999999999963e-01,-1.990289233180822792e-01,2.000000000000000000e+00
1.676479999999999970e+00,-2.010699999999999987e-01,-1.991844489751009306e-01,2.000000000000000000e+00
1.695019999999999971e+00,-2.055500000000000105e-01,-1.978439858102127025e-01,2.000000000000000000e+00
1.696679999999999966e+00,-2.059400000000000119e-01,-1.977260651896702026e-01,2.000000000000000000e+00
1.701060000000000016e+00,-2.081800000000000039e-01,-2.016058563296088679e-01,2.000000000000000000e+00
1.726699999999999902e+00,-2.128400000000000014e-01,-2.034366569584479256e-01,2.000000000000000000e+00
1.729119999999999990e+00,-2.132699999999999874e-01,-2.035801398926417871e-01,2.000000000000000000e+00
1.733510000000000106e+00,-2.154899999999999871e-01,-2.070927970938435392e-01,2.000000000000000000e+00
1.759840000000000071e+00,-2.206200000000000105e-01,-2.070640668321801492e-01,2.000000000000000000e+00
1.759840000000000071e+00,-2.206200000000000105e-01,-2.070640668321801492e-01,2.000000000000000000e+00
1.766550000000000065e+00,-2.234800000000000120e-01,-2.082697752776037636e-01,2.000000000000000000e+00
1.777230000000000087e+00,-2.266600000000000004e-01,-2.149905604897271449e-01,2.000000000000000000e+00
1.777230000000000087e+00,-2.266600000000000004e-01,-2.149905604897271449e-01,2.000000000000000000e+00
1.804230000000000000e+00,-2.317400000000000015e-01,-2.175384115580186462e-01,2.000000000000000000e+00
1.804230000000000000e+00,-2.317400000000000015e-01,-2.175384115580186462e-01,2.000000000000000000e+00
1.819099999999999939e+00,-2.348200000000000010e-01,-2.190098736715544725e-01,2.000000000000000000e+00
1.820160000000000000e+00,-2.350500000000000089e-01,-2.191186167641338001e-01,2.000000000000000000e+00
1.840819999999999901e+00,-2.395599999999999952e-01,-2.169385058454079696e-01,2.000000000000000000e+00
1.847499999999999920e+00,-2.416600000000000137e-01,-2.181967441492534687e-01,2.000000000000000000e+00
1.847499999999999920e+00,-2.416600000000000137e-01,-2.181967441492534687e-01,2.000000000000000000e+00
1.860109999999999930e+00,-2.454900000000000138e-01,-2.191958274846150523e-01,2.000000000000000000e+00
1.879410000000000025e+00,-2.500600000000000045e-01,-2.242458716316400313e-01,2.000000000000000000e+00
1.879410000000000025e+00,-2.500600000000000045e-01,-2.242458716316400313e-01,2.000000000000000000e+00
1.899980000000000002e+00,-2.547099999999999920e-01,-2.260967817068604280e-01,2.000000000000000000e+00
1.899980000000000002e+00,-2.547099999999999920e-01,-2.260967817068604280e-01,2.000000000000000000e+00
1.906930000000000014e+00,-2.578799999999999981e-01,-2.275552207542581307e-01,2.000000000000000000e+00
1.907310000000000061e+00,-2.580899999999999861e-01,-2.276544719967382446e-01,2.000000000000000000e+00
1.925980000000000025e+00,-2.624299999999999966e-01,-2.319567289434758817e-01,2.000000000000000000e+00
1.938150000000000039e+00,-2.663300000000000112e-01,-2.364371332314452179e-01,2.000000000000000000e+00
1.938150000000000039e+00,-2.663300000000000112e-01,-2.364371332314452179e-01,2.000000000000000000e+00
1.958199999999999941e+00,-2.707399999999999807e-01,-2.381981834795127984e-01,2.000000000000000000e+00
1.959850000000000092e+00,-2.710899999999999976e-01,-2.383218496735123593e-01,2.000000000000000000e+00
1.963149999999999951e+00,-2.725799999999999890e-01,-2.393728669617696259e-01,2.000000000000000000e+00
1.972320000000000073e+00,-2.752499999999999947e-01,-2.433801212285266469e-01,2.000000000000000000e+00
1.972320000000000073e+00,-2.752499999999999947e-01,-2.433801212285266469e-01,2.000000000000000000e+00
1.975800000000000001e+00,-2.771199999999999775e-01,-2.444583399785651978e-01,2.000000000000000000e+00
1.975800000000000001e+00,-2.771199999999999775e-01,-2.444583399785651978e-01,2.000000000000000000e+00
1.986089999999999911e+00,-2.797600000000000087e-01,-2.447753850970857681e-01,2.000000000000000000e+00
1.998499999999999943e+00,-2.820099999999999829e-01,-2.431583461972646742e-01,2.000000000000000000e+00
1.998499999999999943e+00,-2.820099999999999829e-01,-2.431583461972646742e-01,2.000000000000000000e+00
1.999770000000000048e+00,-2.832799999999999763e-01,-2.457297987156132069e-01,2.000000000000000000e+00
1.999810000000000088e+00,-2.833899999999999753e-01,-2.459944085619011900e-01,2.000000000000000000e+00
2.007649999999999935e+00,-2.851099999999999746e-01,-2.502632421731280643e-01,2.000000000000000000e+00
2.008210000000000051e+00,-2.852399999999999936e-01,-2.505672341175340101e-01,2.000000000000000000e+00
2.012779999999999792e+00,-2.858399999999999830e-01,-2.443637528401376435e-01,2.000000000000000000e+00
2.012340000000000018e+00,-2.857899999999999885e-01,-2.467678857452973440e-01,2.000000000000000000e+00
2.012259999999999938e+00,-2.857799999999999785e-01,-2.470439165089513833e-01,2.000000000000000000e+00
2.011340000000000128e+00,-2.861799999999999899e-01,-2.499618319974993563e-01,2.000000000000000000e+00
2.011219999999999786e+00,-2.862299999999999844e-01,-2.503176554563611989e-01,2.000000000000000000e+00
2.011219999999999786e+00,-2.862299999999999844e-01,-2.503176554563611989e-01,2.000000000000000000e+00
2.012509999999999799e+00,-2.865500000000000269e-01,-2.475622243319360039e-01,2.000000000000000000e+00
2.012439999999999785e+00,-2.861400000000000055e-01,-2.471674597480904567e-01,2.000000000000000000e+00
2.020220000000000127e+00,-2.871900000000000008e-01,-2.474501831352710901e-01,2.000000000000000000e+00
2.020220000000000127e+00,-2.871900000000000008e-01,-2.474501831352710901e-01,2.000000000000000000e+00
2.020970000000000155e+00,-2.872999999999999998e-01,-2.474812083262626083e-01,2.000000000000000000e+00
2.012929999999999886e+00,-2.863700000000000134e-01,-2.475072538188603233e-01,2.000000000000000000e+00
2.012929999999999886e+00,-2.863700000000000134e-01,-2.475072538188603233e-01,2.000000000000000000e+00
2.012490000000000112e+00,-2.862700000000000244e-01,-2.471114031945104428e-01,2.000000000000000000e+00
2.012490000000000112e+00,-2.862700000000000244e-01,-2.471114031945104428e-01,2.000000000000000000e+00
2.020779999999999799e+00,-2.874999999999999778e-01,-2.479114036567545698e-01,2.000000000000000000e+00
2.021560000000000024e+00,-2.876199999999999868e-01,-2.479907219677667252e-01,2.000000000000000000e+00
2.011919999999999931e+00,-2.861899999999999999e-01,-2.504748057434832420e-01,2.000000000000000000e+00
2.010940000000000172e+00,-2.860400000000000165e-01,-2.507299732959665239e-01,2.000000000000000000e+00
2.011639999999999873e+00,-2.862199999999999744e-01,-2.477695957416726213e-01,2.000000000000000000e+00
2.011709999999999887e+00,-2.862299999999999844e-01,-2.475011424782436464e-01,2.000000000000000000e+00
2.021129999999999871e+00,-2.875900000000000123e-01,-2.475441421342080839e-01,2.000000000000000000e+00
2.011579999999999924e+00,-2.861299999999999955e-01,-2.500462835195884637e-01,2.000000000000000000e+00
2.012560000000000127e+00,-2.863100000000000089e-01,-2.473841725946852310e-01,2.000000000000000000e+00
2.012560000000000127e+00,-2.863100000000000089e-01,-2.473841725946852310e-01,2.000000000000000000e+00
2.012290000000000134e+00,-2.861400000000000055e-01,-2.471355348223980286e-01,2.000000000000000000e+00
2.012290000000000134e+00,-2.861400000000000055e-01,-2.471355348223980286e-01,2.000000000000000000e+00
2.012179999999999858e+00,-2.862999999999999989e-01,-2.470961820276152965e-01,2.000000000000000000e+00
-4.899999999999999842e-04,4.000000000000000327e-05,0.000000000000000000e+00,2.000000000000000000e+00
-8.400000000000000348e-04,6.999999999999999387e-05,1.012345504568708428e-03,2.000000000000000000e+00
-8.400000000000000348e-04,6.999999999999999387e-05,1.012345504568708428e-03,2.000000000000000000e+00
-5.599999999999999509e-04,1.200000000000000030e-04,1.421730290949628495e-03,2.000000000000000000e+00
-5.599999999999999509e-04,1.200000000000000030e-04,1.421730290949628495e-03,2.000000000000000000e+00
-5.299999999999999807e-04,-4.000000000000000327e-05,1.380252040882146624e-03,2.000000000000000000e+00
-5.299999999999999807e-04,-5.000000000000000240e-05,1.375132523326330885e-03,2.000000000000000000e+00
6.099999999999999737e-04,-3.000000000000000076e-05,1.760102531482410967e-03,2.000000000000000000e+00
-5.599999999999999509e-04,6.999999999999999387e-05,-3.451428746110824473e-04,2.000000000000000000e+00
-5.599999999999999509e-04,6.999999999999999387e-05,-3.451428746110824473e-04,2.000000000000000000e+00
2.799999999999999755e-04,-6.999999999999999387e-05,1.291212329965224113e-03,2.000000000000000000e+00
2.799999999999999755e-04,-6.999999999999999387e-05,1.291212329965224113e-03,2.000000000000000000e+00
8.300000000000000086e-04,6.199999999999999999e-04,3.567462601499080989e-03,2.000000000000000000e+00
8.599999999999999789e-04,6.700000000000000226e-04,3.742798258127478031e-03,2.000000000000000000e+00
3.089999999999999865e-03,1.129999999999999928e-03,4.528810762834274348e-03,2.000000000000000000e+00
9.010000000000000647e-03,1.260000000000000052e-03,3.787034615920629489e-03,2.000000000000000000e+00
9.010000000000000647e-03,1.260000000000000052e-03,3.787034615920629489e-03,2.000000000000000000e+00
2.267999999999999877e-02,1.289999999999999914e-03,4.030639347192788331e-03,2.000000000000000000e+00
2.267999999999999877e-02,1.289999999999999914e-03,4.030639347192788331e-03,2.000000000000000000e+00
3.046000000000000096e-02,1.690000000000000096e-03,3.834592440603762191e-03,2.000000000000000000e+00
3.046000000000000096e-02,1.690000000000000096e-03,3.834592440603762191e-03,2.000000000000000000e+00
3.944000000000000283e-02,2.010000000000000068e-03,1.518571089515033650e-03,2.000000000000000000e+00
3.944000000000000283e-02,2.010000000000000068e-03,1.518571089515033650e-03,2.000000000000000000e+00
4.877999999999999697e-02,2.380000000000000171e-03,1.159357701513395083e-03,2.000000000000000000e+00
6.233000000000000346e-02,1.990000000000000015e-03,3.148056217825754600e-03,2.000000000000000000e+00
6.233000000000000346e-02,1.990000000000000015e-03,3.148056217825754600e-03,2.000000000000000000e+00
7.581000000000000238e-02,1.639999999999999965e-03,1.366192074285615000e-03,2.000000000000000000e+00
7.581000000000000238e-02,1.639999999999999965e-03,1.366192074285615000e-03,2.000000000000000000e+00
8.495999999999999386e-02,2.050000000000000173e-03,7.066181027112908644e-04,2.000000000000000000e+00
8.495999999999999386e-02,2.050000000000000173e-03,7.066181027112908644e-04,2.000000000000000000e+00
1.008300000000000030e-01,1.440000000000000091e-03,2.582338077478338843e-03,2.000000000000000000e+00
1.107699999999999935e-01,1.440000000000000091e-03,2.005784011615851549e-03,2.000000000000000000e+00
1.107699999999999935e-01,1.440000000000000091e-03,2.005784011615851549e-03,2.000000000000000000e+00
1.284800000000000109e-01,4.899999999999999842e-04,-1.377648685201053212e-03,2.000000000000000000e+00
1.284800000000000109e-01,4.899999999999999842e-04,-1.377648685201053212e-03,2.000000000000000000e+00
1.414300000000000002e-01,3.099999999999999999e-04,-3.827133082964357530e-03,2.000000000000000000e+00
1.414300000000000002e-01,3.099999999999999999e-04,-3.827133082964357530e-03,2.000000000000000000e+00
1.593799999999999939e-01,-1.069999999999999988e-03,-5.697364418466840941e-03,2.000000000000000000e+00
1.610199999999999965e-01,-1.209999999999999921e-03,-5.854699086108157598e-03,2.000000000000000000e+00
1.769799999999999984e-01,-1.920000000000000049e-03,-9.654395321984369366e-03,2.000000000000000000e+00
1.783200000000000063e-01,-1.990000000000000015e-03,-9.969769413255769736e-03,2.000000000000000000e+00
1.938699999999999868e-01,-2.990000000000000036e-03,-1.307235295194431393e-02,2.000000000000000000e+00
2.081999999999999962e-01,-3.129999999999999970e-03,-1.210510940406457105e-02,2.000000000000000000e+00
2.091399999999999926e-01,-3.129999999999999970e-03,-1.201238700622115317e-02,2.000000000000000000e+00
2.215199999999999947e-01,-3.500000000000000073e-03,-1.324764109003167753e-02,2.000000000000000000e+00
2.378899999999999904e-01,-3.340000000000000087e-03,-1.514674635782508293e-02,2.000000000000000000e+00
2.378899999999999904e-01,-3.340000000000000087e-03,-1.514674635782508293e-02,2.000000000000000000e+00
2.556899999999999729e-01,-3.710000000000000190e-03,-1.211382395515955661e-02,2.000000000000000000e+00
2.556899999999999729e-01,-3.710000000000000190e-03,-1.211382395515955661e-02,2.000000000000000000e+00
2.788900000000000268e-01,-2.759999999999999867e-03,-1.427081629603212283e-02,2.000000000000000000e+00
2.788900000000000268e-01,-2.759999999999999867e-03,-1.427081629603212283e-02,2.000000000000000000e+00
2.958299999999999819e-01,-3.160000000000000048e-03,-1.837312358989502334e-02,2.000000000000000000e+00
3.104600000000000137e-01,-3.670000000000000085e-03,-1.772888197164650473e-02,2.000000000000000000e+00
3.104600000000000137e-01,-3.670000000000000085e-03,-1.772888197164650473e-02,2.000000000000000000e+00
3.104600000000000137e-01,-3.670000000000000085e-03,-1.772888197164650473e-02,2.000000000000000000e+00
3.248900000000000121e-01,-4.109999999999999938e-03,-1.763513533998023811e-02,2.000000000000000000e+00
3.412399999999999878e-01,-5.069999999999999854e-03,-2.518518769245066402e-02,2.000000000000000000e+00
3.429900000000000171e-01,-5.199999999999999761e-03,-2.606593120002020578e-02,2.000000000000000000e+00
3.568000000000000060e-01,-6.139999999999999625e-03,-2.569428767585078821e-02,2.000000000000000000e+00
3.734700000000000242e-01,-6.859999999999999779e-03,-2.450300664481844595e-02,2.000000000000000000e+00
3.734700000000000242e-01,-6.859999999999999779e-03,-2.450300664481844595e-02,2.000000000000000000e+00
3.890500000000000069e-01,-7.400000000000000328e-03,-2.609058271214175634e-02,2.000000000000000000e+00
3.890500000000000069e-01,-7.400000000000000328e-03,-2.609058271214175634e-02,2.000000000000000000e+00
3.890500000000000069e-01,-7.400000000000000328e-03,-2.609058271214175634e-02,2.000000000000000000e+00
4.198399999999999910e-01,-8.909999999999999518e-03,-3.147146189850852371e-02,2.000000000000000000e+00
4.198399999999999910e-01,-8.909999999999999518e-03,-3.147146189850852371e-02,2.000000000000000000e+00
4.371300000000000185e-01,-1.017999999999999981e-02,-3.098574828181811444e-02,2.000000000000000000e+00
4.371300000000000185e-01,-1.017999999999999981e-02,-3.098574828181811444e-02,2.000000000000000000e+00
4.503599999999999826e-01,-1.082999999999999935e-02,-3.149314192769275128e-02,2.000000000000000000e+00
4.503599999999999826e-01,-1.082999999999999935e-02,-3.149314192769275128e-02,2.000000000000000000e+00
4.682999999999999940e-01,-1.080000000000000057e-02,-3.506997196573129194e-02,2.000000000000000000e+00
4.698399999999999799e-01,-1.080000000000000057e-02,-3.538848237066789110e-02,2.000000000000000000e+00
4.843000000000000083e-01,-1.094999999999999966e-02,-3.742562794843604101e-02,2.000000000000000000e+00
4.979600000000000137e-01,-1.174000000000000044e-02,-3.488641582542983954e-02,2.000000000000000000e+00
4.979600000000000137e-01,-1.174000000000000044e-02,-3.488641582542983954e-02,2.000000000000000000e+00
5.157599999999999962e-01,-1.252999999999999947e-02,-3.881190367529043644e-02,2.000000000000000000e+00
5.173499999999999766e-01,-1.260999999999999968e-02,-3.921008233207705362e-02,2.000000000000000000e+00
5.296600000000000197e-01,-1.312999999999999931e-02,-4.049058389458531915e-02,2.000000000000000000e+00
5.454099999999999504e-01,-1.401999999999999948e-02,-4.067950157985746051e-02,2.000000000000000000e+00
5.454099999999999504e-01,-1.401999999999999948e-02,-4.067950157985746051e-02,2.000000000000000000e+00
5.669699999999999740e-01,-1.575999999999999970e-02,-4.104456660856155292e-02,2.000000000000000000e+00
5.669699999999999740e-01,-1.575999999999999970e-02,-4.104456660856155292e-02,2.000000000000000000e+00
5.782599999999999962e-01,-1.655999999999999833e-02,-4.027367581220197418e-02,2.000000000000000000e+00
5.998900000000000343e-01,-1.924999999999999975e-02,-4.103336621949547208e-02,2.000000000000000000e+00
5.998900000000000343e-01,-1.924999999999999975e-02,-4.103336621949547208e-02,2.000000000000000000e+00
6.165100000000000025e-01,-2.032000000000000126e-02,-4.377346935060912048e-02,2.000000000000000000e+00
6.165100000000000025e-01,-2.032000000000000126e-02,-4.377346935060912048e-02,2.000000000000000000e+00
6.361200000000000188e-01,-2.205999999999999975e-02,-4.815136131326303026e-02,2.000000000000000000e+00
6.361200000000000188e-01,-2.205999999999999975e-02,-4.815136131326303026e-02,2.000000000000000000e+00
6.531500000000000083e-01,-2.359999999999999945e-02,-4.965059162529262410e-02,2.000000000000000000e+00
6.531500000000000083e-01,-2.359999999999999945e-02,-4.965059162529262410e-02,2.000000000000000000e+00
6.542099999999999582e-01,-2.369999999999999885e-02,-4.973076503323424491e-02,2.000000000000000000e+00
6.709399999999999809e-01,-2.290999999999999981e-02,-5.294037800346867995e-02,2.000000000000000000e+00
6.882500000000000284e-01,-2.323000000000000065e-02,-5.582633697651373517e-02,2.000000000000000000e+00
7.087200000000000166e-01,-2.420999999999999888e-02,-5.430457699280571982e-02,2.000000000000000000e+00
7.087200000000000166e-01,-2.420999999999999888e-02,-5.430457699280571982e-02,2.000000000000000000e+00
7.205200000000000493e-01,-2.477000000000000035e-02,-5.277922034092313169e-02,2.000000000000000000e+00
7.214099999999999957e-01,-2.480999999999999872e-02,-5.265912529316323781e-02,2.000000000000000000e+00
7.371299999999999519e-01,-2.600999999999999840e-02,-5.351245373521307247e-02,2.000000000000000000e+00
7.512799999999999478e-01,-2.699999999999999969e-02,-5.614269800298109930e-02,2.000000000000000000e+00
7.512799999999999478e-01,-2.699999999999999969e-02,-5.614269800298109930e-02,2.000000000000000000e+00
7.512799999999999478e-01,-2.699999999999999969e-02,-5.614269800298109930e-02,2.000000000000000000e+00
7.512799999999999478e-01,-2.699999999999999969e-02,-5.614269800298109930e-02,2.000000000000000000e+00
7.525699999999999612e-01,-2.708999999999999950e-02,-5.640405362124498168e-02,2.000000000000000000e+00
7.525699999999999612e-01,-2.708999999999999950e-02,-5.640405362124498168e-02,2.000000000000000000e+00
7.525699999999999612e-01,-2.708999999999999950e-02,-5.640405362124498168e-02,2.000000000000000000e+00
7.525699999999999612e-01,-2.708999999999999950e-02,-5.640405362124498168e-02,2.000000000000000000e+00
7.525699999999999612e-01,-2.708999999999999950e-02,-5.640405362124498168e-02,2.000000000000000000e+00
7.525699999999999612e-01,-2.708999999999999950e-02,-5.640405362124498168e-02,2.000000000000000000e+00
7.525699999999999612e-01,-2.708999999999999950e-02,-5.640405362124498168e-02,2.000000000000000000e+00
7.525699999999999612e-01,-2.708999999999999950e-02,-5.640405362124498168e-02,2.000000000000000000e+00
8.487200000000000299e-01,-3.545000000000000234e-02,-6.643393881633638531e-02,2.000000000000000000e+00
8.662600000000000300e-01,-3.724999999999999839e-02,-6.997738167209995030e-02,2.000000000000000000e+00
8.813600000000000323e-01,-3.901000000000000301e-02,-7.326577997896739636e-02,2.000000000000000000e+00
8.827000000000000401e-01,-3.917000000000000343e-02,-7.355774625435147762e-02,2.000000000000000000e+00
8.959399999999999586e-01,-4.030999999999999861e-02,-7.667554671513297782e-02,2.000000000000000000e+00
9.147999999999999465e-01,-4.116999999999999826e-02,-7.734196495631913415e-02,2.000000000000000000e+00
9.147999999999999465e-01,-4.116999999999999826e-02,-7.734196495631913415e-02,2.000000000000000000e+00
9.266100000000000447e-01,-4.139999999999999930e-02,-7.819333645859009863e-02,2.000000000000000000e+00
9.266100000000000447e-01,-4.139999999999999930e-02,-7.819333645859009863e-02,2.000000000000000000e+00
9.494500000000000162e-01,-4.377999999999999947e-02,-7.677095068955197554e-02,2.000000000000000000e+00
9.494500000000000162e-01,-4.377999999999999947e-02,-7.677095068955197554e-02,2.000000000000000000e+00
9.614500000000000268e-01,-4.478000000000000036e-02,-7.741413923494713800e-02,2.000000000000000000e+00
9.614500000000000268e-01,-4.478000000000000036e-02,-7.741413923494713800e-02,2.000000000000000000e+00
9.614500000000000268e-01,-4.478000000000000036e-02,-7.741413923494713800e-02,2.000000000000000000e+00
9.924600000000000088e-01,-4.785999999999999976e-02,-7.686612963494053596e-02,2.000000000000000000e+00
9.924600000000000088e-01,-4.785999999999999976e-02,-7.686612963494053596e-02,2.000000000000000000e+00
1.011560000000000015e+00,-4.979000000000000092e-02,-7.797848351738219386e-02,2.000000000000000000e+00
1.027099999999999902e+00,-5.158000000000000085e-02,-8.100604860447455091e-02,2.000000000000000000e+00
1.027099999999999902e+00,-5.158000000000000085e-02,-8.100604860447455091e-02,2.000000000000000000e+00
1.027099999999999902e+00,-5.158000000000000085e-02,-8.100604860447455091e-02,2.000000000000000000e+00
1.049050000000000038e+00,-5.390000000000000346e-02,-7.998407992362430163e-02,2.000000000000000000e+00
1.059010000000000007e+00,-5.509000000000000008e-02,-8.526291165745744638e-02,2.000000000000000000e+00
1.074170000000000069e+00,-5.661000000000000060e-02,-8.907091928331771491e-02,2.000000000000000000e+00
1.074170000000000069e+00,-5.661000000000000060e-02,-8.907091928331771491e-02,2.000000000000000000e+00
1.090449999999999919e+00,-5.825999999999999929e-02,-9.044495813868222434e-02,2.000000000000000000e+00
1.110489999999999977e+00,-6.054999999999999966e-02,-9.131421745647680388e-02,2.000000000000000000e+00
1.110489999999999977e+00,-6.054999999999999966e-02,-9.131421745647680388e-02,2.000000000000000000e+00
1.131629999999999914e+00,-6.278000000000000247e-02,-9.190471908596885287e-02,2.000000000000000000e+00
1.131629999999999914e+00,-6.278000000000000247e-02,-9.190471908596885287e-02,2.000000000000000000e+00
1.143860000000000099e+00,-6.356000000000000538e-02,-9.552184420910495022e-02,2.000000000000000000e+00
1.156199999999999894e+00,-6.424000000000000543e-02,-9.150471659591118134e-02,2.000000000000000000e+00
1.156199999999999894e+00,-6.424000000000000543e-02,-9.150471659591118134e-02,2.000000000000000000e+00
1.176949999999999941e+00,-6.623999999999999333e-02,-9.170797781407118154e-02,2.000000000000000000e+00
1.176949999999999941e+00,-6.623999999999999333e-02,-9.170797781407118154e-02,2.000000000000000000e+00
1.189540000000000042e+00,-6.769000000000000017e-02,-9.028918724772730386e-02,2.000000000000000000e+00
1.190409999999999968e+00,-6.779000000000000303e-02,-9.017317084773272817e-02,2.000000000000000000e+00
1.210269999999999957e+00,-6.988999999999999380e-02,-9.352173443492858840e-02,2.000000000000000000e+00
1.223090000000000011e+00,-7.137999999999999901e-02,-9.232434426706771780e-02,2.000000000000000000e+00
1.223090000000000011e+00,-7.137999999999999901e-02,-9.232434426706771780e-02,2.000000000000000000e+00
1.239330000000000043e+00,-7.346999999999999365e-02,-9.307431383443919015e-02,2.000000000000000000e+00
1.240580000000000016e+00,-7.363000000000000100e-02,-9.314533302013443261e-02,2.000000000000000000e+00
1.255859999999999976e+00,-7.541000000000000481e-02,-9.631127790579577241e-02,2.000000000000000000e+00
1.273079999999999989e+00,-7.763000000000000456e-02,-9.747645578582908588e-02,2.000000000000000000e+00
1.273079999999999989e+00,-7.763000000000000456e-02,-9.747645578582908588e-02,2.000000000000000000e+00
1.290229999999999988e+00,-7.976999999999999369e-02,-1.012365906757191347e-01,2.000000000000000000e+00
1.290229999999999988e+00,-7.976999999999999369e-02,-1.012365906757191347e-01,2.000000000000000000e+00
1.307180000000000009e+00,-8.179999999999999771e-02,-1.023771455200116615e-01,2.000000000000000000e+00
1.329260000000000108e+00,-8.633000000000000396e-02,-1.063417099073982464e-01,2.000000000000000000e+00
1.329260000000000108e+00,-8.633000000000000396e-02,-1.063417099073982464e-01,2.000000000000000000e+00
1.347199999999999953e+00,-8.819000000000000450e-02,-1.077702371602732440e-01,2.000000000000000000e+00
1.347199999999999953e+00,-8.819000000000000450e-02,-1.077702371602732440e-01,2.000000000000000000e+00
1.360470000000000068e+00,-8.917999999999999539e-02,-1.060530956370732553e-01,2.000000000000000000e+00
1.378549999999999942e+00,-9.110999999999999654e-02,-1.038478120239818975e-01,2.000000000000000000e+00
1.378549999999999942e+00,-9.110999999999999654e-02,-1.038478120239818975e-01,2.000000000000000000e+00
1.402220000000000022e+00,-9.364000000000000101e-02,-1.070727568168376026e-01,2.000000000000000000e+00
1.402220000000000022e+00,-9.364000000000000101e-02,-1.070727568168376026e-01,2.000000000000000000e+00
1.415689999999999893e+00,-9.525999999999999746e-02,-1.056107745751439508e-01,2.000000000000000000e+00
1.432940000000000103e+00,-9.736000000000000210e-02,-1.089665678614555183e-01,2.000000000000000000e+00
1.432940000000000103e+00,-9.736000000000000210e-02,-1.089665678614555183e-01,2.000000000000000000e+00
1.445850000000000080e+00,-9.909999999999999365e-02,-1.074450250894863346e-01,2.000000000000000000e+00
1.445850000000000080e+00,-9.909999999999999365e-02,-1.074450250894863346e-01,2.000000000000000000e+00
1.458299999999999930e+00,-1.011100000000000054e-01,-1.079705663242095659e-01,2.000000000000000000e+00
1.459179999999999922e+00,-1.012600000000000028e-01,-1.080221385178544852e-01,2.000000000000000000e+00
1.476280000000000037e+00,-1.036399999999999960e-01,-1.089887034913174929e-01,2.000000000000000000e+00
1.477610000000000090e+00,-1.038199999999999956e-01,-1.090640621435913366e-01,2.000000000000000000e+00
1.494369999999999976e+00,-1.061099999999999960e-01,-1.126338691879346099e-01,2.000000000000000000e+00
1.500990000000000046e+00,-1.055500000000000049e-01,-1.133274592450145835e-01,2.000000000000000000e+00
1.530319999999999903e+00,-1.105899999999999939e-01,-1.178805839564535524e-01,2.000000000000000000e+00
1.530319999999999903e+00,-1.105899999999999939e-01,-1.178805839564535524e-01,2.000000000000000000e+00
1.537809999999999899e+00,-1.102199999999999985e-01,-1.182697198190326704e-01,2.000000000000000000e+00
1.538249999999999895e+00,-1.101499999999999979e-01,-1.182725665713299235e-01,2.000000000000000000e+00
1.549830000000000041e+00,-1.119700000000000001e-01,-1.191662512403656171e-01,2.000000000000000000e+00
1.562200000000000033e+00,-1.140300000000000064e-01,-1.201665352699733263e-01,2.000000000000000000e+00
1.562200000000000033e+00,-1.140300000000000064e-01,-1.201665352699733263e-01,2.000000000000000000e+00
1.581429999999999891e+00,-1.159799999999999998e-01,-1.214297270125512390e-01,2.000000000000000000e+00
1.581429999999999891e+00,-1.159799999999999998e-01,-1.214297270125512390e-01,2.000000000000000000e+00
1.595089999999999897e+00,-1.174199999999999966e-01,-1.220434493242485985e-01,2.000000000000000000e+00
1.595970000000000111e+00,-1.175199999999999995e-01,-1.220801478214722374e-01,2.000000000000000000e+00
1.627180000000000071e+00,-1.226499999999999951e-01,-1.231580304435542783e-01,2.000000000000000000e+00
1.629650000000000043e+00,-1.230699999999999988e-01,-1.232413833707791534e-01,2.000000000000000000e+00
1.648249999999999993e+00,-1.256799999999999862e-01,-1.217408884555818971e-01,2.000000000000000000e+00
1.655310000000000059e+00,-1.272800000000000042e-01,-1.225503703031825264e-01,2.000000000000000000e+00
1.668109999999999982e+00,-1.290999999999999925e-01,-1.208201023010293390e-01,2.000000000000000000e+00
1.668109999999999982e+00,-1.290999999999999925e-01,-1.208201023010293390e-01,2.000000000000000000e+00
1.686690000000000023e+00,-1.319500000000000117e-01,-1.243662534554236115e-01,2.000000000000000000e+00
1.686690000000000023e+00,-1.319500000000000117e-01,-1.243662534554236115e-01,2.000000000000000000e+00
1.707319999999999949e+00,-1.350200000000000011e-01,-1.258376964591516323e-01,2.000000000000000000e+00
1.708960000000000035e+00,-1.352700000000000014e-01,-1.259328208715786157e-01,2.000000000000000000e+00
1.720199999999999951e+00,-1.377299999999999913e-01,-1.298254995932040523e-01,2.000000000000000000e+00
1.740089999999999915e+00,-1.405399999999999983e-01,-1.311981254151007303e-01,2.000000000000000000e+00
1.740089999999999915e+00,-1.405399999999999983e-01,-1.311981254151007303e-01,2.000000000000000000e+00
1.753449999999999953e+00,-1.423500000000000043e-01,-1.347171697437692106e-01,2.000000000000000000e+00
1.772729999999999917e+00,-1.453800000000000092e-01,-1.389123723820840650e-01,2.000000000000000000e+00
1.772729999999999917e+00,-1.453800000000000092e-01,-1.389123723820840650e-01,2.000000000000000000e+00
1.794229999999999992e+00,-1.486000000000000099e-01,-1.380304251086298672e-01,2.000000000000000000e+00
1.794229999999999992e+00,-1.486000000000000099e-01,-1.380304251086298672e-01,2.000000000000000000e+00
1.801190000000000069e+00,-1.501000000000000112e-01,-1.384661749001924735e-01,2.000000000000000000e+00
1.821720000000000006e+00,-1.522499999999999964e-01,-1.390019160085663730e-01,2.000000000000000000e+00
1.821720000000000006e+00,-1.522499999999999964e-01,-1.390019160085663730e-01,2.000000000000000000e+00
1.844289999999999985e+00,-1.552600000000000091e-01,-1.370098943432485616e-01,2.000000000000000000e+00
1.844289999999999985e+00,-1.552600000000000091e-01,-1.370098943432485616e-01,2.000000000000000000e+00
1.857820000000000027e+00,-1.575900000000000079e-01,-1.407700695010089820e-01,2.000000000000000000e+00
1.871890000000000054e+00,-1.600300000000000056e-01,-1.393127673208335027e-01,2.000000000000000000e+00
1.871890000000000054e+00,-1.600300000000000056e-01,-1.393127673208335027e-01,2.000000000000000000e+00
1.893629999999999924e+00,-1.634400000000000019e-01,-1.399963509370734938e-01,2.000000000000000000e+00
1.893629999999999924e+00,-1.634400000000000019e-01,-1.399963509370734938e-01,2.000000000000000000e+00
1.901289999999999925e+00,-1.649799999999999878e-01,-1.381381990587791098e-01,2.000000000000000000e+00
1.901769999999999960e+00,-1.650899999999999868e-01,-1.379843867512195177e-01,2.000000000000000000e+00
1.922209999999999974e+00,-1.686100000000000099e-01,-1.388892753988503481e-01,2.000000000000000000e+00
1.923890000000000100e+00,-1.688999999999999946e-01,-1.389636107524034880e-01,2.000000000000000000e+00
1.935570000000000013e+00,-1.714100000000000068e-01,-1.426652764051391520e-01,2.000000000000000000e+00
1.949340000000000073e+00,-1.736699999999999910e-01,-1.439432272977937688e-01,2.000000000000000000e+00
1.950239999999999974e+00,-1.738200000000000023e-01,-1.440126332456348190e-01,2.000000000000000000e+00
1.970259999999999900e+00,-1.769600000000000062e-01,-1.448683231787032955e-01,2.000000000000000000e+00
1.982069999999999999e+00,-1.784600000000000075e-01,-1.517487626301988191e-01,2.000000000000000000e+00
1.982069999999999999e+00,-1.784600000000000075e-01,-1.517487626301988191e-01,2.000000000000000000e+00
1.987619999999999942e+00,-1.794499999999999984e-01,-1.503017320029280124e-01,2.000000000000000000e+00
1.998019999999999907e+00,-1.814600000000000102e-01,-1.528467570204285753e-01,2.000000000000000000e+00
1.998019999999999907e+00,-1.814600000000000102e-01,-1.528467570204285753e-01,2.000000000000000000e+00
2.010479999999999823e+00,-1.833899999999999975e-01,-1.512485500489059720e-01,2.000000000000000000e+00
2.010479999999999823e+00,-1.833899999999999975e-01,-1.512485500489059720e-01,2.000000000000000000e+00
2.022489999999999899e+00,-1.847399999999999876e-01,-1.512969033590166879e-01,2.000000000000000000e+00
2.023379999999999956e+00,-1.848400000000000043e-01,-1.513114813348846732e-01,2.000000000000000000e+00
2.024490000000000123e+00,-1.851500000000000090e-01,-1.546274015445985861e-01,2.000000000000000000e+00
2.025770000000000071e+00,-1.857800000000000007e-01,-1.550361733064010428e-01,2.000000000000000000e+00
2.025770000000000071e+00,-1.857800000000000007e-01,-1.550361733064010428e-01,2.000000000000000000e+00
2.028420000000000112e+00,-1.859899999999999887e-01,-1.524768513173956341e-01,2.000000000000000000e+00
2.028610000000000024e+00,-1.859999999999999987e-01,-1.522802096197219679e-01,2.000000000000000000e+00
2.028929999999999900e+00,-1.861399999999999999e-01,-1.555889381123438664e-01,2.000000000000000000e+00
2.028929999999999900e+00,-1.861399999999999999e-01,-1.555889381123438664e-01,2.000000000000000000e+00
2.038629999999999942e+00,-1.871899999999999953e-01,-1.530645688174638863e-01,2.000000000000000000e+00
2.039969999999999839e+00,-1.872000000000000053e-01,-1.527938448011283146e-01,2.000000000000000000e+00
2.040010000000000101e+00,-1.872000000000000053e-01,-1.527915333796016351e-01,2.000000000000000000e+00
2.039839999999999876e+00,-1.872199999999999975e-01,-1.528011774060629158e-01,2.000000000000000000e+00
2.039839999999999876e+00,-1.872800000000000020e-01,-1.524321262228467422e-01,2.000000000000000000e+00
2.039839999999999876e+00,-1.872800000000000020e-01,-1.524321262228467422e-01,2.000000000000000000e+00
2.030170000000000030e+00,-1.861399999999999999e-01,-1.551955300971443463e-01,2.000000000000000000e+00
2.030170000000000030e+00,-1.861399999999999999e-01,-1.551955300971443463e-01,2.000000000000000000e+00
2.030429999999999957e+00,-1.860799999999999954e-01,-1.528487384283944150e-01,2.000000000000000000e+00
2.038609999999999811e+00,-1.869099999999999928e-01,-1.527515001361637315e-01,2.000000000000000000e+00
2.038609999999999811e+00,-1.869099999999999928e-01,-1.527515001361637315e-01,2.000000000000000000e+00
2.030409999999999826e+00,-1.860999999999999877e-01,-1.551823182584128324e-01,2.000000000000000000e+00
2.030409999999999826e+00,-1.860999999999999877e-01,-1.551823182584128324e-01,2.000000000000000000e+00
2.030370000000000008e+00,-1.860400000000000109e-01,-1.528680455161278984e-01,2.000000000000000000e+00
2.030440000000000023e+00,-1.860499999999999932e-01,-1.526566242511263327e-01,2.000000000000000000e+00
2.030130000000000212e+00,-1.865400000000000114e-01,-1.526867259829023937e-01,2.000000000000000000e+00
2.030130000000000212e+00,-1.865400000000000114e-01,-1.526867259829023937e-01,2.000000000000000000e+00
2.029170000000000140e+00,-1.861099999999999977e-01,-1.555911425471015186e-01,2.000000000000000000e+00
2.029199999999999893e+00,-1.860700000000000132e-01,-1.554629913685003084e-01,2.000000000000000000e+00
2.029209999999999958e+00,-1.860700000000000132e-01,-1.554332511271547812e-01,2.000000000000000000e+00
2.030299999999999994e+00,-1.860700000000000132e-01,-1.524838367497746150e-01,2.000000000000000000e+00
2.030679999999999819e+00,-1.860799999999999954e-01,-1.526341536182140302e-01,2.000000000000000000e+00
2.030679999999999819e+00,-1.860799999999999954e-01,-1.526341536182140302e-01,2.000000000000000000e+00
2.029370000000000118e+00,-1.860400000000000109e-01,-1.556056755491329324e-01,2.000000000000000000e+00
2.029259999999999842e+00,-1.860400000000000109e-01,-1.558384000516564172e-01,2.000000000000000000e+00
2.029300000000000104e+00,-1.861899999999999944e-01,-1.557810382935803650e-01,2.000000000000000000e+00
2.029269999999999907e+00,-1.860499999999999932e-01,-1.558338205190488990e-01,2.000000000000000000e+00
2.029269999999999907e+00,-1.860499999999999932e-01,-1.558338205190488990e-01,2.000000000000000000e+00
2.029380000000000184e+00,-1.860400000000000109e-01,-1.554568352032269229e-01,2.000000000000000000e+00
-1.219999999999999947e-03,2.100000000000000087e-04,0.000000000000000000e+00,2.000000000000000000e+00
-1.190000000000000085e-03,1.299999999999999886e-04,-1.653077321203225180e-04,2.000000000000000000e+00
-1.010000000000000047e-03,1.100000000000000039e-04,-1.761498071571968580e-04,2.000000000000000000e+00
-1.010000000000000047e-03,1.100000000000000039e-04,-1.761498071571968580e-04,2.000000000000000000e+00
2.599999999999999772e-04,-1.600000000000000131e-04,-1.798169459911598458e-03,2.000000000000000000e+00
2.599999999999999772e-04,-1.600000000000000131e-04,-1.798169459911598458e-03,2.000000000000000000e+00
3.499999999999999964e-04,-1.000000000000000048e-04,-1.782662069394839446e-03,2.000000000000000000e+00
3.400000000000000244e-04,-1.000000000000000048e-04,-1.766920305805465751e-03,2.000000000000000000e+00
-2.000000000000000164e-05,-4.000000000000000327e-05,3.374551692275049074e-04,2.000000000000000000e+00
-5.000000000000000240e-05,-4.000000000000000327e-05,5.179058100627907538e-04,2.000000000000000000e+00
1.600000000000000131e-04,-3.000000000000000076e-05,-1.619807747556480278e-04,2.000000000000000000e+00
1.000000000000000048e-04,-1.700000000000000122e-04,3.833196409289349460e-04,2.000000000000000000e+00
1.000000000000000048e-04,-1.700000000000000122e-04,3.833196409289349460e-04,2.000000000000000000e+00
-8.300000000000000086e-04,1.800000000000000113e-04,-1.835496198764118925e-03,2.000000000000000000e+00
-8.999999999999999754e-04,2.100000000000000087e-04,-2.010703639570494625e-03,2.000000000000000000e+00
-2.799999999999999755e-04,1.700000000000000122e-04,1.602183829429700349e-05,2.000000000000000000e+00
-3.000000000000000076e-05,-0.000000000000000000e+00,-1.826210439470911091e-04,2.000000000000000000e+00
-3.000000000000000076e-05,-0.000000000000000000e+00,-1.826210439470911091e-04,2.000000000000000000e+00
1.700000000000000122e-04,-1.800000000000000113e-04,-2.861485659546421042e-04,2.000000000000000000e+00
1.900000000000000105e-04,-2.000000000000000096e-04,-2.920354435433877328e-04,2.000000000000000000e+00
2.190000000000000106e-03,-1.700000000000000122e-04,3.257728543070060809e-03,2.000000000000000000e+00
2.409999999999999816e-03,-1.700000000000000122e-04,3.637494487629584945e-03,2.000000000000000000e+00
3.779999999999999940e-03,7.699999999999999597e-04,1.574697031814224551e-03,2.000000000000000000e+00
8.619999999999999191e-03,1.069999999999999988e-03,8.459553453477636382e-04,2.000000000000000000e+00
8.619999999999999191e-03,1.069999999999999988e-03,8.459553453477636382e-04,2.000000000000000000e+00
1.590000000000000094e-02,8.300000000000000086e-04,-1.724109955209927793e-03,2.000000000000000000e+00
1.590000000000000094e-02,8.300000000000000086e-04,-1.724109955209927793e-03,2.000000000000000000e+00
2.774000000000000077e-02,4.400000000000000157e-04,-2.789276650098412857e-03,2.000000000000000000e+00
2.877000000000000043e-02,4.000000000000000192e-04,-2.861946942949196784e-03,2.000000000000000000e+00
3.762999999999999678e-02,4.200000000000000174e-04,-9.784481327571265073e-04,2.000000000000000000e+00
3.835000000000000214e-02,4.299999999999999894e-04,-8.283606262882467312e-04,2.000000000000000000e+00
5.326000000000000179e-02,1.129999999999999928e-03,-3.832255741662116827e-03,2.000000000000000000e+00
6.665000000000000091e-02,9.399999999999999719e-04,-4.522215948551698561e-03,2.000000000000000000e+00
6.665000000000000091e-02,9.399999999999999719e-04,-4.522215948551698561e-03,2.000000000000000000e+00
8.014000000000000290e-02,6.400000000000000524e-04,-3.065084263048399073e-03,2.000000000000000000e+00
8.014000000000000290e-02,6.400000000000000524e-04,-3.065084263048399073e-03,2.000000000000000000e+00
9.267999999999999849e-02,5.800000000000000034e-04,-6.584595584765478606e-03,2.000000000000000000e+00
1.037700000000000011e-01,4.800000000000000122e-04,-7.591893522857794986e-03,2.000000000000000000e+00
1.037700000000000011e-01,4.800000000000000122e-04,-7.591893522857794986e-03,2.000000000000000000e+00
1.208400000000000030e-01,-6.800000000000000488e-04,-9.276738509776519259e-03,2.000000000000000000e+00
1.208400000000000030e-01,-6.800000000000000488e-04,-9.276738509776519259e-03,2.000000000000000000e+00
1.342800000000000105e-01,-1.660000000000000017e-03,-1.138888192264166793e-02,2.000000000000000000e+00
1.342800000000000105e-01,-1.660000000000000017e-03,-1.138888192264166793e-02,2.000000000000000000e+00
1.495599999999999985e-01,-2.510000000000000078e-03,-1.599690092519923112e-02,2.000000000000000000e+00
1.641600000000000004e-01,-3.089999999999999865e-03,-2.000939592710847953e-02,2.000000000000000000e+00
1.641600000000000004e-01,-3.089999999999999865e-03,-2.000939592710847953e-02,2.000000000000000000e+00
1.831299999999999872e-01,-3.989999999999999623e-03,-2.395697275107342566e-02,2.000000000000000000e+00
1.831299999999999872e-01,-3.989999999999999623e-03,-2.395697275107342566e-02,2.000000000000000000e+00
1.959599999999999953e-01,-4.239999999999999845e-03,-2.514056838266449587e-02,2.000000000000000000e+00
1.959599999999999953e-01,-4.239999999999999845e-03,-2.514056838266449587e-02,2.000000000000000000e+00
2.129399999999999904e-01,-5.270000000000000379e-03,-2.597033122137213171e-02,2.000000000000000000e+00
2.291300000000000003e-01,-6.179999999999999730e-03,-2.880702879001007660e-02,2.000000000000000000e+00
2.291300000000000003e-01,-6.179999999999999730e-03,-2.880702879001007660e-02,2.000000000000000000e+00
2.451599999999999890e-01,-6.380000000000000254e-03,-2.913460126841790551e-02,2.000000000000000000e+00
2.465700000000000114e-01,-6.389999999999999847e-03,-2.914032066159625428e-02,2.000000000000000000e+00
2.577900000000000191e-01,-6.590000000000000371e-03,-3.073285774407803761e-02,2.000000000000000000e+00
2.592300000000000160e-01,-6.620000000000000016e-03,-3.093528914088938472e-02,2.000000000000000000e+00
2.760099999999999776e-01,-7.470000000000000077e-03,-3.347173356940720546e-02,2.000000000000000000e+00
2.928799999999999737e-01,-8.340000000000000191e-03,-3.785874000674003398e-02,2.000000000000000000e+00
2.928799999999999737e-01,-8.340000000000000191e-03,-3.785874000674003398e-02,2.000000000000000000e+00
3.057699999999999863e-01,-8.999999999999999320e-03,-3.949064113275106008e-02,2.000000000000000000e+00
3.070899999999999741e-01,-9.069999999999999937e-03,-3.963191994004350988e-02,2.000000000000000000e+00
3.302800000000000180e-01,-1.204999999999999995e-02,-4.505462671816845566e-02,2.000000000000000000e+00
3.461500000000000132e-01,-1.379999999999999977e-02,-4.515338279807585425e-02,2.000000000000000000e+00
3.461500000000000132e-01,-1.379999999999999977e-02,-4.515338279807585425e-02,2.000000000000000000e+00
3.629999999999999893e-01,-1.564000000000000112e-02,-5.003287292338207126e-02,2.000000000000000000e+00
3.629999999999999893e-01,-1.564000000000000112e-02,-5.003287292338207126e-02,2.000000000000000000e+00
3.783799999999999941e-01,-1.677000000000000018e-02,-5.120295386004092980e-02,2.000000000000000000e+00
3.957899999999999752e-01,-1.807999999999999885e-02,-5.432495070460247044e-02,2.000000000000000000e+00
3.957899999999999752e-01,-1.807999999999999885e-02,-5.432495070460247044e-02,2.000000000000000000e+00
4.087799999999999767e-01,-1.856000000000000011e-02,-5.679556327553134804e-02,2.000000000000000000e+00
4.087799999999999767e-01,-1.856000000000000011e-02,-5.679556327553134804e-02,2.000000000000000000e+00
4.287699999999999845e-01,-2.038999999999999840e-02,-5.237208533770538327e-02,2.000000000000000000e+00
4.304299999999999793e-01,-2.052999999999999964e-02,-5.196146124893387397e-02,2.000000000000000000e+00
4.429299999999999904e-01,-2.159000000000000155e-02,-5.345649328413896312e-02,2.000000000000000000e+00
4.580400000000000027e-01,-2.197999999999999954e-02,-5.972544611026284200e-02,2.000000000000000000e+00
4.580400000000000027e-01,-2.197999999999999954e-02,-5.972544611026284200e-02,2.000000000000000000e+00
4.813500000000000001e-01,-2.154999999999999971e-02,-6.489797895413444706e-02,2.000000000000000000e+00
4.813500000000000001e-01,-2.154999999999999971e-02,-6.489797895413444706e-02,2.000000000000000000e+00
4.977599999999999802e-01,-2.263000000000000081e-02,-6.476089138224126740e-02,2.000000000000000000e+00
5.158800000000000052e-01,-2.410999999999999949e-02,-7.122864308530076072e-02,2.000000000000000000e+00
5.158800000000000052e-01,-2.410999999999999949e-02,-7.122864308530076072e-02,2.000000000000000000e+00
5.175699999999999745e-01,-2.426999999999999991e-02,-7.187542296691545873e-02,2.000000000000000000e+00
5.324400000000000244e-01,-2.522999999999999896e-02,-6.881003523226832119e-02,2.000000000000000000e+00
5.485200000000000076e-01,-2.648000000000000007e-02,-7.112574697810394864e-02,2.000000000000000000e+00
5.646099999999999453e-01,-2.796999999999999834e-02,-7.403981207398099840e-02,2.000000000000000000e+00
5.646099999999999453e-01,-2.796999999999999834e-02,-7.403981207398099840e-02,2.000000000000000000e+00
5.811699999999999644e-01,-3.034999999999999851e-02,-7.210247424634649849e-02,2.000000000000000000e+00
5.811699999999999644e-01,-3.034999999999999851e-02,-7.210247424634649849e-02,2.000000000000000000e+00
5.944599999999999884e-01,-3.228999999999999926e-02,-7.495077055073318117e-02,2.000000000000000000e+00
5.956200000000000383e-01,-3.246999999999999886e-02,-7.524670895950913430e-02,2.000000000000000000e+00
6.105599999999999916e-01,-3.395000000000000101e-02,-7.823196322181073803e-02,2.000000000000000000e+00
6.246800000000000130e-01,-3.520999999999999824e-02,-7.963045421650512268e-02,2.000000000000000000e+00
6.246800000000000130e-01,-3.520999999999999824e-02,-7.963045421650512268e-02,2.000000000000000000e+00
6.410799999999999832e-01,-3.645999999999999935e-02,-8.202445497624503978e-02,2.000000000000000000e+00
6.410799999999999832e-01,-3.645999999999999935e-02,-8.202445497624503978e-02,2.000000000000000000e+00
6.579800000000000093e-01,-3.824000000000000316e-02,-8.132345772839330578e-02,2.000000000000000000e+00
6.595699999999999896e-01,-3.840999999999999970e-02,-8.122839736719232595e-02,2.000000000000000000e+00
6.750500000000000389e-01,-3.996999999999999859e-02,-8.237384871458759694e-02,2.000000000000000000e+00
6.919800000000000395e-01,-4.132999999999999868e-02,-8.538243117406575655e-02,2.000000000000000000e+00
6.919800000000000395e-01,-4.132999999999999868e-02,-8.538243117406575655e-02,2.000000000000000000e+00
7.059600000000000319e-01,-4.206000000000000016e-02,-9.058985658983832734e-02,2.000000000000000000e+00
7.059600000000000319e-01,-4.206000000000000016e-02,-9.058985658983832734e-02,2.000000000000000000e+00
7.071300000000000363e-01,-4.213000000000000078e-02,-9.105070752943084100e-02,2.000000000000000000e+00
7.247000000000000108e-01,-4.393999999999999989e-02,-8.762253355059194948e-02,2.000000000000000000e+00
7.247000000000000108e-01,-4.393999999999999989e-02,-8.762253355059194948e-02,2.000000000000000000e+00
7.247000000000000108e-01,-4.393999999999999989e-02,-8.762253355059194948e-02,2.000000000000000000e+00
7.698000000000000398e-01,-4.900999999999999801e-02,-9.562405560137025862e-02,2.000000000000000000e+00
7.698000000000000398e-01,-4.900999999999999801e-02,-9.562405560137025862e-02,2.000000000000000000e+00
7.871700000000000363e-01,-5.099000000000000060e-02,-9.467466002864895203e-02,2.000000000000000000e+00
7.871700000000000363e-01,-5.099000000000000060e-02,-9.467466002864895203e-02,2.000000000000000000e+00
7.871700000000000363e-01,-5.099000000000000060e-02,-9.467466002864895203e-02,2.000000000000000000e+00
8.186700000000000088e-01,-5.589999999999999830e-02,-1.038852405118334821e-01,2.000000000000000000e+00
8.186700000000000088e-01,-5.589999999999999830e-02,-1.038852405118334821e-01,2.000000000000000000e+00
8.369699999999999918e-01,-5.840000000000000052e-02,-1.054653755102726159e-01,2.000000000000000000e+00
8.369699999999999918e-01,-5.840000000000000052e-02,-1.054653755102726159e-01,2.000000000000000000e+00
8.518499999999999961e-01,-6.001000000000000084e-02,-1.088710801292283037e-01,2.000000000000000000e+00
8.518499999999999961e-01,-6.001000000000000084e-02,-1.088710801292283037e-01,2.000000000000000000e+00
8.518499999999999961e-01,-6.001000000000000084e-02,-1.088710801292283037e-01,2.000000000000000000e+00
8.518499999999999961e-01,-6.001000000000000084e-02,-1.088710801292283037e-01,2.000000000000000000e+00
8.518499999999999961e-01,-6.001000000000000084e-02,-1.088710801292283037e-01,2.000000000000000000e+00
8.965999999999999526e-01,-6.547999999999999654e-02,-1.104458440744491565e-01,2.000000000000000000e+00
8.978199999999999514e-01,-6.565999999999999615e-02,-1.105402469806007343e-01,2.000000000000000000e+00
9.188899999999999846e-01,-6.804000000000000326e-02,-1.138670276429809697e-01,2.000000000000000000e+00
9.188899999999999846e-01,-6.804000000000000326e-02,-1.138670276429809697e-01,2.000000000000000000e+00
9.188899999999999846e-01,-6.804000000000000326e-02,-1.138670276429809697e-01,2.000000000000000000e+00
9.495999999999999996e-01,-7.162000000000000310e-02,-1.166761708259803909e-01,2.000000000000000000e+00
9.495999999999999996e-01,-7.162000000000000310e-02,-1.166761708259803909e-01,2.000000000000000000e+00
9.649499999999999744e-01,-7.351000000000000589e-02,-1.177295705618738586e-01,2.000000000000000000e+00
9.800799999999999512e-01,-7.531999999999999806e-02,-1.187234246420136308e-01,2.000000000000000000e+00
9.800799999999999512e-01,-7.531999999999999806e-02,-1.187234246420136308e-01,2.000000000000000000e+00
9.958200000000000385e-01,-7.763000000000000456e-02,-1.198772693822856422e-01,2.000000000000000000e+00
9.958200000000000385e-01,-7.763000000000000456e-02,-1.198772693822856422e-01,2.000000000000000000e+00
1.011039999999999939e+00,-8.010000000000000453e-02,-1.214858577116288973e-01,2.000000000000000000e+00
1.011039999999999939e+00,-8.010000000000000453e-02,-1.214858577116288973e-01,2.000000000000000000e+00
1.011039999999999939e+00,-8.010000000000000453e-02,-1.214858577116288973e-01,2.000000000000000000e+00
1.040969999999999951e+00,-8.563999999999999391e-02,-1.287540461896660715e-01,2.000000000000000000e+00
1.040969999999999951e+00,-8.563999999999999391e-02,-1.287540461896660715e-01,2.000000000000000000e+00
1.060829999999999940e+00,-8.870000000000000107e-02,-1.304519581808600004e-01,2.000000000000000000e+00
1.060829999999999940e+00,-8.870000000000000107e-02,-1.304519581808600004e-01,2.000000000000000000e+00
1.076820000000000110e+00,-9.098000000000000531e-02,-1.345306446695138103e-01,2.000000000000000000e+00
1.076820000000000110e+00,-9.098000000000000531e-02,-1.345306446695138103e-01,2.000000000000000000e+00
1.101849999999999996e+00,-9.629999999999999671e-02,-1.347618443934950339e-01,2.000000000000000000e+00
1.101849999999999996e+00,-9.629999999999999671e-02,-1.347618443934950339e-01,2.000000000000000000e+00
1.101849999999999996e+00,-9.629999999999999671e-02,-1.347618443934950339e-01,2.000000000000000000e+00
1.101849999999999996e+00,-9.629999999999999671e-02,-1.347618443934950339e-01,2.000000000000000000e+00
1.134330000000000060e+00,-1.010400000000000048e-01,-1.390230900651518720e-01,2.000000000000000000e+00
1.154619999999999980e+00,-1.036500000000000060e-01,-1.425874643351254523e-01,2.000000000000000000e+00
1.156590000000000007e+00,-1.039199999999999985e-01,-1.429435562761956491e-01,2.000000000000000000e+00
1.172090000000000076e+00,-1.063100000000000017e-01,-1.420040309545805013e-01,2.000000000000000000e+00
1.173499999999999988e+00,-1.065200000000000036e-01,-1.419186180433172351e-01,2.000000000000000000e+00
1.189170000000000060e+00,-1.087000000000000050e-01,-1.402697934955876580e-01,2.000000000000000000e+00
1.211740000000000039e+00,-1.103900000000000020e-01,-1.421734239173036429e-01,2.000000000000000000e+00
1.211740000000000039e+00,-1.103900000000000020e-01,-1.421734239173036429e-01,2.000000000000000000e+00
1.224380000000000024e+00,-1.126500000000000001e-01,-1.432020338996862208e-01,2.000000000000000000e+00
1.224380000000000024e+00,-1.126500000000000001e-01,-1.432020338996862208e-01,2.000000000000000000e+00
1.225400000000000045e+00,-1.128500000000000059e-01,-1.432812195914860420e-01,2.000000000000000000e+00
1.261290000000000022e+00,-1.194800000000000029e-01,-1.511170944567134522e-01,2.000000000000000000e+00
1.261290000000000022e+00,-1.194800000000000029e-01,-1.511170944567134522e-01,2.000000000000000000e+00
1.277760000000000007e+00,-1.225600000000000023e-01,-1.553713231386857074e-01,2.000000000000000000e+00
1.279269999999999907e+00,-1.228500000000000009e-01,-1.557482053792249577e-01,2.000000000000000000e+00
1.289690000000000003e+00,-1.248999999999999971e-01,-1.567913115458088591e-01,2.000000000000000000e+00
1.290780000000000038e+00,-1.251099999999999990e-01,-1.569002689900818315e-01,2.000000000000000000e+00
1.306340000000000057e+00,-1.274700000000000000e-01,-1.581269751310872274e-01,2.000000000000000000e+00
1.329020000000000090e+00,-1.307999999999999996e-01,-1.598217644815963789e-01,2.000000000000000000e+00
1.329020000000000090e+00,-1.307999999999999996e-01,-1.598217644815963789e-01,2.000000000000000000e+00
1.337620000000000031e+00,-1.329899999999999971e-01,-1.583662541420481629e-01,2.000000000000000000e+00
1.337620000000000031e+00,-1.329899999999999971e-01,-1.583662541420481629e-01,2.000000000000000000e+00
1.338330000000000020e+00,-1.332000000000000128e-01,-1.581882927938719485e-01,2.000000000000000000e+00
1.360800000000000010e+00,-1.369299999999999962e-01,-1.622716622842370060e-01,2.000000000000000000e+00
1.371590000000000087e+00,-1.383199999999999985e-01,-1.632397292779101117e-01,2.000000000000000000e+00
1.387990000000000057e+00,-1.405800000000000105e-01,-1.668229985583090380e-01,2.000000000000000000e+00
1.389569999999999972e+00,-1.408099999999999907e-01,-1.671783641692030364e-01,2.000000000000000000e+00
1.407759999999999900e+00,-1.439600000000000046e-01,-1.635042413991521226e-01,2.000000000000000000e+00
1.409359999999999946e+00,-1.442299999999999971e-01,-1.631800236500004497e-01,2.000000000000000000e+00
1.420360000000000067e+00,-1.464000000000000024e-01,-1.643528387973219040e-01,2.000000000000000000e+00
1.437840000000000007e+00,-1.496599999999999875e-01,-1.654201252833895075e-01,2.000000000000000000e+00
1.437840000000000007e+00,-1.496599999999999875e-01,-1.654201252833895075e-01,2.000000000000000000e+00
1.449559999999999960e+00,-1.518700000000000050e-01,-1.694567766270402009e-01,2.000000000000000000e+00
1.450509999999999966e+00,-1.520600000000000007e-01,-1.698237314268501996e-01,2.000000000000000000e+00
1.467000000000000082e+00,-1.557600000000000096e-01,-1.712210455356590888e-01,2.000000000000000000e+00
1.479389999999999983e+00,-1.593600000000000017e-01,-1.724708977015425027e-01,2.000000000000000000e+00
1.479389999999999983e+00,-1.593600000000000017e-01,-1.724708977015425027e-01,2.000000000000000000e+00
1.502150000000000096e+00,-1.636900000000000022e-01,-1.771303683916712335e-01,2.000000000000000000e+00
1.504329999999999945e+00,-1.640999999999999959e-01,-1.775857989697536832e-01,2.000000000000000000e+00
1.514650000000000052e+00,-1.663900000000000101e-01,-1.809814706358068015e-01,2.000000000000000000e+00
1.533740000000000103e+00,-1.697400000000000020e-01,-1.800188489357102128e-01,2.000000000000000000e+00
1.533740000000000103e+00,-1.697400000000000020e-01,-1.800188489357102128e-01,2.000000000000000000e+00
1.546610000000000040e+00,-1.724100000000000077e-01,-1.811355470484098951e-01,2.000000000000000000e+00
1.547649999999999970e+00,-1.726300000000000057e-01,-1.812497899535679691e-01,2.000000000000000000e+00
1.565700000000000092e+00,-1.763899999999999912e-01,-1.797427102595478554e-01,2.000000000000000000e+00
1.577970000000000095e+00,-1.791099999999999914e-01,-1.834145576270856393e-01,2.000000000000000000e+00
1.577970000000000095e+00,-1.791099999999999914e-01,-1.834145576270856393e-01,2.000000000000000000e+00
1.595820000000000016e+00,-1.821699999999999986e-01,-1.876390639754103584e-01,2.000000000000000000e+00
1.597480000000000011e+00,-1.824600000000000111e-01,-1.880174918527200423e-01,2.000000000000000000e+00
1.608899999999999997e+00,-1.846599999999999908e-01,-1.895797082257887345e-01,2.000000000000000000e+00
1.627660000000000107e+00,-1.883199999999999874e-01,-1.911881980847773277e-01,2.000000000000000000e+00
1.627660000000000107e+00,-1.883199999999999874e-01,-1.911881980847773277e-01,2.000000000000000000e+00
1.641590000000000105e+00,-1.915999999999999925e-01,-1.896361500946736056e-01,2.000000000000000000e+00
1.641590000000000105e+00,-1.915999999999999925e-01,-1.896361500946736056e-01,2.000000000000000000e+00
1.653469999999999995e+00,-1.948900000000000077e-01,-1.938720349711625379e-01,2.000000000000000000e+00
1.654509999999999925e+00,-1.951799999999999924e-01,-1.942959357153316580e-01,2.000000000000000000e+00
1.673540000000000028e+00,-1.985000000000000098e-01,-1.923451808972333754e-01,2.000000000000000000e+00
1.693270000000000053e+00,-2.029499999999999915e-01,-1.941544213041681288e-01,2.000000000000000000e+00
1.693270000000000053e+00,-2.029499999999999915e-01,-1.941544213041681288e-01,2.000000000000000000e+00
1.694930000000000048e+00,-2.033300000000000107e-01,-1.943394302458584799e-01,2.000000000000000000e+00
1.694930000000000048e+00,-2.033300000000000107e-01,-1.943394302458584799e-01,2.000000000000000000e+00
1.694930000000000048e+00,-2.033300000000000107e-01,-1.943394302458584799e-01,2.000000000000000000e+00
1.730769999999999920e+00,-2.148899999999999977e-01,-2.035690308487944356e-01,2.000000000000000000e+00
1.759120000000000017e+00,-2.199899999999999911e-01,-2.032426362415454546e-01,2.000000000000000000e+00
1.772759999999999891e+00,-2.214599999999999902e-01,-2.019377396991374196e-01,2.000000000000000000e+00
1.772759999999999891e+00,-2.214599999999999902e-01,-2.019377396991374196e-01,2.000000000000000000e+00
1.784880000000000022e+00,-2.246799999999999908e-01,-2.051132171314935526e-01,2.000000000000000000e+00
1.784880000000000022e+00,-2.246799999999999908e-01,-2.051132171314935526e-01,2.000000000000000000e+00
1.804669999999999996e+00,-2.291600000000000026e-01,-2.070835711488153985e-01,2.000000000000000000e+00
1.806559999999999944e+00,-2.295800000000000063e-01,-2.072498942632818864e-01,2.000000000000000000e+00
1.818489999999999940e+00,-2.320699999999999985e-01,-2.085316615856079303e-01,2.000000000000000000e+00
1.839199999999999946e+00,-2.360700000000000021e-01,-2.098362157519590154e-01,2.000000000000000000e+00
1.839199999999999946e+00,-2.360700000000000021e-01,-2.098362157519590154e-01,2.000000000000000000e+00
1.853239999999999998e+00,-2.395799999999999874e-01,-2.114002912837181780e-01,2.000000000000000000e+00
1.853239999999999998e+00,-2.395799999999999874e-01,-2.114002912837181780e-01,2.000000000000000000e+00
1.866549999999999931e+00,-2.428599999999999925e-01,-2.128479962757020283e-01,2.000000000000000000e+00
1.867760000000000087e+00,-2.431699999999999973e-01,-2.129788026821446134e-01,2.000000000000000000e+00
1.888670000000000071e+00,-2.475600000000000023e-01,-2.113862628358439133e-01,2.000000000000000000e+00
1.899469999999999992e+00,-2.508900000000000019e-01,-2.178033988423566381e-01,2.000000000000000000e+00
1.899469999999999992e+00,-2.508900000000000019e-01,-2.178033988423566381e-01,2.000000000000000000e+00
1.911359999999999948e+00,-2.547900000000000165e-01,-2.197186305697733655e-01,2.000000000000000000e+00
1.911359999999999948e+00,-2.547900000000000165e-01,-2.197186305697733655e-01,2.000000000000000000e+00
1.930269999999999930e+00,-2.589099999999999735e-01,-2.214566117437911652e-01,2.000000000000000000e+00
1.932250000000000023e+00,-2.593300000000000050e-01,-2.216367911340116625e-01,2.000000000000000000e+00
1.933159999999999989e+00,-2.609299999999999953e-01,-2.280926841398344673e-01,2.000000000000000000e+00
1.945489999999999942e+00,-2.637800000000000145e-01,-2.268135650736680109e-01,2.000000000000000000e+00
1.945489999999999942e+00,-2.637800000000000145e-01,-2.268135650736680109e-01,2.000000000000000000e+00
1.955130000000000035e+00,-2.664000000000000257e-01,-2.300308611689254046e-01,2.000000000000000000e+00
1.955130000000000035e+00,-2.664000000000000257e-01,-2.300308611689254046e-01,2.000000000000000000e+00
1.958520000000000039e+00,-2.672399999999999776e-01,-2.304512504725152178e-01,2.000000000000000000e+00
1.958800000000000097e+00,-2.672999999999999821e-01,-2.304603096587698186e-01,2.000000000000000000e+00
1.959079999999999933e+00,-2.679300000000000015e-01,-2.343056162339526294e-01,2.000000000000000000e+00
1.960439999999999960e+00,-2.687899999999999734e-01,-2.351232780092846752e-01,2.000000000000000000e+00
1.960439999999999960e+00,-2.687899999999999734e-01,-2.351232780092846752e-01,2.000000000000000000e+00
1.978720000000000034e+00,-2.721799999999999775e-01,-2.327323454283089232e-01,2.000000000000000000e+00
1.978720000000000034e+00,-2.721799999999999775e-01,-2.327323454283089232e-01,2.000000000000000000e+00
1.981309999999999905e+00,-2.728200000000000069e-01,-2.324671629849289767e-01,2.000000000000000000e+00
1.982229999999999936e+00,-2.731000000000000094e-01,-2.329090133139657404e-01,2.000000000000000000e+00
1.982229999999999936e+00,-2.731000000000000094e-01,-2.329090133139657404e-01,2.000000000000000000e+00
1.983349999999999946e+00,-2.731399999999999939e-01,-2.300099381347544547e-01,2.000000000000000000e+00
1.983349999999999946e+00,-2.731399999999999939e-01,-2.300099381347544547e-01,2.000000000000000000e+00
1.982310000000000016e+00,-2.728700000000000014e-01,-2.326692980587754811e-01,2.000000000000000000e+00
1.982310000000000016e+00,-2.728700000000000014e-01,-2.326692980587754811e-01,2.000000000000000000e+00
1.982250000000000068e+00,-2.730299999999999949e-01,-2.325221387690277197e-01,2.000000000000000000e+00
1.982329999999999925e+00,-2.728300000000000169e-01,-2.328488532472552386e-01,2.000000000000000000e+00
1.982329999999999925e+00,-2.728300000000000169e-01,-2.328488532472552386e-01,2.000000000000000000e+00
1.989780000000000104e+00,-2.739599999999999813e-01,-2.332336336484483463e-01,2.000000000000000000e+00
1.989780000000000104e+00,-2.739599999999999813e-01,-2.332336336484483463e-01,2.000000000000000000e+00
1.982580000000000009e+00,-2.731600000000000139e-01,-2.329744353915850774e-01,2.000000000000000000e+00
1.981980000000000075e+00,-2.731999999999999984e-01,-2.326522568864229645e-01,2.000000000000000000e+00
1.981980000000000075e+00,-2.731999999999999984e-01,-2.326522568864229645e-01,2.000000000000000000e+00
1.982189999999999896e+00,-2.729800000000000004e-01,-2.325738488420633077e-01,2.000000000000000000e+00
1.982189999999999896e+00,-2.729800000000000004e-01,-2.325738488420633077e-01,2.000000000000000000e+00
1.974339999999999984e+00,-2.717700000000000116e-01,-2.326156937339041719e-01,2.000000000000000000e+00
1.973649999999999904e+00,-2.716700000000000226e-01,-2.326198697321910092e-01,2.000000000000000000e+00
1.973629999999999995e+00,-2.719599999999999795e-01,-2.326885059703054925e-01,2.000000000000000000e+00
1.980229999999999935e+00,-2.727600000000000025e-01,-2.358463416646819910e-01,2.000000000000000000e+00
1.980229999999999935e+00,-2.727600000000000025e-01,-2.358463416646819910e-01,2.000000000000000000e+00
1.980839999999999934e+00,-2.728400000000000269e-01,-2.361333715684836021e-01,2.000000000000000000e+00
1.980839999999999934e+00,-2.728400000000000269e-01,-2.361333715684836021e-01,2.000000000000000000e+00
1.982150000000000079e+00,-2.729500000000000259e-01,-2.332251995000285960e-01,2.000000000000000000e+00
1.980779999999999985e+00,-2.725099999999999745e-01,-2.353857956638086557e-01,2.000000000000000000e+00
1.980779999999999985e+00,-2.725099999999999745e-01,-2.353857956638086557e-01,2.000000000000000000e+00
1.973880000000000079e+00,-2.716700000000000226e-01,-2.328569794112087532e-01,2.000000000000000000e+00
-1.600000000000000131e-04,-1.600000000000000131e-04,0.000000000000000000e+00,2.000000000000000000e+00
-1.600000000000000131e-04,-1.600000000000000131e-04,0.000000000000000000e+00,2.000000000000000000e+00
-4.200000000000000174e-04,-6.000000000000000152e-05,-1.284491418434547446e-03,2.000000000000000000e+00
-4.400000000000000157e-04,-5.000000000000000240e-05,-1.412222917069801695e-03,2.000000000000000000e+00
-1.900000000000000105e-04,-2.000000000000000164e-05,9.584348440681194140e-05,2.000000000000000000e+00
9.399999999999999719e-04,-1.399999999999999877e-04,4.929187705566764758e-04,2.000000000000000000e+00
9.399999999999999719e-04,-1.399999999999999877e-04,4.929187705566764758e-04,2.000000000000000000e+00
1.059999999999999961e-03,-1.499999999999999869e-04,5.236333136051726659e-04,2.000000000000000000e+00
8.000000000000000654e-05,6.000000000000000152e-05,-1.121451818225543615e-03,2.000000000000000000e+00
-1.600000000000000131e-04,-1.000000000000000082e-05,6.583026024072936855e-05,2.000000000000000000e+00
-1.600000000000000131e-04,-1.000000000000000082e-05,6.583026024072936855e-05,2.000000000000000000e+00
-1.399999999999999877e-04,-9.000000000000000567e-05,-1.271301465331593859e-03,2.000000000000000000e+00
1.199999999999999895e-03,-2.200000000000000078e-04,-1.320966238768642251e-03,2.000000000000000000e+00
1.199999999999999895e-03,-2.200000000000000078e-04,-1.320966238768642251e-03,2.000000000000000000e+00
1.090000000000000040e-03,-8.000000000000000654e-05,3.311619083056518932e-04,2.000000000000000000e+00
1.340000000000000045e-03,-1.000000000000000082e-05,2.312986774782900112e-03,2.000000000000000000e+00
1.340000000000000045e-03,-1.000000000000000082e-05,2.312986774782900112e-03,2.000000000000000000e+00
4.020000000000000136e-03,1.399999999999999877e-04,1.950350334782214104e-03,2.000000000000000000e+00
3.239999999999999825e-03,2.200000000000000078e-04,1.751753727807723584e-04,2.000000000000000000e+00
3.239999999999999825e-03,2.200000000000000078e-04,1.751753727807723584e-04,2.000000000000000000e+00
9.119999999999999635e-03,-2.000000000000000096e-04,-3.433349674774274253e-03,2.000000000000000000e+00
9.119999999999999635e-03,-2.000000000000000096e-04,-3.433349674774274253e-03,2.000000000000000000e+00
2.048000000000000168e-02,-1.119999999999999902e-03,-1.406269531287600641e-03,2.000000000000000000e+00
2.048000000000000168e-02,-1.119999999999999902e-03,-1.406269531287600641e-03,2.000000000000000000e+00
2.275999999999999898e-02,-5.100000000000000366e-04,-5.183609930548223159e-03,2.000000000000000000e+00
3.595000000000000279e-02,-1.000000000000000021e-03,-7.777715868131966637e-03,2.000000000000000000e+00
3.595000000000000279e-02,-1.000000000000000021e-03,-7.777715868131966637e-03,2.000000000000000000e+00
4.993000000000000216e-02,1.000000000000000048e-04,-1.270193186227187333e-02,2.000000000000000000e+00
5.149000000000000105e-02,2.100000000000000087e-04,-1.324685117271514646e-02,2.000000000000000000e+00
6.582000000000000350e-02,-2.000000000000000164e-05,-1.089613814540910629e-02,2.000000000000000000e+00
7.810999999999999888e-02,-3.699999999999999947e-04,-1.445295208523568291e-02,2.000000000000000000e+00
7.810999999999999888e-02,-3.699999999999999947e-04,-1.445295208523568291e-02,2.000000000000000000e+00
9.005000000000000504e-02,-4.600000000000000139e-04,-1.654044375729675845e-02,2.000000000000000000e+00
9.114999999999999492e-02,-4.600000000000000139e-04,-1.671928813910890377e-02,2.000000000000000000e+00
1.038000000000000034e-01,-1.000000000000000021e-03,-1.552518303400930548e-02,2.000000000000000000e+00
1.169700000000000045e-01,-1.190000000000000085e-03,-1.898358891667881881e-02,2.000000000000000000e+00
1.169700000000000045e-01,-1.190000000000000085e-03,-1.898358891667881881e-02,2.000000000000000000e+00
1.316400000000000070e-01,-2.079999999999999818e-03,-2.129067748949505304e-02,2.000000000000000000e+00
1.316400000000000070e-01,-2.079999999999999818e-03,-2.129067748949505304e-02,2.000000000000000000e+00
1.478500000000000092e-01,-3.249999999999999851e-03,-2.385238346783451549e-02,2.000000000000000000e+00
1.615099999999999869e-01,-4.539999999999999765e-03,-2.862140758769212562e-02,2.000000000000000000e+00
1.615099999999999869e-01,-4.539999999999999765e-03,-2.862140758769212562e-02,2.000000000000000000e+00
1.778500000000000081e-01,-5.470000000000000036e-03,-3.244221060813334140e-02,2.000000000000000000e+00
1.778500000000000081e-01,-5.470000000000000036e-03,-3.244221060813334140e-02,2.000000000000000000e+00
1.892999999999999960e-01,-5.629999999999999588e-03,-3.532652101497116975e-02,2.000000000000000000e+00
2.082199999999999884e-01,-7.089999999999999948e-03,-3.814017190040719374e-02,2.000000000000000000e+00
2.082199999999999884e-01,-7.089999999999999948e-03,-3.814017190040719374e-02,2.000000000000000000e+00
2.255999999999999950e-01,-7.969999999999999654e-03,-4.043789515336933260e-02,2.000000000000000000e+00
2.255999999999999950e-01,-7.969999999999999654e-03,-4.043789515336933260e-02,2.000000000000000000e+00
2.349100000000000077e-01,-8.109999999999999154e-03,-3.736695388242698007e-02,2.000000000000000000e+00
2.355299999999999894e-01,-8.120000000000000481e-03,-3.711539278781739865e-02,2.000000000000000000e+00
2.535899999999999821e-01,-9.549999999999999462e-03,-4.039694949801460322e-02,2.000000000000000000e+00
2.698300000000000143e-01,-1.026000000000000002e-02,-4.608652860233811849e-02,2.000000000000000000e+00
2.698300000000000143e-01,-1.026000000000000002e-02,-4.608652860233811849e-02,2.000000000000000000e+00
2.847799999999999776e-01,-1.064000000000000015e-02,-4.927238158913822136e-02,2.000000000000000000e+00
3.015499999999999847e-01,-1.175000000000000003e-02,-5.175756548663259377e-02,2.000000000000000000e+00
3.015499999999999847e-01,-1.175000000000000003e-02,-5.175756548663259377e-02,2.000000000000000000e+00
3.180200000000000249e-01,-1.264999999999999979e-02,-5.448794310783676431e-02,2.000000000000000000e+00
3.180200000000000249e-01,-1.264999999999999979e-02,-5.448794310783676431e-02,2.000000000000000000e+00
3.314799999999999969e-01,-1.341000000000000004e-02,-5.724201549791840121e-02,2.000000000000000000e+00
3.324400000000000133e-01,-1.345999999999999974e-02,-5.744243149627135947e-02,2.000000000000000000e+00
3.498200000000000198e-01,-1.489000000000000046e-02,-6.231092545933992338e-02,2.000000000000000000e+00
3.626300000000000079e-01,-1.612999999999999851e-02,-6.367668937953124830e-02,2.000000000000000000e+00
3.626300000000000079e-01,-1.612999999999999851e-02,-6.367668937953124830e-02,2.000000000000000000e+00
3.821499999999999897e-01,-1.841999999999999887e-02,-6.529879885602001000e-02,2.000000000000000000e+00
3.836200000000000165e-01,-1.858999999999999889e-02,-6.542118066235451390e-02,2.000000000000000000e+00
3.977299999999999724e-01,-2.019999999999999921e-02,-6.602639987592322235e-02,2.000000000000000000e+00
4.107500000000000040e-01,-2.126000000000000112e-02,-7.143245440620361875e-02,2.000000000000000000e+00
4.107500000000000040e-01,-2.126000000000000112e-02,-7.143245440620361875e-02,2.000000000000000000e+00
4.279700000000000171e-01,-2.272000000000000061e-02,-6.751831007212560909e-02,2.000000000000000000e+00
4.279700000000000171e-01,-2.272000000000000061e-02,-6.751831007212560909e-02,2.000000000000000000e+00
4.436700000000000088e-01,-2.383000000000000049e-02,-6.947888074183454499e-02,2.000000000000000000e+00
4.595299999999999940e-01,-2.509000000000000119e-02,-6.827876822920679600e-02,2.000000000000000000e+00
4.595299999999999940e-01,-2.509000000000000119e-02,-6.827876822920679600e-02,2.000000000000000000e+00
4.767399999999999971e-01,-2.663000000000000089e-02,-7.665432897746798924e-02,2.000000000000000000e+00
4.767399999999999971e-01,-2.663000000000000089e-02,-7.665432897746798924e-02,2.000000000000000000e+00
4.784300000000000219e-01,-2.680000000000000090e-02,-7.753948468302993002e-02,2.000000000000000000e+00
5.083699999999999886e-01,-2.932999999999999843e-02,-8.315905812844627543e-02,2.000000000000000000e+00
5.083699999999999886e-01,-2.932999999999999843e-02,-8.315905812844627543e-02,2.000000000000000000e+00
5.215300000000000491e-01,-3.005999999999999991e-02,-8.646228931731024525e-02,2.000000000000000000e+00
5.215300000000000491e-01,-3.005999999999999991e-02,-8.646228931731024525e-02,2.000000000000000000e+00
5.397300000000000431e-01,-3.175999999999999657e-02,-8.779111460609398399e-02,2.000000000000000000e+00
5.539600000000000080e-01,-3.325999999999999790e-02,-8.854878728188270154e-02,2.000000000000000000e+00
5.539600000000000080e-01,-3.325999999999999790e-02,-8.854878728188270154e-02,2.000000000000000000e+00
5.723700000000000454e-01,-3.527000000000000274e-02,-8.974678858701870543e-02,2.000000000000000000e+00
5.737700000000000022e-01,-3.542000000000000010e-02,-8.983893246361998597e-02,2.000000000000000000e+00
5.888999999999999790e-01,-3.719000000000000083e-02,-9.072345545003390743e-02,2.000000000000000000e+00
6.022800000000000376e-01,-3.923999999999999710e-02,-9.249820096556365945e-02,2.000000000000000000e+00
6.022800000000000376e-01,-3.923999999999999710e-02,-9.249820096556365945e-02,2.000000000000000000e+00
6.182699999999999863e-01,-4.157999999999999891e-02,-9.378806701356584563e-02,2.000000000000000000e+00
6.182699999999999863e-01,-4.157999999999999891e-02,-9.378806701356584563e-02,2.000000000000000000e+00
6.348799999999999999e-01,-4.320000000000000229e-02,-9.662485132905650198e-02,2.000000000000000000e+00
6.490000000000000213e-01,-4.481000000000000261e-02,-9.808207755842084097e-02,2.000000000000000000e+00
6.490000000000000213e-01,-4.481000000000000261e-02,-9.808207755842084097e-02,2.000000000000000000e+00
6.686199999999999921e-01,-4.671000000000000152e-02,-9.722437124625674110e-02,2.000000000000000000e+00
6.686199999999999921e-01,-4.671000000000000152e-02,-9.722437124625674110e-02,2.000000000000000000e+00
6.830000000000000515e-01,-4.841000000000000164e-02,-1.006147382695496556e-01,2.000000000000000000e+00
6.998100000000000431e-01,-5.068000000000000282e-02,-1.016739555284710966e-01,2.000000000000000000e+00
6.998100000000000431e-01,-5.068000000000000282e-02,-1.016739555284710966e-01,2.000000000000000000e+00
7.099400000000000155e-01,-5.190999999999999781e-02,-1.092032086002610175e-01,2.000000000000000000e+00
7.099400000000000155e-01,-5.190999999999999781e-02,-1.092032086002610175e-01,2.000000000000000000e+00
7.268599999999999506e-01,-5.338999999999999996e-02,-1.107439932137086469e-01,2.000000000000000000e+00
7.284000000000000474e-01,-5.353000000000000119e-02,-1.108221114370340349e-01,2.000000000000000000e+00
7.444300000000000361e-01,-5.537999999999999867e-02,-1.144223858000449345e-01,2.000000000000000000e+00
7.616000000000000547e-01,-5.752999999999999781e-02,-1.154416373870086471e-01,2.000000000000000000e+00
7.616000000000000547e-01,-5.752999999999999781e-02,-1.154416373870086471e-01,2.000000000000000000e+00
7.631499999999999950e-01,-5.772999999999999660e-02,-1.155144704900445268e-01,2.000000000000000000e+00
7.741599999999999593e-01,-5.909999999999999976e-02,-1.167995286117806258e-01,2.000000000000000000e+00
7.901000000000000245e-01,-6.117999999999999827e-02,-1.198650890055317220e-01,2.000000000000000000e+00
8.080199999999999605e-01,-6.395000000000000684e-02,-1.198555927437196800e-01,2.000000000000000000e+00
8.080199999999999605e-01,-6.395000000000000684e-02,-1.198555927437196800e-01,2.000000000000000000e+00
8.262100000000000000e-01,-6.690999999999999726e-02,-1.215882760766334864e-01,2.000000000000000000e+00
8.262100000000000000e-01,-6.690999999999999726e-02,-1.215882760766334864e-01,2.000000000000000000e+00
8.404800000000000049e-01,-6.961000000000000520e-02,-1.247815607874209060e-01,2.000000000000000000e+00
8.549200000000000133e-01,-7.166000000000000147e-02,-1.284404361361428104e-01,2.000000000000000000e+00
8.549200000000000133e-01,-7.166000000000000147e-02,-1.284404361361428104e-01,2.000000000000000000e+00
8.549200000000000133e-01,-7.166000000000000147e-02,-1.284404361361428104e-01,2.000000000000000000e+00
8.549200000000000133e-01,-7.166000000000000147e-02,-1.284404361361428104e-01,2.000000000000000000e+00
8.549200000000000133e-01,-7.166000000000000147e-02,-1.284404361361428104e-01,2.000000000000000000e+00
8.958800000000000097e-01,-7.897999999999999465e-02,-1.299625804540792962e-01,2.000000000000000000e+00
9.141399999999999526e-01,-8.193999999999999895e-02,-1.333824852390359805e-01,2.000000000000000000e+00
9.294000000000000039e-01,-8.429999999999999993e-02,-1.370526619737432450e-01,2.000000000000000000e+00
9.294000000000000039e-01,-8.429999999999999993e-02,-1.370526619737432450e-01,2.000000000000000000e+00
9.478400000000000158e-01,-8.651999999999999968e-02,-1.408517503320136088e-01,2.000000000000000000e+00
9.478400000000000158e-01,-8.651999999999999968e-02,-1.408517503320136088e-01,2.000000000000000000e+00
9.633000000000000451e-01,-8.871999999999999331e-02,-1.428168294168090657e-01,2.000000000000000000e+00
9.633000000000000451e-01,-8.871999999999999331e-02,-1.428168294168090657e-01,2.000000000000000000e+00
9.751100000000000323e-01,-9.039999999999999425e-02,-1.414636038742048962e-01,2.000000000000000000e+00
9.943899999999999961e-01,-9.343999999999999528e-02,-1.424971269733387169e-01,2.000000000000000000e+00
9.943899999999999961e-01,-9.343999999999999528e-02,-1.424971269733387169e-01,2.000000000000000000e+00
1.016270000000000007e+00,-9.507999999999999785e-02,-1.465956319422739851e-01,2.000000000000000000e+00
1.016270000000000007e+00,-9.507999999999999785e-02,-1.465956319422739851e-01,2.000000000000000000e+00
1.035970000000000057e+00,-9.836999999999999911e-02,-1.482679643489509258e-01,2.000000000000000000e+00
1.047469999999999901e+00,-1.010500000000000009e-01,-1.524712626973218077e-01,2.000000000000000000e+00
1.047469999999999901e+00,-1.010500000000000009e-01,-1.524712626973218077e-01,2.000000000000000000e+00
1.066459999999999964e+00,-1.044899999999999995e-01,-1.541669725629864762e-01,2.000000000000000000e+00
1.066459999999999964e+00,-1.044899999999999995e-01,-1.541669725629864762e-01,2.000000000000000000e+00
1.077879999999999949e+00,-1.068999999999999950e-01,-1.578255712199682081e-01,2.000000000000000000e+00
1.077879999999999949e+00,-1.068999999999999950e-01,-1.578255712199682081e-01,2.000000000000000000e+00
1.098139999999999894e+00,-1.101400000000000018e-01,-1.576980267943227931e-01,2.000000000000000000e+00
1.110489999999999977e+00,-1.122599999999999987e-01,-1.584441010490371671e-01,2.000000000000000000e+00
1.110489999999999977e+00,-1.122599999999999987e-01,-1.584441010490371671e-01,2.000000000000000000e+00
1.129860000000000086e+00,-1.155000000000000054e-01,-1.624285390647313698e-01,2.000000000000000000e+00
1.129860000000000086e+00,-1.155000000000000054e-01,-1.624285390647313698e-01,2.000000000000000000e+00
1.146150000000000002e+00,-1.187900000000000067e-01,-1.641771431041893492e-01,2.000000000000000000e+00
1.147590000000000110e+00,-1.190900000000000014e-01,-1.643130076632547953e-01,2.000000000000000000e+00
1.162169999999999925e+00,-1.214599999999999985e-01,-1.654691362747042482e-01,2.000000000000000000e+00
1.163589999999999902e+00,-1.216900000000000065e-01,-1.655813322039305924e-01,2.000000000000000000e+00
1.183380000000000098e+00,-1.242999999999999938e-01,-1.668284062241622845e-01,2.000000000000000000e+00
1.195810000000000040e+00,-1.265699999999999881e-01,-1.683015373185919872e-01,2.000000000000000000e+00
1.195810000000000040e+00,-1.265699999999999881e-01,-1.683015373185919872e-01,2.000000000000000000e+00
1.211060000000000025e+00,-1.293199999999999905e-01,-1.743621319034707462e-01,2.000000000000000000e+00
1.212409999999999988e+00,-1.295699999999999907e-01,-1.749235348436411486e-01,2.000000000000000000e+00
1.228369999999999962e+00,-1.324500000000000122e-01,-1.735162592947488425e-01,2.000000000000000000e+00
1.244099999999999984e+00,-1.355200000000000016e-01,-1.774174760123380656e-01,2.000000000000000000e+00
1.244099999999999984e+00,-1.355200000000000016e-01,-1.774174760123380656e-01,2.000000000000000000e+00
1.260829999999999895e+00,-1.390800000000000092e-01,-1.795907878088066068e-01,2.000000000000000000e+00
1.260829999999999895e+00,-1.390800000000000092e-01,-1.795907878088066068e-01,2.000000000000000000e+00
1.277400000000000091e+00,-1.426600000000000090e-01,-1.811961688912745172e-01,2.000000000000000000e+00
1.294650000000000079e+00,-1.463700000000000001e-01,-1.824874472392803981e-01,2.000000000000000000e+00
1.294650000000000079e+00,-1.463700000000000001e-01,-1.824874472392803981e-01,2.000000000000000000e+00
1.307660000000000045e+00,-1.492100000000000093e-01,-1.814068137805531777e-01,2.000000000000000000e+00
1.307660000000000045e+00,-1.492100000000000093e-01,-1.814068137805531777e-01,2.000000000000000000e+00
1.323900000000000077e+00,-1.522100000000000120e-01,-1.854062882654920474e-01,2.000000000000000000e+00
1.323900000000000077e+00,-1.522100000000000120e-01,-1.854062882654920474e-01,2.000000000000000000e+00
1.341830000000000078e+00,-1.554399999999999948e-01,-1.840667255039980243e-01,2.000000000000000000e+00
1.354049999999999976e+00,-1.582699999999999940e-01,-1.857278074901545228e-01,2.000000000000000000e+00
1.354049999999999976e+00,-1.582699999999999940e-01,-1.857278074901545228e-01,2.000000000000000000e+00
1.380100000000000104e+00,-1.654899999999999982e-01,-1.933270367983205562e-01,2.000000000000000000e+00
1.382319999999999993e+00,-1.661299999999999999e-01,-1.939805471224486932e-01,2.000000000000000000e+00
1.398579999999999934e+00,-1.687500000000000111e-01,-1.952409808475807362e-01,2.000000000000000000e+00
1.400169999999999915e+00,-1.690200000000000036e-01,-1.953645514615830192e-01,2.000000000000000000e+00
1.411589999999999900e+00,-1.715700000000000003e-01,-1.966807308655539877e-01,2.000000000000000000e+00
1.434490000000000043e+00,-1.756399999999999906e-01,-1.983402455057744207e-01,2.000000000000000000e+00
1.434490000000000043e+00,-1.756399999999999906e-01,-1.983402455057744207e-01,2.000000000000000000e+00
1.442069999999999963e+00,-1.780400000000000038e-01,-1.989127247451329406e-01,2.000000000000000000e+00
1.460010000000000030e+00,-1.820700000000000096e-01,-1.980401395754934069e-01,2.000000000000000000e+00
1.460010000000000030e+00,-1.820700000000000096e-01,-1.980401395754934069e-01,2.000000000000000000e+00
1.482269999999999976e+00,-1.869500000000000051e-01,-2.045102263374119489e-01,2.000000000000000000e+00
1.482269999999999976e+00,-1.869500000000000051e-01,-2.045102263374119489e-01,2.000000000000000000e+00
1.500809999999999977e+00,-1.915000000000000036e-01,-2.074496786631775114e-01,2.000000000000000000e+00
1.513230000000000075e+00,-1.947899999999999909e-01,-2.087059474247508206e-01,2.000000000000000000e+00
1.513230000000000075e+00,-1.947899999999999909e-01,-2.087059474247508206e-01,2.000000000000000000e+00
1.525249999999999995e+00,-1.979400000000000048e-01,-2.101021995767618777e-01,2.000000000000000000e+00
1.525249999999999995e+00,-1.979400000000000048e-01,-2.101021995767618777e-01,2.000000000000000000e+00
1.537740000000000107e+00,-2.012100000000000000e-01,-2.116522005851754484e-01,2.000000000000000000e+00
1.554920000000000080e+00,-2.048699999999999966e-01,-2.158035067168785903e-01,2.000000000000000000e+00
1.554920000000000080e+00,-2.048699999999999966e-01,-2.158035067168785903e-01,2.000000000000000000e+00
1.574710000000000054e+00,-2.093099999999999961e-01,-2.149962640181516393e-01,2.000000000000000000e+00
1.574710000000000054e+00,-2.093099999999999961e-01,-2.149962640181516393e-01,2.000000000000000000e+00
1.588109999999999911e+00,-2.129800000000000026e-01,-2.162399556069390660e-01,2.000000000000000000e+00
1.588980000000000059e+00,-2.132300000000000029e-01,-2.163457164262306831e-01,2.000000000000000000e+00
1.605839999999999934e+00,-2.173100000000000032e-01,-2.183621124858610707e-01,2.000000000000000000e+00
1.624849999999999905e+00,-2.210199999999999942e-01,-2.231620036422672648e-01,2.000000000000000000e+00
1.624849999999999905e+00,-2.210199999999999942e-01,-2.231620036422672648e-01,2.000000000000000000e+00
1.637699999999999934e+00,-2.244800000000000129e-01,-2.246621118724212995e-01,2.000000000000000000e+00
1.637699999999999934e+00,-2.244800000000000129e-01,-2.246621118724212995e-01,2.000000000000000000e+00
1.650740000000000096e+00,-2.276499999999999913e-01,-2.257123022723487304e-01,2.000000000000000000e+00
1.651639999999999997e+00,-2.278699999999999892e-01,-2.257829744053108378e-01,2.000000000000000000e+00
1.670179999999999998e+00,-2.322299999999999920e-01,-2.275423194483021105e-01,2.000000000000000000e+00
1.683179999999999898e+00,-2.359799999999999953e-01,-2.287441568740692655e-01,2.000000000000000000e+00
1.683179999999999898e+00,-2.359799999999999953e-01,-2.287441568740692655e-01,2.000000000000000000e+00
1.683179999999999898e+00,-2.359799999999999953e-01,-2.287441568740692655e-01,2.000000000000000000e+00
1.704709999999999948e+00,-2.414199999999999957e-01,-2.283301040734344867e-01,2.000000000000000000e+00
1.720760000000000067e+00,-2.442400000000000126e-01,-2.299458742924813670e-01,2.000000000000000000e+00
1.722150000000000070e+00,-2.444999999999999951e-01,-2.300852007530360954e-01,2.000000000000000000e+00
1.740059999999999940e+00,-2.490199999999999914e-01,-2.346146550182189872e-01,2.000000000000000000e+00
1.752920000000000034e+00,-2.524600000000000177e-01,-2.364292933992155343e-01,2.000000000000000000e+00
1.753849999999999909e+00,-2.527099999999999902e-01,-2.365466220578843481e-01,2.000000000000000000e+00
1.768010000000000081e+00,-2.563500000000000223e-01,-2.320704489810841153e-01,2.000000000000000000e+00
1.779789999999999983e+00,-2.597099999999999964e-01,-2.355025597653945257e-01,2.000000000000000000e+00
1.779789999999999983e+00,-2.597099999999999964e-01,-2.355025597653945257e-01,2.000000000000000000e+00
1.798219999999999930e+00,-2.646800000000000264e-01,-2.405501756099705235e-01,2.000000000000000000e+00
1.799749999999999961e+00,-2.650899999999999923e-01,-2.409596396178689814e-01,2.000000000000000000e+00
1.819180000000000019e+00,-2.699400000000000133e-01,-2.428631547059398044e-01,2.000000000000000000e+00
1.830279999999999907e+00,-2.733599999999999919e-01,-2.499479546636989569e-01,2.000000000000000000e+00
1.830279999999999907e+00,-2.733599999999999919e-01,-2.499479546636989569e-01,2.000000000000000000e+00
1.842260000000000009e+00,-2.767499999999999960e-01,-2.544431535687824431e-01,2.000000000000000000e+00
1.842260000000000009e+00,-2.767499999999999960e-01,-2.544431535687824431e-01,2.000000000000000000e+00
1.863129999999999953e+00,-2.814200000000000035e-01,-2.562643078011490605e-01,2.000000000000000000e+00
1.864679999999999893e+00,-2.817600000000000104e-01,-2.563767634417254415e-01,2.000000000000000000e+00
1.876989999999999936e+00,-2.854599999999999915e-01,-2.576418424596537138e-01,2.000000000000000000e+00
1.889189999999999925e+00,-2.892500000000000071e-01,-2.588526557148290719e-01,2.000000000000000000e+00
1.889189999999999925e+00,-2.892500000000000071e-01,-2.588526557148290719e-01,2.000000000000000000e+00
1.901149999999999896e+00,-2.931599999999999762e-01,-2.606234428118959223e-01,2.000000000000000000e+00
1.901149999999999896e+00,-2.931599999999999762e-01,-2.606234428118959223e-01,2.000000000000000000e+00
1.911680000000000046e+00,-2.961300000000000043e-01,-2.646977640542349519e-01,2.000000000000000000e+00
1.913759999999999906e+00,-2.980400000000000271e-01,-2.689143765109605622e-01,2.000000000000000000e+00
1.913759999999999906e+00,-2.980400000000000271e-01,-2.689143765109605622e-01,2.000000000000000000e+00
1.932180000000000009e+00,-3.025200000000000111e-01,-2.675709512612514107e-01,2.000000000000000000e+00
1.932180000000000009e+00,-3.025200000000000111e-01,-2.675709512612514107e-01,2.000000000000000000e+00
1.936460000000000070e+00,-3.043799999999999839e-01,-2.680917477274417648e-01,2.000000000000000000e+00
1.936460000000000070e+00,-3.043799999999999839e-01,-2.680917477274417648e-01,2.000000000000000000e+00
1.945940000000000003e+00,-3.067300000000000026e-01,-2.690556319199808866e-01,2.000000000000000000e+00
1.946730000000000071e+00,-3.069200000000000261e-01,-2.691333546194802362e-01,2.000000000000000000e+00
1.957619999999999916e+00,-3.094700000000000228e-01,-2.668782320072326519e-01,2.000000000000000000e+00
1.958220000000000072e+00,-3.100399999999999823e-01,-2.700952743173609116e-01,2.000000000000000000e+00
1.958220000000000072e+00,-3.100399999999999823e-01,-2.700952743173609116e-01,2.000000000000000000e+00
1.959750000000000103e+00,-3.110399999999999832e-01,-2.700749664207091616e-01,2.000000000000000000e+00
1.959870000000000001e+00,-3.111099999999999977e-01,-2.700529521751702244e-01,2.000000000000000000e+00
1.960080000000000044e+00,-3.115299999999999736e-01,-2.701209095985677711e-01,2.000000000000000000e+00
1.960639999999999938e+00,-3.118699999999999806e-01,-2.705923194009383637e-01,2.000000000000000000e+00
1.960639999999999938e+00,-3.118699999999999806e-01,-2.705923194009383637e-01,2.000000000000000000e+00
1.968199999999999950e+00,-3.131499999999999839e-01,-2.710717319465327790e-01,2.000000000000000000e+00
1.968739999999999934e+00,-3.132400000000000184e-01,-2.711035529782920839e-01,2.000000000000000000e+00
1.960779999999999967e+00,-3.118099999999999761e-01,-2.707113798350261336e-01,2.000000000000000000e+00
1.960469999999999935e+00,-3.119299999999999851e-01,-2.702671034693987506e-01,2.000000000000000000e+00
1.960469999999999935e+00,-3.119299999999999851e-01,-2.702671034693987506e-01,2.000000000000000000e+00
1.958509999999999973e+00,-3.113099999999999756e-01,-2.734052087573985435e-01,2.000000000000000000e+00
1.958509999999999973e+00,-3.113099999999999756e-01,-2.734052087573985435e-01,2.000000000000000000e+00
1.960299999999999931e+00,-3.114600000000000146e-01,-2.704520194639091768e-01,2.000000000000000000e+00
1.960050000000000070e+00,-3.113900000000000001e-01,-2.705916486873184978e-01,2.000000000000000000e+00
1.960050000000000070e+00,-3.113900000000000001e-01,-2.705916486873184978e-01,2.000000000000000000e+00
1.960080000000000044e+00,-3.118299999999999961e-01,-2.706360229973078235e-01,2.000000000000000000e+00
1.960080000000000044e+00,-3.118299999999999961e-01,-2.706360229973078235e-01,2.000000000000000000e+00
1.951980000000000048e+00,-3.104399999999999937e-01,-2.702602020382316450e-01,2.000000000000000000e+00
1.951980000000000048e+00,-3.104399999999999937e-01,-2.702602020382316450e-01,2.000000000000000000e+00
1.959519999999999929e+00,-3.116499999999999826e-01,-2.706750734728283203e-01,2.000000000000000000e+00
1.959519999999999929e+00,-3.116499999999999826e-01,-2.706750734728283203e-01,2.000000000000000000e+00
1.959969999999999990e+00,-3.115800000000000236e-01,-2.705732911083801318e-01,2.000000000000000000e+00
1.959929999999999950e+00,-3.115499999999999936e-01,-2.705510611353600381e-01,2.000000000000000000e+00
1.952530000000000099e+00,-3.102099999999999858e-01,-2.701993175128454272e-01,2.000000000000000000e+00
1.959500000000000020e+00,-3.114500000000000046e-01,-2.705340244699317442e-01,2.000000000000000000e+00
1.960110000000000019e+00,-3.115600000000000036e-01,-2.705635348126181339e-01,2.000000000000000000e+00
1.958800000000000097e+00,-3.113099999999999756e-01,-2.735419402349941742e-01,2.000000000000000000e+00
1.958329999999999904e+00,-3.112300000000000066e-01,-2.737035853862976320e-01,2.000000000000000000e+00
1.959819999999999895e+00,-3.115299999999999736e-01,-2.707595878544949430e-01,2.000000000000000000e+00
1.959819999999999895e+00,-3.115299999999999736e-01,-2.707595878544949430e-01,2.000000000000000000e+00
1.951940000000000008e+00,-3.104100000000000192e-01,-2.702532442989740713e-01,2.000000000000000000e+00
1.951799999999999979e+00,-3.103899999999999992e-01,-2.702407964840562449e-01,2.000000000000000000e+00
5.900000000000000296e-04,-9.000000000000000567e-05,0.000000000000000000e+00,2.000000000000000000e+00
5.900000000000000296e-04,-1.000000000000000048e-04,3.107295859532089536e-05,2.000000000000000000e+00
-8.000000000000000383e-04,1.100000000000000039e-04,-3.757785255036097090e-04,2.000000000000000000e+00
-8.199999999999999824e-04,2.300000000000000070e-04,-2.818537816138309360e-04,2.000000000000000000e+00
-8.199999999999999824e-04,2.300000000000000070e-04,-2.818537816138309360e-04,2.000000000000000000e+00
-5.199999999999999544e-04,1.700000000000000122e-04,-2.012222258447426797e-03,2.000000000000000000e+00
-5.199999999999999544e-04,1.700000000000000122e-04,-2.012222258447426797e-03,2.000000000000000000e+00
4.699999999999999859e-04,-0.000000000000000000e+00,-5.981751218595331501e-04,2.000000000000000000e+00
-5.699999999999999772e-04,6.000000000000000152e-05,-6.651785469379727696e-04,2.000000000000000000e+00
-5.699999999999999772e-04,6.000000000000000152e-05,-6.651785469379727696e-04,2.000000000000000000e+00
4.400000000000000157e-04,-6.000000000000000152e-05,-1.929454754678016628e-03,2.000000000000000000e+00
4.400000000000000157e-04,-6.000000000000000152e-05,-1.929454754678016628e-03,2.000000000000000000e+00
-5.400000000000000069e-04,6.000000000000000152e-05,-4.403526351030535640e-04,2.000000000000000000e+00
-6.199999999999999999e-04,6.000000000000000152e-05,-3.321052068726059250e-04,2.000000000000000000e+00
2.030000000000000120e-03,-2.799999999999999755e-04,1.663541680074046058e-04,2.000000000000000000e+00
3.119999999999999944e-03,3.400000000000000244e-04,-1.534053992837083229e-03,2.000000000000000000e+00
3.119999999999999944e-03,3.400000000000000244e-04,-1.534053992837083229e-03,2.000000000000000000e+00
9.069999999999999937e-03,-1.399999999999999877e-04,-3.351263632506416758e-03,2.000000000000000000e+00
9.069999999999999937e-03,-1.399999999999999877e-04,-3.351263632506416758e-03,2.000000000000000000e+00
1.680999999999999855e-02,-7.600000000000000418e-04,-3.681620568166840864e-03,2.000000000000000000e+00
1.736000000000000043e-02,-8.000000000000000383e-04,-3.696962658880005928e-03,2.000000000000000000e+00
2.497999999999999873e-02,-1.490000000000000005e-03,-1.018340761260130671e-02,2.000000000000000000e+00
2.560000000000000123e-02,-1.549999999999999946e-03,-1.069997252812367877e-02,2.000000000000000000e+00
3.429999999999999716e-02,-2.180000000000000080e-03,-1.187467578910465088e-02,2.000000000000000000e+00
4.467999999999999750e-02,-2.429999999999999868e-03,-1.502716061440499164e-02,2.000000000000000000e+00
4.544000000000000122e-02,-2.439999999999999895e-03,-1.526993546075774283e-02,2.000000000000000000e+00
5.385999999999999815e-02,-2.449999999999999921e-03,-1.771752409216625912e-02,2.000000000000000000e+00
6.607000000000000373e-02,-3.190000000000000127e-03,-1.913197348553954263e-02,2.000000000000000000e+00
6.607000000000000373e-02,-3.190000000000000127e-03,-1.913197348553954263e-02,2.000000000000000000e+00
7.835000000000000298e-02,-3.919999999999999873e-03,-2.270809927264565500e-02,2.000000000000000000e+00
7.835000000000000298e-02,-3.919999999999999873e-03,-2.270809927264565500e-02,2.000000000000000000e+00
9.195000000000000395e-02,-4.689999999999999725e-03,-2.638647188441653815e-02,2.000000000000000000e+00
9.299000000000000321e-02,-4.749999999999999882e-03,-2.666214431610978638e-02,2.000000000000000000e+00
1.041900000000000048e-01,-4.460000000000000422e-03,-2.973725867400850431e-02,2.000000000000000000e+00
1.189599999999999963e-01,-4.669999999999999672e-03,-3.166358904352029741e-02,2.000000000000000000e+00
1.189599999999999963e-01,-4.669999999999999672e-03,-3.166358904352029741e-02,2.000000000000000000e+00
1.376699999999999868e-01,-6.239999999999999887e-03,-3.189465321107948920e-02,2.000000000000000000e+00
1.391799999999999982e-01,-6.369999999999999794e-03,-3.190506544177815207e-02,2.000000000000000000e+00
1.292500000000000038e-01,1.800000000000000113e-04,-5.699455384043514150e-02,2.000000000000000000e+00
1.667299999999999893e-01,-3.059999999999999786e-03,-4.301320142814045455e-02,2.000000000000000000e+00
1.667299999999999893e-01,-3.059999999999999786e-03,-4.301320142814045455e-02,2.000000000000000000e+00
1.860600000000000032e-01,-7.420000000000000380e-03,-4.349399595798272150e-02,2.000000000000000000e+00
1.871400000000000008e-01,-7.490000000000000130e-03,-4.380424829407512932e-02,2.000000000000000000e+00
2.032400000000000040e-01,-8.500000000000000611e-03,-4.589986695799696398e-02,2.000000000000000000e+00
2.182699999999999918e-01,-9.740000000000000394e-03,-4.361429824494824498e-02,2.000000000000000000e+00
2.182699999999999918e-01,-9.740000000000000394e-03,-4.361429824494824498e-02,2.000000000000000000e+00
2.327799999999999869e-01,-1.108999999999999916e-02,-4.440117637155301805e-02,2.000000000000000000e+00
2.327799999999999869e-01,-1.108999999999999916e-02,-4.440117637155301805e-02,2.000000000000000000e+00
2.489300000000000124e-01,-1.238999999999999997e-02,-4.984601268044160788e-02,2.000000000000000000e+00
2.649000000000000243e-01,-1.358000000000000006e-02,-5.184164964429304606e-02,2.000000000000000000e+00
2.649000000000000243e-01,-1.358000000000000006e-02,-5.184164964429304606e-02,2.000000000000000000e+00
2.796199999999999797e-01,-1.434999999999999991e-02,-5.442818075939957062e-02,2.000000000000000000e+00
2.796199999999999797e-01,-1.434999999999999991e-02,-5.442818075939957062e-02,2.000000000000000000e+00
2.977099999999999747e-01,-1.557000000000000051e-02,-6.049016658112222472e-02,2.000000000000000000e+00
3.124000000000000110e-01,-1.733000000000000165e-02,-6.227793895085759895e-02,2.000000000000000000e+00
3.124000000000000110e-01,-1.733000000000000165e-02,-6.227793895085759895e-02,2.000000000000000000e+00
3.291200000000000236e-01,-1.858999999999999889e-02,-6.761730868594684196e-02,2.000000000000000000e+00
3.291200000000000236e-01,-1.858999999999999889e-02,-6.761730868594684196e-02,2.000000000000000000e+00
3.441000000000000170e-01,-1.929000000000000159e-02,-7.214274579384367947e-02,2.000000000000000000e+00
3.452999999999999958e-01,-1.934999999999999915e-02,-7.250297562108001803e-02,2.000000000000000000e+00
3.612199999999999855e-01,-2.036999999999999922e-02,-7.332383690798249809e-02,2.000000000000000000e+00
3.765700000000000158e-01,-2.179999999999999993e-02,-7.459301422479444610e-02,2.000000000000000000e+00
3.765700000000000158e-01,-2.179999999999999993e-02,-7.459301422479444610e-02,2.000000000000000000e+00
3.957399999999999807e-01,-2.400000000000000050e-02,-7.906178715155716408e-02,2.000000000000000000e+00
3.972399999999999820e-01,-2.418000000000000010e-02,-7.942143792018656334e-02,2.000000000000000000e+00
4.051199999999999801e-01,-2.478999999999999954e-02,-7.869539217384714791e-02,2.000000000000000000e+00
4.241800000000000015e-01,-2.650999999999999884e-02,-7.736638994278267900e-02,2.000000000000000000e+00
4.241800000000000015e-01,-2.650999999999999884e-02,-7.736638994278267900e-02,2.000000000000000000e+00
4.400899999999999812e-01,-2.802999999999999936e-02,-7.639917271342955285e-02,2.000000000000000000e+00
4.413799999999999946e-01,-2.816000000000000100e-02,-7.632159485193608373e-02,2.000000000000000000e+00
4.532499999999999862e-01,-2.989999999999999949e-02,-7.760702598650945361e-02,2.000000000000000000e+00
4.685000000000000275e-01,-3.133999999999999980e-02,-8.384483734158225399e-02,2.000000000000000000e+00
4.685000000000000275e-01,-3.133999999999999980e-02,-8.384483734158225399e-02,2.000000000000000000e+00
4.859700000000000131e-01,-3.339000000000000301e-02,-8.517777479061014456e-02,2.000000000000000000e+00
4.876199999999999979e-01,-3.357999999999999874e-02,-8.526260601615520685e-02,2.000000000000000000e+00
4.996399999999999730e-01,-3.477999999999999842e-02,-9.043648196618311874e-02,2.000000000000000000e+00
4.996399999999999730e-01,-3.477999999999999842e-02,-9.043648196618311874e-02,2.000000000000000000e+00
5.174900000000000055e-01,-3.645000000000000323e-02,-9.544873088064194377e-02,2.000000000000000000e+00
5.358600000000000030e-01,-3.864000000000000073e-02,-9.665836731021551498e-02,2.000000000000000000e+00
5.374400000000000288e-01,-3.883000000000000340e-02,-9.673616324394199162e-02,2.000000000000000000e+00
5.495200000000000085e-01,-4.005999999999999839e-02,-9.934385871523419842e-02,2.000000000000000000e+00
5.678600000000000314e-01,-4.198000000000000342e-02,-1.042897964673924482e-01,2.000000000000000000e+00
5.678600000000000314e-01,-4.198000000000000342e-02,-1.042897964673924482e-01,2.000000000000000000e+00
5.819900000000000073e-01,-4.309999999999999942e-02,-1.033875834992809689e-01,2.000000000000000000e+00
5.829699999999999882e-01,-4.317000000000000004e-02,-1.032822942166893437e-01,2.000000000000000000e+00
5.981899999999999995e-01,-4.483000000000000179e-02,-1.043521336434410363e-01,2.000000000000000000e+00
5.994699999999999473e-01,-4.497000000000000303e-02,-1.044424306468950403e-01,2.000000000000000000e+00
6.117799999999999905e-01,-4.667000000000000315e-02,-1.072774692710488781e-01,2.000000000000000000e+00
6.280499999999999972e-01,-4.875000000000000167e-02,-1.063681668727506496e-01,2.000000000000000000e+00
6.294899999999999940e-01,-4.893000000000000127e-02,-1.062647337244591039e-01,2.000000000000000000e+00
6.448899999999999633e-01,-5.068000000000000282e-02,-1.095261625020001878e-01,2.000000000000000000e+00
6.646900000000000031e-01,-5.335999999999999771e-02,-1.069735031498036115e-01,2.000000000000000000e+00
6.646900000000000031e-01,-5.335999999999999771e-02,-1.069735031498036115e-01,2.000000000000000000e+00
6.787900000000000045e-01,-5.550999999999999684e-02,-1.076837101931619606e-01,2.000000000000000000e+00
6.799899999999999833e-01,-5.569000000000000339e-02,-1.077744880667250021e-01,2.000000000000000000e+00
6.925000000000000044e-01,-5.741000000000000270e-02,-1.104060616027542352e-01,2.000000000000000000e+00
6.936299999999999688e-01,-5.757000000000000312e-02,-1.106443500442403222e-01,2.000000000000000000e+00
7.092000000000000526e-01,-5.969000000000000000e-02,-1.160699283270025528e-01,2.000000000000000000e+00
7.232199999999999740e-01,-6.144000000000000156e-02,-1.197016861077563887e-01,2.000000000000000000e+00
7.232199999999999740e-01,-6.144000000000000156e-02,-1.197016861077563887e-01,2.000000000000000000e+00
7.431600000000000428e-01,-6.424000000000000543e-02,-1.211606373156901145e-01,2.000000000000000000e+00
7.583800000000000541e-01,-6.640000000000000069e-02,-1.221865222918496474e-01,2.000000000000000000e+00
7.583800000000000541e-01,-6.640000000000000069e-02,-1.221865222918496474e-01,2.000000000000000000e+00
7.720500000000000140e-01,-6.823999999999999511e-02,-1.256702230306297463e-01,2.000000000000000000e+00
7.720500000000000140e-01,-6.823999999999999511e-02,-1.256702230306297463e-01,2.000000000000000000e+00
7.892900000000000471e-01,-7.019999999999999851e-02,-1.265019110129242119e-01,2.000000000000000000e+00
7.892900000000000471e-01,-7.019999999999999851e-02,-1.265019110129242119e-01,2.000000000000000000e+00
8.041599999999999859e-01,-7.195999999999999619e-02,-1.296847617547536580e-01,2.000000000000000000e+00
8.041599999999999859e-01,-7.195999999999999619e-02,-1.296847617547536580e-01,2.000000000000000000e+00
8.279100000000000348e-01,-7.745000000000000495e-02,-1.339704694011032982e-01,2.000000000000000000e+00
8.302500000000000435e-01,-7.800999999999999601e-02,-1.343843415268273223e-01,2.000000000000000000e+00
8.437900000000000400e-01,-8.004999999999999616e-02,-1.359198401243576770e-01,2.000000000000000000e+00
8.586300000000000043e-01,-8.236000000000000265e-02,-1.370473539588587530e-01,2.000000000000000000e+00
8.586300000000000043e-01,-8.236000000000000265e-02,-1.370473539588587530e-01,2.000000000000000000e+00
8.771499999999999853e-01,-8.513999999999999346e-02,-1.363710537832391045e-01,2.000000000000000000e+00
8.771499999999999853e-01,-8.513999999999999346e-02,-1.363710537832391045e-01,2.000000000000000000e+00
8.920500000000000096e-01,-8.799999999999999489e-02,-1.373304533001587779e-01,2.000000000000000000e+00
9.104499999999999815e-01,-9.107999999999999430e-02,-1.407707004947601759e-01,2.000000000000000000e+00
9.104499999999999815e-01,-9.107999999999999430e-02,-1.407707004947601759e-01,2.000000000000000000e+00
9.258399999999999963e-01,-9.365999999999999326e-02,-1.425592531652667139e-01,2.000000000000000000e+00
9.258399999999999963e-01,-9.365999999999999326e-02,-1.425592531652667139e-01,2.000000000000000000e+00
9.404299999999999882e-01,-9.608999999999999486e-02,-1.458012783267355339e-01,2.000000000000000000e+00
9.594599999999999795e-01,-9.914000000000000590e-02,-1.478086013807315691e-01,2.000000000000000000e+00
9.594599999999999795e-01,-9.914000000000000590e-02,-1.478086013807315691e-01,2.000000000000000000e+00
9.748400000000000398e-01,-1.016500000000000042e-01,-1.483495563859965893e-01,2.000000000000000000e+00
9.748400000000000398e-01,-1.016500000000000042e-01,-1.483495563859965893e-01,2.000000000000000000e+00
9.760100000000000442e-01,-1.018400000000000000e-01,-1.483854206282595178e-01,2.000000000000000000e+00
1.008599999999999941e+00,-1.067599999999999938e-01,-1.580076315278151067e-01,2.000000000000000000e+00
1.008599999999999941e+00,-1.067599999999999938e-01,-1.580076315278151067e-01,2.000000000000000000e+00
1.010029999999999983e+00,-1.069800000000000056e-01,-1.584479991815191391e-01,2.000000000000000000e+00
1.020329999999999959e+00,-1.086899999999999950e-01,-1.594459334513285698e-01,2.000000000000000000e+00
1.035169999999999924e+00,-1.117100000000000037e-01,-1.629594223407499487e-01,2.000000000000000000e+00
1.036289999999999933e+00,-1.119499999999999940e-01,-1.632336081902834024e-01,2.000000000000000000e+00
1.050610000000000044e+00,-1.145700000000000052e-01,-1.649587116088256367e-01,2.000000000000000000e+00
1.050610000000000044e+00,-1.145700000000000052e-01,-1.649587116088256367e-01,2.000000000000000000e+00
1.050610000000000044e+00,-1.145700000000000052e-01,-1.649587116088256367e-01,2.000000000000000000e+00
1.050610000000000044e+00,-1.145700000000000052e-01,-1.649587116088256367e-01,2.000000000000000000e+00
1.050610000000000044e+00,-1.145700000000000052e-01,-1.649587116088256367e-01,2.000000000000000000e+00
1.050610000000000044e+00,-1.145700000000000052e-01,-1.649587116088256367e-01,2.000000000000000000e+00
1.050610000000000044e+00,-1.145700000000000052e-01,-1.649587116088256367e-01,2.000000000000000000e+00
1.052030000000000021e+00,-1.148300000000000015e-01,-1.651290596936787203e-01,2.000000000000000000e+00
1.134929999999999994e+00,-1.308400000000000118e-01,-1.718125662429691169e-01,2.000000000000000000e+00
1.150959999999999983e+00,-1.340600000000000125e-01,-1.735184813009493510e-01,2.000000000000000000e+00
1.150959999999999983e+00,-1.340600000000000125e-01,-1.735184813009493510e-01,2.000000000000000000e+00
1.152349999999999985e+00,-1.343399999999999872e-01,-1.736517301597279017e-01,2.000000000000000000e+00
1.168549999999999978e+00,-1.371199999999999919e-01,-1.749550717634678065e-01,2.000000000000000000e+00
1.183810000000000029e+00,-1.404600000000000015e-01,-1.761609554306267089e-01,2.000000000000000000e+00
1.199670000000000014e+00,-1.433399999999999952e-01,-1.794790428649673530e-01,2.000000000000000000e+00
1.199670000000000014e+00,-1.433399999999999952e-01,-1.794790428649673530e-01,2.000000000000000000e+00
1.220970000000000111e+00,-1.470799999999999885e-01,-1.817492675851083428e-01,2.000000000000000000e+00
1.222529999999999895e+00,-1.473599999999999910e-01,-1.819045049137487380e-01,2.000000000000000000e+00
1.232869999999999910e+00,-1.492499999999999938e-01,-1.851987218306014316e-01,2.000000000000000000e+00
1.254029999999999978e+00,-1.529899999999999871e-01,-1.868467375704755962e-01,2.000000000000000000e+00
1.254029999999999978e+00,-1.529899999999999871e-01,-1.868467375704755962e-01,2.000000000000000000e+00
1.266089999999999938e+00,-1.560900000000000065e-01,-1.909891178583081051e-01,2.000000000000000000e+00
1.266089999999999938e+00,-1.560900000000000065e-01,-1.909891178583081051e-01,2.000000000000000000e+00
1.287300000000000111e+00,-1.602099999999999913e-01,-1.924611611912152298e-01,2.000000000000000000e+00
1.289029999999999898e+00,-1.605399999999999883e-01,-1.925634761731424838e-01,2.000000000000000000e+00
1.299190000000000067e+00,-1.628100000000000103e-01,-1.964101626861937955e-01,2.000000000000000000e+00
1.300149999999999917e+00,-1.630300000000000082e-01,-1.967735066946033895e-01,2.000000000000000000e+00
1.323329999999999895e+00,-1.658399999999999874e-01,-1.932351249207891475e-01,2.000000000000000000e+00
1.336279999999999912e+00,-1.690899999999999903e-01,-1.944537220344401407e-01,2.000000000000000000e+00
1.336279999999999912e+00,-1.690899999999999903e-01,-1.944537220344401407e-01,2.000000000000000000e+00
1.347040000000000015e+00,-1.722200000000000120e-01,-1.980269399649800532e-01,2.000000000000000000e+00
1.347779999999999978e+00,-1.724299999999999999e-01,-1.982855150761891339e-01,2.000000000000000000e+00
1.363799999999999901e+00,-1.758099999999999941e-01,-1.999604372513559825e-01,2.000000000000000000e+00
1.387100000000000000e+00,-1.803299999999999903e-01,-2.016696469738558095e-01,2.000000000000000000e+00
1.387100000000000000e+00,-1.803299999999999903e-01,-2.016696469738558095e-01,2.000000000000000000e+00
1.404349999999999987e+00,-1.840700000000000114e-01,-2.056057471165837203e-01,2.000000000000000000e+00
1.404349999999999987e+00,-1.840700000000000114e-01,-2.056057471165837203e-01,2.000000000000000000e+00
1.410910000000000108e+00,-1.863599999999999979e-01,-2.074245137376887205e-01,2.000000000000000000e+00
1.428199999999999914e+00,-1.902099999999999902e-01,-2.085676318339751423e-01,2.000000000000000000e+00
1.428199999999999914e+00,-1.902099999999999902e-01,-2.085676318339751423e-01,2.000000000000000000e+00
1.446229999999999905e+00,-1.941299999999999970e-01,-2.097400216751423296e-01,2.000000000000000000e+00
1.446229999999999905e+00,-1.941299999999999970e-01,-2.097400216751423296e-01,2.000000000000000000e+00
1.457750000000000101e+00,-1.964200000000000113e-01,-2.137014207834811164e-01,2.000000000000000000e+00
1.457750000000000101e+00,-1.964200000000000113e-01,-2.137014207834811164e-01,2.000000000000000000e+00
1.480990000000000029e+00,-2.011100000000000110e-01,-2.154285835814994110e-01,2.000000000000000000e+00
1.482949999999999990e+00,-2.015099999999999947e-01,-2.155485254399436279e-01,2.000000000000000000e+00
1.493109999999999937e+00,-2.045899999999999941e-01,-2.194531723567652304e-01,2.000000000000000000e+00
1.510990000000000055e+00,-2.088099999999999956e-01,-2.209925562745575500e-01,2.000000000000000000e+00
1.510990000000000055e+00,-2.088099999999999956e-01,-2.209925562745575500e-01,2.000000000000000000e+00
1.529940000000000078e+00,-2.129900000000000126e-01,-2.229431273574307149e-01,2.000000000000000000e+00
1.531199999999999894e+00,-2.132699999999999874e-01,-2.230763083395301549e-01,2.000000000000000000e+00
1.543400000000000105e+00,-2.164200000000000013e-01,-2.217960787420567570e-01,2.000000000000000000e+00
1.561339999999999950e+00,-2.210000000000000020e-01,-2.225920904191968086e-01,2.000000000000000000e+00
1.561339999999999950e+00,-2.210000000000000020e-01,-2.225920904191968086e-01,2.000000000000000000e+00
1.568019999999999969e+00,-2.239800000000000124e-01,-2.238922593175779741e-01,2.000000000000000000e+00
1.568019999999999969e+00,-2.239800000000000124e-01,-2.238922593175779741e-01,2.000000000000000000e+00
1.584810000000000052e+00,-2.284200000000000119e-01,-2.282836002270213216e-01,2.000000000000000000e+00
1.584810000000000052e+00,-2.284200000000000119e-01,-2.282836002270213216e-01,2.000000000000000000e+00
1.586240000000000094e+00,-2.287899999999999934e-01,-2.286571048463947042e-01,2.000000000000000000e+00
1.623259999999999925e+00,-2.374100000000000099e-01,-2.322982331606788520e-01,2.000000000000000000e+00
1.623259999999999925e+00,-2.374100000000000099e-01,-2.322982331606788520e-01,2.000000000000000000e+00
1.648349999999999982e+00,-2.458100000000000007e-01,-2.349493511976152860e-01,2.000000000000000000e+00
1.662150000000000016e+00,-2.497199999999999975e-01,-2.365726517663782891e-01,2.000000000000000000e+00
1.662150000000000016e+00,-2.497199999999999975e-01,-2.365726517663782891e-01,2.000000000000000000e+00
1.680679999999999952e+00,-2.540499999999999980e-01,-2.410764718584618993e-01,2.000000000000000000e+00
1.680679999999999952e+00,-2.540499999999999980e-01,-2.410764718584618993e-01,2.000000000000000000e+00
1.699449999999999905e+00,-2.587499999999999800e-01,-2.450554663496401497e-01,2.000000000000000000e+00
1.699449999999999905e+00,-2.587499999999999800e-01,-2.450554663496401497e-01,2.000000000000000000e+00
1.714679999999999982e+00,-2.630600000000000160e-01,-2.421318528536555159e-01,2.000000000000000000e+00
1.732580000000000009e+00,-2.676899999999999835e-01,-2.484280328207787991e-01,2.000000000000000000e+00
1.732580000000000009e+00,-2.676899999999999835e-01,-2.484280328207787991e-01,2.000000000000000000e+00
1.747880000000000100e+00,-2.718400000000000261e-01,-2.447805554001589168e-01,2.000000000000000000e+00
1.747880000000000100e+00,-2.718400000000000261e-01,-2.447805554001589168e-01,2.000000000000000000e+00
1.766319999999999890e+00,-2.751399999999999957e-01,-2.458766440076894655e-01,2.000000000000000000e+00
1.766319999999999890e+00,-2.751399999999999957e-01,-2.458766440076894655e-01,2.000000000000000000e+00
1.786389999999999922e+00,-2.805000000000000271e-01,-2.475367452694342829e-01,2.000000000000000000e+00
1.792219999999999924e+00,-2.838399999999999812e-01,-2.492546348508727083e-01,2.000000000000000000e+00
1.792219999999999924e+00,-2.838399999999999812e-01,-2.492546348508727083e-01,2.000000000000000000e+00
1.811579999999999968e+00,-2.886900000000000022e-01,-2.507887812354979151e-01,2.000000000000000000e+00
1.811579999999999968e+00,-2.886900000000000022e-01,-2.507887812354979151e-01,2.000000000000000000e+00
1.823760000000000048e+00,-2.929899999999999727e-01,-2.552768167886059203e-01,2.000000000000000000e+00
1.823760000000000048e+00,-2.929899999999999727e-01,-2.552768167886059203e-01,2.000000000000000000e+00
1.841939999999999911e+00,-2.977400000000000047e-01,-2.625356071707184991e-01,2.000000000000000000e+00
1.843569999999999931e+00,-2.981699999999999906e-01,-2.631781264479726157e-01,2.000000000000000000e+00
1.862759999999999971e+00,-3.032299999999999995e-01,-2.655045492784716687e-01,2.000000000000000000e+00
1.876740000000000075e+00,-3.073400000000000021e-01,-2.659435512165421178e-01,2.000000000000000000e+00
1.876740000000000075e+00,-3.073400000000000021e-01,-2.659435512165421178e-01,2.000000000000000000e+00
1.888800000000000034e+00,-3.113600000000000256e-01,-2.707477185090232386e-01,2.000000000000000000e+00
1.888800000000000034e+00,-3.113600000000000256e-01,-2.707477185090232386e-01,2.000000000000000000e+00
1.902509999999999923e+00,-3.151200000000000112e-01,-2.718738333788421335e-01,2.000000000000000000e+00
1.903319999999999901e+00,-3.153400000000000092e-01,-2.719197454260707802e-01,2.000000000000000000e+00
1.922940000000000094e+00,-3.204699999999999771e-01,-2.738173903476730509e-01,2.000000000000000000e+00
1.924760000000000026e+00,-3.209400000000000031e-01,-2.739932412531274064e-01,2.000000000000000000e+00
1.942320000000000046e+00,-3.283800000000000052e-01,-2.793790842403956476e-01,2.000000000000000000e+00
1.947650000000000103e+00,-3.303499999999999770e-01,-2.803876281035445617e-01,2.000000000000000000e+00
1.947650000000000103e+00,-3.303499999999999770e-01,-2.803876281035445617e-01,2.000000000000000000e+00
1.957319999999999949e+00,-3.335899999999999976e-01,-2.844225998061322702e-01,2.000000000000000000e+00
1.957319999999999949e+00,-3.335899999999999976e-01,-2.844225998061322702e-01,2.000000000000000000e+00
1.968790000000000040e+00,-3.369900000000000118e-01,-2.859125071659529560e-01,2.000000000000000000e+00
1.981689999999999952e+00,-3.404400000000000204e-01,-2.837758081466664750e-01,2.000000000000000000e+00
1.981689999999999952e+00,-3.404400000000000204e-01,-2.837758081466664750e-01,2.000000000000000000e+00
1.984820000000000029e+00,-3.412399999999999878e-01,-2.839116891642526896e-01,2.000000000000000000e+00
1.984820000000000029e+00,-3.412399999999999878e-01,-2.839116891642526896e-01,2.000000000000000000e+00
1.996129999999999960e+00,-3.438200000000000145e-01,-2.824380703474789200e-01,2.000000000000000000e+00
1.996129999999999960e+00,-3.438200000000000145e-01,-2.824380703474789200e-01,2.000000000000000000e+00
1.998250000000000082e+00,-3.449900000000000189e-01,-2.853907259293049781e-01,2.000000000000000000e+00
1.998250000000000082e+00,-3.459300000000000153e-01,-2.858115428069177844e-01,2.000000000000000000e+00
1.998250000000000082e+00,-3.459300000000000153e-01,-2.858115428069177844e-01,2.000000000000000000e+00
2.003289999999999793e+00,-3.466899999999999982e-01,-2.795866049739997306e-01,2.000000000000000000e+00
2.003289999999999793e+00,-3.466899999999999982e-01,-2.795866049739997306e-01,2.000000000000000000e+00
2.009990000000000165e+00,-3.479599999999999915e-01,-2.823525392248663057e-01,2.000000000000000000e+00
2.002600000000000158e+00,-3.467299999999999827e-01,-2.823133479282762259e-01,2.000000000000000000e+00
2.002600000000000158e+00,-3.467299999999999827e-01,-2.823133479282762259e-01,2.000000000000000000e+00
2.001749999999999918e+00,-3.466199999999999837e-01,-2.826936462730261779e-01,2.000000000000000000e+00
2.001749999999999918e+00,-3.466199999999999837e-01,-2.826936462730261779e-01,2.000000000000000000e+00
2.001650000000000151e+00,-3.467999999999999972e-01,-2.826834162220680513e-01,2.000000000000000000e+00
1.993849999999999900e+00,-3.455799999999999983e-01,-2.819989655798675332e-01,2.000000000000000000e+00
1.993849999999999900e+00,-3.455799999999999983e-01,-2.819989655798675332e-01,2.000000000000000000e+00
2.001209999999999933e+00,-3.464900000000000202e-01,-2.825717533806276771e-01,2.000000000000000000e+00
2.001209999999999933e+00,-3.464900000000000202e-01,-2.825717533806276771e-01,2.000000000000000000e+00
2.001609999999999889e+00,-3.463499999999999912e-01,-2.826612274652900436e-01,2.000000000000000000e+00
2.008179999999999854e+00,-3.477500000000000036e-01,-2.859232066778508163e-01,2.000000000000000000e+00
2.008179999999999854e+00,-3.477500000000000036e-01,-2.859232066778508163e-01,2.000000000000000000e+00
2.002270000000000216e+00,-3.469099999999999961e-01,-2.829903640265235554e-01,2.000000000000000000e+00
2.002270000000000216e+00,-3.469099999999999961e-01,-2.829903640265235554e-01,2.000000000000000000e+00
2.002029999999999976e+00,-3.467100000000000182e-01,-2.823471963282994657e-01,2.000000000000000000e+00
2.002060000000000173e+00,-3.467000000000000082e-01,-2.823209319085755453e-01,2.000000000000000000e+00
2.001599999999999824e+00,-3.463600000000000012e-01,-2.822397510047575664e-01,2.000000000000000000e+00
2.000129999999999963e+00,-3.461600000000000232e-01,-2.850994824752258738e-01,2.000000000000000000e+00
2.000129999999999963e+00,-3.461600000000000232e-01,-2.850994824752258738e-01,2.000000000000000000e+00
2.001450000000000173e+00,-3.466099999999999737e-01,-2.829207199152853347e-01,2.000000000000000000e+00
2.001450000000000173e+00,-3.466099999999999737e-01,-2.829207199152853347e-01,2.000000000000000000e+00
1.999749999999999917e+00,-3.464099999999999957e-01,-2.852054457526511100e-01,2.000000000000000000e+00
2.001409999999999911e+00,-3.466199999999999837e-01,-2.829365054844877880e-01,2.000000000000000000e+00
2.001409999999999911e+00,-3.466199999999999837e-01,-2.829365054844877880e-01,2.000000000000000000e+00
2.000100000000000211e+00,-3.461799999999999877e-01,-2.851892894174367643e-01,2.000000000000000000e+00
1.999989999999999934e+00,-3.461400000000000032e-01,-2.853677457763637015e-01,2.000000000000000000e+00
2.599999999999999772e-04,-3.000000000000000076e-05,0.000000000000000000e+00,2.000000000000000000e+00
-9.600000000000000243e-04,6.999999999999999387e-05,-2.857036723700306902e-04,2.000000000000000000e+00
1.800000000000000113e-04,-1.000000000000000048e-04,-1.935057684969275103e-04,2.000000000000000000e+00
1.800000000000000113e-04,-1.000000000000000048e-04,-1.935057684969275103e-04,2.000000000000000000e+00
1.399999999999999877e-04,-3.000000000000000076e-05,3.001792008867886765e-04,2.000000000000000000e+00
1.200000000000000030e-04,-2.000000000000000164e-05,3.450446920257678246e-04,2.000000000000000000e+00
-8.499999999999999526e-04,2.300000000000000070e-04,-1.844524535992232207e-04,2.000000000000000000e+00
-8.000000000000000654e-05,4.000000000000000327e-05,2.401276451682916478e-04,2.000000000000000000e+00
-8.000000000000000654e-05,4.000000000000000327e-05,2.401276451682916478e-04,2.000000000000000000e+00
-3.000000000000000076e-05,1.000000000000000082e-05,-2.617147924120592772e-05,2.000000000000000000e+00
-3.000000000000000076e-05,1.000000000000000082e-05,-2.617147924120592772e-05,2.000000000000000000e+00
-1.080000000000000014e-03,1.100000000000000039e-04,-3.404151752651415376e-04,2.000000000000000000e+00
-1.080000000000000014e-03,1.100000000000000039e-04,-3.404151752651415376e-04,2.000000000000000000e+00
-9.399999999999999719e-04,4.000000000000000327e-05,1.642634591647395160e-03,2.000000000000000000e+00
-9.100000000000000016e-04,3.000000000000000076e-05,1.837636377103043367e-03,2.000000000000000000e+00
2.969999999999999984e-03,1.600000000000000131e-04,3.299894087895982424e-03,2.000000000000000000e+00
3.389999999999999784e-03,1.700000000000000122e-04,3.461473237837010136e-03,2.000000000000000000e+00
3.389999999999999784e-03,1.700000000000000122e-04,3.461473237837010136e-03,2.000000000000000000e+00
1.197999999999999933e-02,-2.000000000000000164e-05,4.631378244258828889e-04,2.000000000000000000e+00
1.197999999999999933e-02,-2.000000000000000164e-05,4.631378244258828889e-04,2.000000000000000000e+00
2.101000000000000090e-02,-1.600000000000000131e-04,-2.465362482985472385e-03,2.000000000000000000e+00
2.101000000000000090e-02,-1.600000000000000131e-04,-2.465362482985472385e-03,2.000000000000000000e+00
2.925000000000000169e-02,-3.800000000000000209e-04,-2.737202932205281061e-03,2.000000000000000000e+00
3.951999999999999957e-02,-7.900000000000000121e-04,-7.917986731384824353e-03,2.000000000000000000e+00
3.951999999999999957e-02,-7.900000000000000121e-04,-7.917986731384824353e-03,2.000000000000000000e+00
5.709000000000000186e-02,-2.469999999999999973e-03,-9.523137826725824179e-03,2.000000000000000000e+00
5.709000000000000186e-02,-2.469999999999999973e-03,-9.523137826725824179e-03,2.000000000000000000e+00
6.776000000000000079e-02,-2.710000000000000169e-03,-1.183582999611856867e-02,2.000000000000000000e+00
7.953000000000000347e-02,-3.040000000000000167e-03,-1.248824470050120816e-02,2.000000000000000000e+00
7.953000000000000347e-02,-3.040000000000000167e-03,-1.248824470050120816e-02,2.000000000000000000e+00
9.421000000000000207e-02,-4.000000000000000083e-03,-1.601717000010342146e-02,2.000000000000000000e+00
9.421000000000000207e-02,-4.000000000000000083e-03,-1.601717000010342146e-02,2.000000000000000000e+00
1.057499999999999968e-01,-4.420000000000000318e-03,-2.025120405640722099e-02,2.000000000000000000e+00
1.217000000000000026e-01,-4.910000000000000302e-03,-2.585127172916715926e-02,2.000000000000000000e+00
1.217000000000000026e-01,-4.910000000000000302e-03,-2.585127172916715926e-02,2.000000000000000000e+00
1.367200000000000082e-01,-5.380000000000000233e-03,-2.654155213863785071e-02,2.000000000000000000e+00
1.367200000000000082e-01,-5.380000000000000233e-03,-2.654155213863785071e-02,2.000000000000000000e+00
1.516000000000000125e-01,-5.720000000000000258e-03,-2.694423831340063413e-02,2.000000000000000000e+00
1.528100000000000014e-01,-5.740000000000000310e-03,-2.697836144358464402e-02,2.000000000000000000e+00
1.652899999999999925e-01,-6.130000000000000032e-03,-2.890673288810469144e-02,2.000000000000000000e+00
1.807600000000000040e-01,-6.989999999999999686e-03,-3.415547236235413203e-02,2.000000000000000000e+00
1.807600000000000040e-01,-6.989999999999999686e-03,-3.415547236235413203e-02,2.000000000000000000e+00
1.819300000000000084e-01,-7.060000000000000303e-03,-3.456765679786473477e-02,2.000000000000000000e+00
1.978100000000000136e-01,-8.170000000000000179e-03,-3.633411643867586610e-02,2.000000000000000000e+00
1.995000000000000107e-01,-8.300000000000000086e-03,-3.651540188462485542e-02,2.000000000000000000e+00
2.217399999999999927e-01,-8.040000000000000271e-03,-3.483262202410663394e-02,2.000000000000000000e+00
2.347899999999999987e-01,-8.959999999999999215e-03,-3.441362792772788975e-02,2.000000000000000000e+00
2.540999999999999925e-01,-1.055000000000000035e-02,-4.025581690172311961e-02,2.000000000000000000e+00
2.540999999999999925e-01,-1.055000000000000035e-02,-4.025581690172311961e-02,2.000000000000000000e+00
2.667700000000000071e-01,-1.128999999999999969e-02,-4.459468503741095130e-02,2.000000000000000000e+00
2.667700000000000071e-01,-1.128999999999999969e-02,-4.459468503741095130e-02,2.000000000000000000e+00
2.831199999999999828e-01,-1.234000000000000027e-02,-4.753020592793241739e-02,2.000000000000000000e+00
2.843700000000000117e-01,-1.242000000000000048e-02,-4.773854706100739281e-02,2.000000000000000000e+00
2.998999999999999999e-01,-1.328000000000000014e-02,-5.368902187213727556e-02,2.000000000000000000e+00
3.163000000000000256e-01,-1.464000000000000024e-02,-5.351850853867838598e-02,2.000000000000000000e+00
3.163000000000000256e-01,-1.464000000000000024e-02,-5.351850853867838598e-02,2.000000000000000000e+00
3.312599999999999989e-01,-1.600999999999999993e-02,-5.935015501223214057e-02,2.000000000000000000e+00
3.322399999999999798e-01,-1.610999999999999932e-02,-5.977644920374443338e-02,2.000000000000000000e+00
3.474400000000000266e-01,-1.728999999999999981e-02,-6.674232288558498705e-02,2.000000000000000000e+00
3.489599999999999924e-01,-1.743000000000000105e-02,-6.743900765563753952e-02,2.000000000000000000e+00
3.607000000000000206e-01,-1.796000000000000027e-02,-7.159815777049063912e-02,2.000000000000000000e+00
3.780399999999999872e-01,-1.919999999999999832e-02,-6.784651530436354439e-02,2.000000000000000000e+00
3.780399999999999872e-01,-1.919999999999999832e-02,-6.784651530436354439e-02,2.000000000000000000e+00
3.973499999999999810e-01,-2.060999999999999985e-02,-7.001982519324460863e-02,2.000000000000000000e+00
3.973499999999999810e-01,-2.060999999999999985e-02,-7.001982519324460863e-02,2.000000000000000000e+00
4.108700000000000130e-01,-2.207999999999999893e-02,-7.171382847322083087e-02,2.000000000000000000e+00
4.264100000000000112e-01,-2.351999999999999924e-02,-7.079277996454606814e-02,2.000000000000000000e+00
4.264100000000000112e-01,-2.351999999999999924e-02,-7.079277996454606814e-02,2.000000000000000000e+00
4.457499999999999796e-01,-2.555999999999999939e-02,-7.199726710390021156e-02,2.000000000000000000e+00
4.457499999999999796e-01,-2.555999999999999939e-02,-7.199726710390021156e-02,2.000000000000000000e+00
4.593300000000000161e-01,-2.718999999999999889e-02,-7.112456831181579453e-02,2.000000000000000000e+00
4.741799999999999904e-01,-2.869999999999999982e-02,-7.783486914426156200e-02,2.000000000000000000e+00
4.741799999999999904e-01,-2.869999999999999982e-02,-7.783486914426156200e-02,2.000000000000000000e+00
4.896300000000000097e-01,-3.032999999999999932e-02,-8.121827278611332135e-02,2.000000000000000000e+00
4.896300000000000097e-01,-3.032999999999999932e-02,-8.121827278611332135e-02,2.000000000000000000e+00
5.054300000000000459e-01,-3.198999999999999760e-02,-8.451489172937751149e-02,2.000000000000000000e+00
5.054300000000000459e-01,-3.198999999999999760e-02,-8.451489172937751149e-02,2.000000000000000000e+00
5.212599999999999456e-01,-3.323999999999999871e-02,-8.784333316841476391e-02,2.000000000000000000e+00
5.443400000000000460e-01,-3.769000000000000128e-02,-9.374726294923399483e-02,2.000000000000000000e+00
5.443400000000000460e-01,-3.769000000000000128e-02,-9.374726294923399483e-02,2.000000000000000000e+00
5.603799999999999892e-01,-3.964999999999999775e-02,-9.899536015762236407e-02,2.000000000000000000e+00
5.603799999999999892e-01,-3.964999999999999775e-02,-9.899536015762236407e-02,2.000000000000000000e+00
5.770999999999999464e-01,-4.129000000000000031e-02,-1.005500389679356565e-01,2.000000000000000000e+00
5.937500000000000000e-01,-4.288999999999999757e-02,-9.971237338690217000e-02,2.000000000000000000e+00
5.937500000000000000e-01,-4.288999999999999757e-02,-9.971237338690217000e-02,2.000000000000000000e+00
5.937500000000000000e-01,-4.288999999999999757e-02,-9.971237338690217000e-02,2.000000000000000000e+00
5.937500000000000000e-01,-4.288999999999999757e-02,-9.971237338690217000e-02,2.000000000000000000e+00
6.108299999999999841e-01,-4.458000000000000157e-02,-9.696100930210325985e-02,2.000000000000000000e+00
6.245300000000000296e-01,-4.614999999999999658e-02,-9.967189616601027091e-02,2.000000000000000000e+00
6.408599999999999852e-01,-4.809999999999999692e-02,-1.010941401822953306e-01,2.000000000000000000e+00
6.583099999999999508e-01,-5.043000000000000260e-02,-1.022415685049079398e-01,2.000000000000000000e+00
6.583099999999999508e-01,-5.043000000000000260e-02,-1.022415685049079398e-01,2.000000000000000000e+00
6.693200000000000260e-01,-5.217999999999999722e-02,-1.035212939127888310e-01,2.000000000000000000e+00
6.693200000000000260e-01,-5.217999999999999722e-02,-1.035212939127888310e-01,2.000000000000000000e+00
6.883299999999999974e-01,-5.485000000000000292e-02,-1.049742724206168126e-01,2.000000000000000000e+00
6.901800000000000157e-01,-5.510999999999999927e-02,-1.051111047914848051e-01,2.000000000000000000e+00
7.022899999999999698e-01,-5.668999999999999734e-02,-1.125045747531712437e-01,2.000000000000000000e+00
7.022899999999999698e-01,-5.668999999999999734e-02,-1.125045747531712437e-01,2.000000000000000000e+00
7.022899999999999698e-01,-5.668999999999999734e-02,-1.125045747531712437e-01,2.000000000000000000e+00
7.331400000000000139e-01,-6.051999999999999741e-02,-1.178938506852256485e-01,2.000000000000000000e+00
7.331400000000000139e-01,-6.051999999999999741e-02,-1.178938506852256485e-01,2.000000000000000000e+00
7.574899999999999967e-01,-6.176999999999999852e-02,-1.178414197303694344e-01,2.000000000000000000e+00
7.752099999999999547e-01,-6.451999999999999402e-02,-1.216744862505292901e-01,2.000000000000000000e+00
7.752099999999999547e-01,-6.451999999999999402e-02,-1.216744862505292901e-01,2.000000000000000000e+00
7.888199999999999656e-01,-6.650999999999999968e-02,-1.273334834843871666e-01,2.000000000000000000e+00
7.888199999999999656e-01,-6.650999999999999968e-02,-1.273334834843871666e-01,2.000000000000000000e+00
7.903900000000000370e-01,-6.675000000000000377e-02,-1.280175076124551170e-01,2.000000000000000000e+00
8.254399999999999515e-01,-7.084000000000000019e-02,-1.304491766657155383e-01,2.000000000000000000e+00
8.254399999999999515e-01,-7.084000000000000019e-02,-1.304491766657155383e-01,2.000000000000000000e+00
8.254399999999999515e-01,-7.084000000000000019e-02,-1.304491766657155383e-01,2.000000000000000000e+00
8.405000000000000249e-01,-7.283000000000000584e-02,-1.300954186732287687e-01,2.000000000000000000e+00
8.420699999999999852e-01,-7.303999999999999382e-02,-1.300393201594120807e-01,2.000000000000000000e+00
8.698200000000000376e-01,-7.732999999999999596e-02,-1.301450868491483004e-01,2.000000000000000000e+00
8.698200000000000376e-01,-7.732999999999999596e-02,-1.301450868491483004e-01,2.000000000000000000e+00
8.884400000000000075e-01,-8.026999999999999413e-02,-1.335450833092501899e-01,2.000000000000000000e+00
8.884400000000000075e-01,-8.026999999999999413e-02,-1.335450833092501899e-01,2.000000000000000000e+00
8.884400000000000075e-01,-8.026999999999999413e-02,-1.335450833092501899e-01,2.000000000000000000e+00
8.901299999999999768e-01,-8.054999999999999660e-02,-1.338956753139465827e-01,2.000000000000000000e+00
9.221899999999999542e-01,-8.594999999999999862e-02,-1.371851749837199042e-01,2.000000000000000000e+00
9.236499999999999710e-01,-8.616999999999999660e-02,-1.375135248833602997e-01,2.000000000000000000e+00
9.370500000000000496e-01,-8.823999999999999899e-02,-1.386148615036916776e-01,2.000000000000000000e+00
9.522199999999999553e-01,-9.077000000000000346e-02,-1.421456351749746105e-01,2.000000000000000000e+00
9.522199999999999553e-01,-9.077000000000000346e-02,-1.421456351749746105e-01,2.000000000000000000e+00
9.711600000000000232e-01,-9.328999999999999793e-02,-1.434739768018776784e-01,2.000000000000000000e+00
9.711600000000000232e-01,-9.328999999999999793e-02,-1.434739768018776784e-01,2.000000000000000000e+00
9.867899999999999450e-01,-9.593999999999999750e-02,-1.450920675412244454e-01,2.000000000000000000e+00
9.880299999999999638e-01,-9.615999999999999548e-02,-1.452271183752011641e-01,2.000000000000000000e+00
1.001339999999999897e+00,-9.871000000000000607e-02,-1.490138419613372678e-01,2.000000000000000000e+00
1.016520000000000090e+00,-1.012600000000000028e-01,-1.527322807938361338e-01,2.000000000000000000e+00
1.016520000000000090e+00,-1.012600000000000028e-01,-1.527322807938361338e-01,2.000000000000000000e+00
1.016520000000000090e+00,-1.012600000000000028e-01,-1.527322807938361338e-01,2.000000000000000000e+00
1.043819999999999970e+00,-1.068500000000000005e-01,-1.569640614386958732e-01,2.000000000000000000e+00
1.057180000000000009e+00,-1.092100000000000015e-01,-1.567560727444413105e-01,2.000000000000000000e+00
1.057180000000000009e+00,-1.092100000000000015e-01,-1.567560727444413105e-01,2.000000000000000000e+00
1.076359999999999983e+00,-1.125199999999999950e-01,-1.606798346533346022e-01,2.000000000000000000e+00
1.088559999999999972e+00,-1.153799999999999965e-01,-1.600445664973033089e-01,2.000000000000000000e+00
1.088559999999999972e+00,-1.153799999999999965e-01,-1.600445664973033089e-01,2.000000000000000000e+00
1.115320000000000089e+00,-1.179599999999999954e-01,-1.593477656816108812e-01,2.000000000000000000e+00
1.115320000000000089e+00,-1.179599999999999954e-01,-1.593477656816108812e-01,2.000000000000000000e+00
1.131660000000000110e+00,-1.212400000000000005e-01,-1.633468009058960668e-01,2.000000000000000000e+00
1.131660000000000110e+00,-1.212400000000000005e-01,-1.633468009058960668e-01,2.000000000000000000e+00
1.152090000000000058e+00,-1.248100000000000043e-01,-1.650927700226403894e-01,2.000000000000000000e+00
1.163890000000000091e+00,-1.273299999999999987e-01,-1.688676363050048701e-01,2.000000000000000000e+00
1.163890000000000091e+00,-1.273299999999999987e-01,-1.688676363050048701e-01,2.000000000000000000e+00
1.179629999999999956e+00,-1.302300000000000124e-01,-1.703117411016864813e-01,2.000000000000000000e+00
1.179629999999999956e+00,-1.302300000000000124e-01,-1.703117411016864813e-01,2.000000000000000000e+00
1.196560000000000068e+00,-1.330900000000000138e-01,-1.696004053100322595e-01,2.000000000000000000e+00
1.196560000000000068e+00,-1.330900000000000138e-01,-1.696004053100322595e-01,2.000000000000000000e+00
1.197990000000000110e+00,-1.333300000000000041e-01,-1.695235193622963710e-01,2.000000000000000000e+00
1.224329999999999918e+00,-1.387500000000000122e-01,-1.748304690695040575e-01,2.000000000000000000e+00
1.224329999999999918e+00,-1.387500000000000122e-01,-1.748304690695040575e-01,2.000000000000000000e+00
1.224329999999999918e+00,-1.387500000000000122e-01,-1.748304690695040575e-01,2.000000000000000000e+00
1.224329999999999918e+00,-1.387500000000000122e-01,-1.748304690695040575e-01,2.000000000000000000e+00
1.261300000000000088e+00,-1.449199999999999933e-01,-1.829972730619020549e-01,2.000000000000000000e+00
1.278459999999999930e+00,-1.480100000000000027e-01,-1.846768898878476672e-01,2.000000000000000000e+00
1.278459999999999930e+00,-1.480100000000000027e-01,-1.846768898878476672e-01,2.000000000000000000e+00
1.278459999999999930e+00,-1.480100000000000027e-01,-1.846768898878476672e-01,2.000000000000000000e+00
1.291539999999999910e+00,-1.505299999999999971e-01,-1.832365548713938419e-01,2.000000000000000000e+00
1.291539999999999910e+00,-1.505299999999999971e-01,-1.832365548713938419e-01,2.000000000000000000e+00
1.291539999999999910e+00,-1.505299999999999971e-01,-1.832365548713938419e-01,2.000000000000000000e+00
1.291539999999999910e+00,-1.505299999999999971e-01,-1.832365548713938419e-01,2.000000000000000000e+00
1.342670000000000030e+00,-1.610999999999999932e-01,-1.877112027091378255e-01,2.000000000000000000e+00
1.342670000000000030e+00,-1.610999999999999932e-01,-1.877112027091378255e-01,2.000000000000000000e+00
1.355529999999999902e+00,-1.644100000000000006e-01,-1.867296083627186243e-01,2.000000000000000000e+00
1.355529999999999902e+00,-1.644100000000000006e-01,-1.867296083627186243e-01,2.000000000000000000e+00
1.356630000000000003e+00,-1.647000000000000131e-01,-1.866269602528504434e-01,2.000000000000000000e+00
1.367660000000000098e+00,-1.673199999999999965e-01,-1.910044661946403988e-01,2.000000000000000000e+00
1.393469999999999986e+00,-1.720899999999999930e-01,-1.950610589923137961e-01,2.000000000000000000e+00
1.395710000000000006e+00,-1.725099999999999967e-01,-1.954111286704672268e-01,2.000000000000000000e+00
1.407380000000000075e+00,-1.748999999999999999e-01,-1.944800372746597061e-01,2.000000000000000000e+00
1.419159999999999977e+00,-1.777299999999999991e-01,-1.952535265637907191e-01,2.000000000000000000e+00
1.419159999999999977e+00,-1.777299999999999991e-01,-1.952535265637907191e-01,2.000000000000000000e+00
1.436039999999999983e+00,-1.816099999999999937e-01,-1.995076127431392732e-01,2.000000000000000000e+00
1.437259999999999982e+00,-1.819000000000000061e-01,-1.998316143193596128e-01,2.000000000000000000e+00
1.447330000000000005e+00,-1.846299999999999886e-01,-2.036728881955572890e-01,2.000000000000000000e+00
1.447330000000000005e+00,-1.846299999999999886e-01,-2.036728881955572890e-01,2.000000000000000000e+00
1.474150000000000071e+00,-1.921400000000000052e-01,-2.116847053019635938e-01,2.000000000000000000e+00
1.476650000000000018e+00,-1.928600000000000037e-01,-2.124133720406141956e-01,2.000000000000000000e+00
1.502220000000000111e+00,-1.976400000000000101e-01,-2.115736727612183843e-01,2.000000000000000000e+00
1.513589999999999991e+00,-2.005099999999999938e-01,-2.125319120362304248e-01,2.000000000000000000e+00
1.526739999999999986e+00,-2.035500000000000087e-01,-2.117866208541298034e-01,2.000000000000000000e+00
1.526739999999999986e+00,-2.035500000000000087e-01,-2.117866208541298034e-01,2.000000000000000000e+00
1.543879999999999919e+00,-2.079699999999999882e-01,-2.153009525935075386e-01,2.000000000000000000e+00
1.543879999999999919e+00,-2.079699999999999882e-01,-2.153009525935075386e-01,2.000000000000000000e+00
1.562840000000000007e+00,-2.111099999999999921e-01,-2.152580362607833808e-01,2.000000000000000000e+00
1.581269999999999953e+00,-2.156200000000000061e-01,-2.169511674975871940e-01,2.000000000000000000e+00
1.581269999999999953e+00,-2.156200000000000061e-01,-2.169511674975871940e-01,2.000000000000000000e+00
1.600419999999999954e+00,-2.199200000000000044e-01,-2.191162240524781313e-01,2.000000000000000000e+00
1.600419999999999954e+00,-2.199200000000000044e-01,-2.191162240524781313e-01,2.000000000000000000e+00
1.613189999999999902e+00,-2.233600000000000030e-01,-2.203948205768670177e-01,2.000000000000000000e+00
1.613189999999999902e+00,-2.233600000000000030e-01,-2.203948205768670177e-01,2.000000000000000000e+00
1.613189999999999902e+00,-2.233600000000000030e-01,-2.203948205768670177e-01,2.000000000000000000e+00
1.613189999999999902e+00,-2.233600000000000030e-01,-2.203948205768670177e-01,2.000000000000000000e+00
1.613189999999999902e+00,-2.233600000000000030e-01,-2.203948205768670177e-01,2.000000000000000000e+00
1.656470000000000109e+00,-2.351900000000000102e-01,-2.279538352605215423e-01,2.000000000000000000e+00
1.656470000000000109e+00,-2.351900000000000102e-01,-2.279538352605215423e-01,2.000000000000000000e+00
1.656470000000000109e+00,-2.351900000000000102e-01,-2.279538352605215423e-01,2.000000000000000000e+00
1.680120000000000058e+00,-2.405200000000000116e-01,-2.331927884260989736e-01,2.000000000000000000e+00
1.687519999999999909e+00,-2.432699999999999863e-01,-2.348389240553631352e-01,2.000000000000000000e+00
1.703480000000000105e+00,-2.469600000000000128e-01,-2.419113503168450752e-01,2.000000000000000000e+00
1.703480000000000105e+00,-2.469600000000000128e-01,-2.419113503168450752e-01,2.000000000000000000e+00
1.720669999999999922e+00,-2.509899999999999909e-01,-2.356670581499688832e-01,2.000000000000000000e+00
1.720669999999999922e+00,-2.509899999999999909e-01,-2.356670581499688832e-01,2.000000000000000000e+00
1.739389999999999992e+00,-2.549399999999999999e-01,-2.385374847335610671e-01,2.000000000000000000e+00
1.739389999999999992e+00,-2.549399999999999999e-01,-2.385374847335610671e-01,2.000000000000000000e+00
1.753840000000000066e+00,-2.591800000000000215e-01,-2.377384877153538301e-01,2.000000000000000000e+00
1.766229999999999967e+00,-2.631700000000000150e-01,-2.392405083254358356e-01,2.000000000000000000e+00
1.766229999999999967e+00,-2.631700000000000150e-01,-2.392405083254358356e-01,2.000000000000000000e+00
1.766229999999999967e+00,-2.631700000000000150e-01,-2.392405083254358356e-01,2.000000000000000000e+00
1.778929999999999900e+00,-2.673599999999999866e-01,-2.401807835556802884e-01,2.000000000000000000e+00
1.791409999999999947e+00,-2.715099999999999736e-01,-2.425954241843488735e-01,2.000000000000000000e+00
1.819039999999999990e+00,-2.772399999999999864e-01,-2.441338849704880187e-01,2.000000000000000000e+00
1.819039999999999990e+00,-2.772399999999999864e-01,-2.441338849704880187e-01,2.000000000000000000e+00
1.819039999999999990e+00,-2.772399999999999864e-01,-2.441338849704880187e-01,2.000000000000000000e+00
1.825309999999999988e+00,-2.802499999999999991e-01,-2.455123172304438661e-01,2.000000000000000000e+00
1.846070000000000100e+00,-2.853899999999999770e-01,-2.447728107358462524e-01,2.000000000000000000e+00
1.846070000000000100e+00,-2.853899999999999770e-01,-2.447728107358462524e-01,2.000000000000000000e+00
1.872789999999999955e+00,-2.950200000000000045e-01,-2.530151598159138260e-01,2.000000000000000000e+00
1.874560000000000004e+00,-2.957000000000000184e-01,-2.536122817352383652e-01,2.000000000000000000e+00
1.882640000000000091e+00,-2.989100000000000090e-01,-2.637260789308466524e-01,2.000000000000000000e+00
1.895219999999999905e+00,-3.027799999999999936e-01,-2.661023461840246185e-01,2.000000000000000000e+00
1.895219999999999905e+00,-3.027799999999999936e-01,-2.661023461840246185e-01,2.000000000000000000e+00
1.916050000000000031e+00,-3.079399999999999915e-01,-2.678339459162460412e-01,2.000000000000000000e+00
1.916050000000000031e+00,-3.079399999999999915e-01,-2.678339459162460412e-01,2.000000000000000000e+00
1.921659999999999924e+00,-3.102500000000000258e-01,-2.719363488462725464e-01,2.000000000000000000e+00
1.944560000000000066e+00,-3.152699999999999947e-01,-2.680529975283716393e-01,2.000000000000000000e+00
1.944560000000000066e+00,-3.152699999999999947e-01,-2.680529975283716393e-01,2.000000000000000000e+00
1.959489999999999954e+00,-3.175600000000000089e-01,-2.717487417598499211e-01,2.000000000000000000e+00
1.959489999999999954e+00,-3.175600000000000089e-01,-2.717487417598499211e-01,2.000000000000000000e+00
1.955330000000000013e+00,-3.186100000000000043e-01,-2.720803381684435696e-01,2.000000000000000000e+00
1.955330000000000013e+00,-3.186100000000000043e-01,-2.720803381684435696e-01,2.000000000000000000e+00
1.618139999999999912e+00,-2.862199999999999744e-01,-2.785816052407000587e+00,2.000000000000000000e+00
1.618139999999999912e+00,-2.862199999999999744e-01,-2.785816052407000587e+00,2.000000000000000000e+00
1.798610000000000042e+00,-2.764800000000000035e-01,-2.654284037289993958e-01,2.000000000000000000e+00
1.798610000000000042e+00,-2.764800000000000035e-01,-2.654284037289993958e-01,2.000000000000000000e+00
1.985209999999999919e+00,-3.265199999999999769e-01,-2.778210334638799295e-01,2.000000000000000000e+00
1.985950000000000104e+00,-3.266899999999999804e-01,-2.781303011665428593e-01,2.000000000000000000e+00
1.988250000000000073e+00,-3.280100000000000238e-01,-2.759185100691618486e-01,2.000000000000000000e+00
1.989719999999999933e+00,-3.291399999999999881e-01,-2.759079002657806035e-01,2.000000000000000000e+00
1.989719999999999933e+00,-3.291399999999999881e-01,-2.759079002657806035e-01,2.000000000000000000e+00
1.998529999999999918e+00,-3.311600000000000099e-01,-2.763820570764247697e-01,2.000000000000000000e+00
1.998529999999999918e+00,-3.311600000000000099e-01,-2.763820570764247697e-01,2.000000000000000000e+00
1.999290000000000012e+00,-3.316200000000000259e-01,-2.769866768047387628e-01,2.000000000000000000e+00
2.008809999999999985e+00,-3.335400000000000031e-01,-2.746031462666061462e-01,2.000000000000000000e+00
2.008809999999999985e+00,-3.335400000000000031e-01,-2.746031462666061462e-01,2.000000000000000000e+00
2.000760000000000094e+00,-3.321600000000000108e-01,-2.768714799489314649e-01,2.000000000000000000e+00
2.000760000000000094e+00,-3.321600000000000108e-01,-2.768714799489314649e-01,2.000000000000000000e+00
2.001290000000000013e+00,-3.320500000000000118e-01,-2.741418165387253802e-01,2.000000000000000000e+00
2.001409999999999911e+00,-3.320600000000000218e-01,-2.738708414415449988e-01,2.000000000000000000e+00
2.000490000000000101e+00,-3.317499999999999893e-01,-2.738027791139086009e-01,2.000000000000000000e+00
2.000490000000000101e+00,-3.317499999999999893e-01,-2.738027791139086009e-01,2.000000000000000000e+00
2.000490000000000101e+00,-3.317499999999999893e-01,-2.738027791139086009e-01,2.000000000000000000e+00
2.001069999999999904e+00,-3.317999999999999838e-01,-2.733642870594674701e-01,2.000000000000000000e+00
2.001069999999999904e+00,-3.317999999999999838e-01,-2.733642870594674701e-01,2.000000000000000000e+00
2.000770000000000159e+00,-3.320100000000000273e-01,-2.734116596625934537e-01,2.000000000000000000e+00
2.000739999999999963e+00,-3.320299999999999918e-01,-2.734160807392236880e-01,2.000000000000000000e+00
2.000739999999999963e+00,-3.320299999999999918e-01,-2.734160807392236880e-01,2.000000000000000000e+00
2.009220000000000006e+00,-3.331799999999999762e-01,-2.741868164627057070e-01,2.000000000000000000e+00
2.009220000000000006e+00,-3.331799999999999762e-01,-2.741868164627057070e-01,2.000000000000000000e+00
2.000210000000000043e+00,-3.321700000000000208e-01,-2.768598086617305998e-01,2.000000000000000000e+00
1.999370000000000092e+00,-3.320799999999999863e-01,-2.771440678451598805e-01,2.000000000000000000e+00
1.999370000000000092e+00,-3.320799999999999863e-01,-2.771440678451598805e-01,2.000000000000000000e+00
2.000420000000000087e+00,-3.319799999999999973e-01,-2.741053273846956184e-01,2.000000000000000000e+00
2.000420000000000087e+00,-3.319799999999999973e-01,-2.741053273846956184e-01,2.000000000000000000e+00
2.000550000000000050e+00,-3.320100000000000273e-01,-2.738584844223606041e-01,2.000000000000000000e+00
2.008539999999999992e+00,-3.333400000000000252e-01,-2.738903658477483405e-01,2.000000000000000000e+00
2.008230000000000182e+00,-3.331100000000000172e-01,-2.771055462131190028e-01,2.000000000000000000e+00
2.008230000000000182e+00,-3.331100000000000172e-01,-2.771055462131190028e-01,2.000000000000000000e+00
2.007699999999999818e+00,-3.329900000000000082e-01,-2.773976840082854056e-01,2.000000000000000000e+00
1.999719999999999942e+00,-3.317899999999999738e-01,-2.770700156176739148e-01,2.000000000000000000e+00
-2.799999999999999755e-04,5.000000000000000240e-05,0.000000000000000000e+00,2.000000000000000000e+00
-2.799999999999999755e-04,5.000000000000000240e-05,0.000000000000000000e+00,2.000000000000000000e+00
-2.799999999999999755e-04,5.000000000000000240e-05,0.000000000000000000e+00,2.000000000000000000e+00
-2.799999999999999755e-04,5.000000000000000240e-05,0.000000000000000000e+00,2.000000000000000000e+00
-2.999999999999999737e-04,-2.000000000000000164e-05,9.744004181031005844e-05,2.000000000000000000e+00
8.300000000000000086e-04,-6.999999999999999387e-05,2.995989717207320777e-04,2.000000000000000000e+00
8.300000000000000086e-04,-6.999999999999999387e-05,2.995989717207320777e-04,2.000000000000000000e+00
-1.250000000000000026e-03,2.599999999999999772e-04,-1.956023848896738804e-03,2.000000000000000000e+00
-1.250000000000000026e-03,2.599999999999999772e-04,-1.956023848896738804e-03,2.000000000000000000e+00
-5.000000000000000104e-04,6.000000000000000152e-05,-1.646248215765056758e-03,2.000000000000000000e+00
-1.499999999999999869e-04,2.000000000000000164e-05,-1.237898178383539790e-03,2.000000000000000000e+00
-1.499999999999999869e-04,2.000000000000000164e-05,-1.237898178383539790e-03,2.000000000000000000e+00
1.289999999999999914e-03,-1.600000000000000131e-04,-2.033595326286647678e-04,2.000000000000000000e+00
1.289999999999999914e-03,-1.600000000000000131e-04,-2.033595326286647678e-04,2.000000000000000000e+00
3.330000000000000061e-03,2.700000000000000035e-04,-1.679733938579109926e-03,2.000000000000000000e+00
3.490000000000000047e-03,3.099999999999999999e-04,-1.813815576600262850e-03,2.000000000000000000e+00
1.077000000000000006e-02,-2.700000000000000035e-04,6.550303602835029233e-05,2.000000000000000000e+00
1.344000000000000056e-02,-3.400000000000000244e-04,-2.395687961300613407e-03,2.000000000000000000e+00
1.344000000000000056e-02,-3.400000000000000244e-04,-2.395687961300613407e-03,2.000000000000000000e+00
2.434000000000000052e-02,-1.090000000000000040e-03,-5.281782655519940035e-03,2.000000000000000000e+00
2.434000000000000052e-02,-1.090000000000000040e-03,-5.281782655519940035e-03,2.000000000000000000e+00
2.528999999999999998e-02,-1.160000000000000007e-03,-5.514574715206884553e-03,2.000000000000000000e+00
2.528999999999999998e-02,-1.160000000000000007e-03,-5.514574715206884553e-03,2.000000000000000000e+00
3.036000000000000157e-02,-1.049999999999999935e-03,-8.747676491822729480e-03,2.000000000000000000e+00
5.133999999999999675e-02,-1.680000000000000070e-03,-1.564993709724060017e-02,2.000000000000000000e+00
5.133999999999999675e-02,-1.680000000000000070e-03,-1.564993709724060017e-02,2.000000000000000000e+00
6.267999999999999960e-02,-1.969999999999999963e-03,-1.609684785353817510e-02,2.000000000000000000e+00
7.549000000000000155e-02,-2.399999999999999790e-03,-1.763281642971407936e-02,2.000000000000000000e+00
7.549000000000000155e-02,-2.399999999999999790e-03,-1.763281642971407936e-02,2.000000000000000000e+00
8.687000000000000277e-02,-2.949999999999999931e-03,-2.072843731876550244e-02,2.000000000000000000e+00
8.687000000000000277e-02,-2.949999999999999931e-03,-2.072843731876550244e-02,2.000000000000000000e+00
1.026999999999999996e-01,-4.040000000000000188e-03,-2.296737636985677830e-02,2.000000000000000000e+00
1.148900000000000060e-01,-4.340000000000000108e-03,-2.698170161654362201e-02,2.000000000000000000e+00
1.148900000000000060e-01,-4.340000000000000108e-03,-2.698170161654362201e-02,2.000000000000000000e+00
1.305300000000000071e-01,-4.810000000000000039e-03,-3.212837172112333051e-02,2.000000000000000000e+00
1.305300000000000071e-01,-4.810000000000000039e-03,-3.212837172112333051e-02,2.000000000000000000e+00
1.441000000000000059e-01,-4.810000000000000039e-03,-3.333193960677618972e-02,2.000000000000000000e+00
1.441000000000000059e-01,-4.810000000000000039e-03,-3.333193960677618972e-02,2.000000000000000000e+00
1.608700000000000130e-01,-5.590000000000000351e-03,-3.369588799395366319e-02,2.000000000000000000e+00
1.760700000000000043e-01,-6.069999999999999875e-03,-3.580494598891998531e-02,2.000000000000000000e+00
1.760700000000000043e-01,-6.069999999999999875e-03,-3.580494598891998531e-02,2.000000000000000000e+00
1.917500000000000038e-01,-6.830000000000000134e-03,-3.513980555615287688e-02,2.000000000000000000e+00
1.928499999999999936e-01,-6.890000000000000291e-03,-3.507268752719092803e-02,2.000000000000000000e+00
2.090400000000000036e-01,-7.979999999999999247e-03,-3.753417975356936748e-02,2.000000000000000000e+00
2.211899999999999977e-01,-8.680000000000000215e-03,-3.737309353314075683e-02,2.000000000000000000e+00
2.211899999999999977e-01,-8.680000000000000215e-03,-3.737309353314075683e-02,2.000000000000000000e+00
2.355399999999999994e-01,-9.879999999999999893e-03,-3.846681777218677323e-02,2.000000000000000000e+00
2.366300000000000070e-01,-9.979999999999999288e-03,-3.856023528402428846e-02,2.000000000000000000e+00
2.526100000000000012e-01,-1.131000000000000061e-02,-4.272599749803898672e-02,2.000000000000000000e+00
2.526100000000000012e-01,-1.131000000000000061e-02,-4.272599749803898672e-02,2.000000000000000000e+00
2.670699999999999741e-01,-1.205999999999999954e-02,-4.520166768029239973e-02,2.000000000000000000e+00
2.670699999999999741e-01,-1.205999999999999954e-02,-4.520166768029239973e-02,2.000000000000000000e+00
2.816699999999999759e-01,-1.310000000000000053e-02,-4.658614122574514238e-02,2.000000000000000000e+00
2.998199999999999754e-01,-1.422999999999999959e-02,-5.227881968773799570e-02,2.000000000000000000e+00
3.012099999999999778e-01,-1.431999999999999940e-02,-5.272455894663664877e-02,2.000000000000000000e+00
3.140800000000000258e-01,-1.545999999999999978e-02,-5.562770662894592905e-02,2.000000000000000000e+00
3.289500000000000202e-01,-1.695999999999999938e-02,-6.045647255702969042e-02,2.000000000000000000e+00
3.289500000000000202e-01,-1.695999999999999938e-02,-6.045647255702969042e-02,2.000000000000000000e+00
3.473999999999999866e-01,-1.857999999999999929e-02,-6.758820388297229198e-02,2.000000000000000000e+00
3.473999999999999866e-01,-1.857999999999999929e-02,-6.758820388297229198e-02,2.000000000000000000e+00
3.473999999999999866e-01,-1.857999999999999929e-02,-6.758820388297229198e-02,2.000000000000000000e+00
3.600800000000000112e-01,-1.923000000000000057e-02,-7.253952356819291791e-02,2.000000000000000000e+00
3.775100000000000122e-01,-2.025000000000000064e-02,-7.038546858882362145e-02,2.000000000000000000e+00
3.968300000000000161e-01,-2.154999999999999971e-02,-7.079628011862933168e-02,2.000000000000000000e+00
3.968300000000000161e-01,-2.154999999999999971e-02,-7.079628011862933168e-02,2.000000000000000000e+00
3.968300000000000161e-01,-2.154999999999999971e-02,-7.079628011862933168e-02,2.000000000000000000e+00
3.968300000000000161e-01,-2.154999999999999971e-02,-7.079628011862933168e-02,2.000000000000000000e+00
4.253199999999999759e-01,-2.420999999999999888e-02,-7.133449446925708981e-02,2.000000000000000000e+00
4.406599999999999961e-01,-2.570000000000000062e-02,-7.021940952565301763e-02,2.000000000000000000e+00
4.406599999999999961e-01,-2.570000000000000062e-02,-7.021940952565301763e-02,2.000000000000000000e+00
4.532399999999999762e-01,-2.733999999999999972e-02,-7.007370154610916002e-02,2.000000000000000000e+00
4.532399999999999762e-01,-2.733999999999999972e-02,-7.007370154610916002e-02,2.000000000000000000e+00
4.532399999999999762e-01,-2.733999999999999972e-02,-7.007370154610916002e-02,2.000000000000000000e+00
4.956499999999999795e-01,-3.323999999999999871e-02,-8.208438601843054405e-02,2.000000000000000000e+00
4.956499999999999795e-01,-3.323999999999999871e-02,-8.208438601843054405e-02,2.000000000000000000e+00
5.098500000000000254e-01,-3.490000000000000047e-02,-8.748654038383452125e-02,2.000000000000000000e+00
5.098500000000000254e-01,-3.490000000000000047e-02,-8.748654038383452125e-02,2.000000000000000000e+00
5.256499999999999506e-01,-3.670000000000000345e-02,-9.095316436091664680e-02,2.000000000000000000e+00
5.267800000000000260e-01,-3.683999999999999775e-02,-9.118436093589665781e-02,2.000000000000000000e+00
5.406499999999999639e-01,-3.855999999999999706e-02,-9.402649629164232248e-02,2.000000000000000000e+00
5.406499999999999639e-01,-3.855999999999999706e-02,-9.402649629164232248e-02,2.000000000000000000e+00
5.640300000000000313e-01,-3.953999999999999876e-02,-1.002670789302870374e-01,2.000000000000000000e+00
5.640300000000000313e-01,-3.953999999999999876e-02,-1.002670789302870374e-01,2.000000000000000000e+00
5.805799999999999850e-01,-4.077000000000000068e-02,-1.018096640233582262e-01,2.000000000000000000e+00
5.994599999999999929e-01,-4.259000000000000286e-02,-1.028090328832193534e-01,2.000000000000000000e+00
5.994599999999999929e-01,-4.259000000000000286e-02,-1.028090328832193534e-01,2.000000000000000000e+00
6.140999999999999792e-01,-4.397000000000000214e-02,-1.002264003916138319e-01,2.000000000000000000e+00
6.140999999999999792e-01,-4.397000000000000214e-02,-1.002264003916138319e-01,2.000000000000000000e+00
6.279599999999999627e-01,-4.549999999999999878e-02,-1.012576533994467148e-01,2.000000000000000000e+00
6.279599999999999627e-01,-4.549999999999999878e-02,-1.012576533994467148e-01,2.000000000000000000e+00
6.414499999999999647e-01,-4.705999999999999767e-02,-1.020422578281116044e-01,2.000000000000000000e+00
6.608100000000000085e-01,-4.932999999999999885e-02,-1.032681593867928460e-01,2.000000000000000000e+00
6.608100000000000085e-01,-4.932999999999999885e-02,-1.032681593867928460e-01,2.000000000000000000e+00
6.777900000000000036e-01,-5.174000000000000127e-02,-1.045388623925611743e-01,2.000000000000000000e+00
6.791399999999999659e-01,-5.194000000000000006e-02,-1.046404647713216896e-01,2.000000000000000000e+00
6.914900000000000491e-01,-5.399999999999999939e-02,-1.064071147631263509e-01,2.000000000000000000e+00
7.082000000000000517e-01,-5.591999999999999749e-02,-1.098385312082077875e-01,2.000000000000000000e+00
7.082000000000000517e-01,-5.591999999999999749e-02,-1.098385312082077875e-01,2.000000000000000000e+00
7.093599999999999905e-01,-5.605000000000000260e-02,-1.100836398854679321e-01,2.000000000000000000e+00
7.192800000000000304e-01,-5.741000000000000270e-02,-1.110433463601340764e-01,2.000000000000000000e+00
7.391699999999999937e-01,-5.981999999999999817e-02,-1.125449157575288406e-01,2.000000000000000000e+00
7.410299999999999665e-01,-6.004999999999999921e-02,-1.126826944850987250e-01,2.000000000000000000e+00
7.536899999999999711e-01,-6.185000000000000220e-02,-1.154521457546233004e-01,2.000000000000000000e+00
7.766499999999999515e-01,-6.734999999999999321e-02,-1.224539056021464456e-01,2.000000000000000000e+00
7.766499999999999515e-01,-6.734999999999999321e-02,-1.224539056021464456e-01,2.000000000000000000e+00
7.910199999999999454e-01,-6.897000000000000353e-02,-1.286636622046276879e-01,2.000000000000000000e+00
7.910199999999999454e-01,-6.897000000000000353e-02,-1.286636622046276879e-01,2.000000000000000000e+00
8.090800000000000214e-01,-7.108000000000000429e-02,-1.280291805386234993e-01,2.000000000000000000e+00
8.103000000000000203e-01,-7.122000000000000552e-02,-1.279545297994146846e-01,2.000000000000000000e+00
8.276099999999999568e-01,-7.345000000000000140e-02,-1.269730813631711752e-01,2.000000000000000000e+00
8.276099999999999568e-01,-7.345000000000000140e-02,-1.269730813631711752e-01,2.000000000000000000e+00
8.426200000000000356e-01,-7.562000000000000666e-02,-1.285668390449146437e-01,2.000000000000000000e+00
8.574600000000000000e-01,-7.778999999999999804e-02,-1.298180850196986591e-01,2.000000000000000000e+00
8.574600000000000000e-01,-7.778999999999999804e-02,-1.298180850196986591e-01,2.000000000000000000e+00
8.717099999999999849e-01,-7.996000000000000330e-02,-1.313122149599653954e-01,2.000000000000000000e+00
8.730700000000000127e-01,-8.017000000000000515e-02,-1.314569315903972302e-01,2.000000000000000000e+00
8.972599999999999465e-01,-8.214000000000000468e-02,-1.290327054702251619e-01,2.000000000000000000e+00
8.972599999999999465e-01,-8.214000000000000468e-02,-1.290327054702251619e-01,2.000000000000000000e+00
9.127899999999999903e-01,-8.484999999999999487e-02,-1.324248988971178098e-01,2.000000000000000000e+00
9.127899999999999903e-01,-8.484999999999999487e-02,-1.324248988971178098e-01,2.000000000000000000e+00
9.272599999999999731e-01,-8.684000000000000052e-02,-1.362482691032927684e-01,2.000000000000000000e+00
9.464799999999999880e-01,-8.952999999999999847e-02,-1.380306122850261386e-01,2.000000000000000000e+00
9.478999999999999648e-01,-8.974000000000000032e-02,-1.381441502807194965e-01,2.000000000000000000e+00
9.577999999999999847e-01,-9.155000000000000637e-02,-1.414216145418431270e-01,2.000000000000000000e+00
9.759799999999999587e-01,-9.452000000000000679e-02,-1.409083033198729185e-01,2.000000000000000000e+00
9.759799999999999587e-01,-9.452000000000000679e-02,-1.409083033198729185e-01,2.000000000000000000e+00
9.759799999999999587e-01,-9.452000000000000679e-02,-1.409083033198729185e-01,2.000000000000000000e+00
9.778499999999999970e-01,-9.481000000000000538e-02,-1.408248805089195033e-01,2.000000000000000000e+00
1.010289999999999910e+00,-1.002399999999999958e-01,-1.484558819540905683e-01,2.000000000000000000e+00
1.010289999999999910e+00,-1.002399999999999958e-01,-1.484558819540905683e-01,2.000000000000000000e+00
1.025020000000000042e+00,-1.022099999999999953e-01,-1.536235489227143480e-01,2.000000000000000000e+00
1.025020000000000042e+00,-1.022099999999999953e-01,-1.536235489227143480e-01,2.000000000000000000e+00
1.045539999999999914e+00,-1.051600000000000035e-01,-1.538580929603735326e-01,2.000000000000000000e+00
1.057830000000000048e+00,-1.069999999999999979e-01,-1.525997729285569759e-01,2.000000000000000000e+00
1.057830000000000048e+00,-1.069999999999999979e-01,-1.525997729285569759e-01,2.000000000000000000e+00
1.085190000000000099e+00,-1.135700000000000043e-01,-1.576463234906447242e-01,2.000000000000000000e+00
1.085190000000000099e+00,-1.135700000000000043e-01,-1.576463234906447242e-01,2.000000000000000000e+00
1.102039999999999909e+00,-1.168199999999999933e-01,-1.590601809815740397e-01,2.000000000000000000e+00
1.103480000000000016e+00,-1.170800000000000035e-01,-1.591556335867225780e-01,2.000000000000000000e+00
1.118780000000000108e+00,-1.200200000000000017e-01,-1.585634060682088453e-01,2.000000000000000000e+00
1.136640000000000095e+00,-1.220799999999999941e-01,-1.601049497482636974e-01,2.000000000000000000e+00
1.136640000000000095e+00,-1.220799999999999941e-01,-1.601049497482636974e-01,2.000000000000000000e+00
1.156630000000000047e+00,-1.251299999999999912e-01,-1.638416427824148647e-01,2.000000000000000000e+00
1.156630000000000047e+00,-1.251299999999999912e-01,-1.638416427824148647e-01,2.000000000000000000e+00
1.173429999999999973e+00,-1.280300000000000049e-01,-1.654220396509628321e-01,2.000000000000000000e+00
1.173429999999999973e+00,-1.280300000000000049e-01,-1.654220396509628321e-01,2.000000000000000000e+00
1.185510000000000064e+00,-1.304899999999999949e-01,-1.669730270009315842e-01,2.000000000000000000e+00
1.201130000000000031e+00,-1.336100000000000065e-01,-1.685256922357165621e-01,2.000000000000000000e+00
1.201130000000000031e+00,-1.336100000000000065e-01,-1.685256922357165621e-01,2.000000000000000000e+00
1.221200000000000063e+00,-1.371799999999999964e-01,-1.751357098859958883e-01,2.000000000000000000e+00
1.221200000000000063e+00,-1.371799999999999964e-01,-1.751357098859958883e-01,2.000000000000000000e+00
1.238089999999999913e+00,-1.404299999999999993e-01,-1.770449743494127703e-01,2.000000000000000000e+00
1.239619999999999944e+00,-1.407299999999999940e-01,-1.771812390064722298e-01,2.000000000000000000e+00
1.255200000000000093e+00,-1.430500000000000105e-01,-1.783671998101719336e-01,2.000000000000000000e+00
1.267379999999999951e+00,-1.453299999999999870e-01,-1.796635762601845598e-01,2.000000000000000000e+00
1.267379999999999951e+00,-1.453299999999999870e-01,-1.796635762601845598e-01,2.000000000000000000e+00
1.288850000000000051e+00,-1.486099999999999921e-01,-1.807720261207393375e-01,2.000000000000000000e+00
1.302059999999999995e+00,-1.513299999999999923e-01,-1.799963097035833515e-01,2.000000000000000000e+00
1.302059999999999995e+00,-1.513299999999999923e-01,-1.799963097035833515e-01,2.000000000000000000e+00
1.318799999999999972e+00,-1.544399999999999940e-01,-1.809062678465854779e-01,2.000000000000000000e+00
1.318799999999999972e+00,-1.544399999999999940e-01,-1.809062678465854779e-01,2.000000000000000000e+00
1.335599999999999898e+00,-1.580100000000000116e-01,-1.849763662683076570e-01,2.000000000000000000e+00
1.336870000000000003e+00,-1.582899999999999863e-01,-1.853079112732421707e-01,2.000000000000000000e+00
1.348289999999999988e+00,-1.613499999999999934e-01,-1.845504716613110274e-01,2.000000000000000000e+00
1.365010000000000057e+00,-1.651299999999999990e-01,-1.855656782347711864e-01,2.000000000000000000e+00
1.365010000000000057e+00,-1.651299999999999990e-01,-1.855656782347711864e-01,2.000000000000000000e+00
1.383010000000000073e+00,-1.681999999999999884e-01,-1.870588945846097251e-01,2.000000000000000000e+00
1.384339999999999904e+00,-1.684199999999999864e-01,-1.871715205585556263e-01,2.000000000000000000e+00
1.400719999999999965e+00,-1.715599999999999903e-01,-1.889165268347654247e-01,2.000000000000000000e+00
1.412080000000000002e+00,-1.744600000000000040e-01,-1.930988871411973284e-01,2.000000000000000000e+00
1.412080000000000002e+00,-1.744600000000000040e-01,-1.930988871411973284e-01,2.000000000000000000e+00
1.428860000000000019e+00,-1.783299999999999885e-01,-1.972304588869576991e-01,2.000000000000000000e+00
1.430290000000000061e+00,-1.786500000000000032e-01,-1.975669104141074550e-01,2.000000000000000000e+00
1.445680000000000076e+00,-1.821699999999999986e-01,-2.017159370315255718e-01,2.000000000000000000e+00
1.463540000000000063e+00,-1.857199999999999962e-01,-2.035152593912636365e-01,2.000000000000000000e+00
1.463540000000000063e+00,-1.857199999999999962e-01,-2.035152593912636365e-01,2.000000000000000000e+00
1.482220000000000093e+00,-1.893700000000000105e-01,-2.051568694372871149e-01,2.000000000000000000e+00
1.482220000000000093e+00,-1.893700000000000105e-01,-2.051568694372871149e-01,2.000000000000000000e+00
1.489509999999999890e+00,-1.914899999999999936e-01,-2.035262463311421077e-01,2.000000000000000000e+00
1.507020000000000026e+00,-1.952699999999999991e-01,-2.045191553917761473e-01,2.000000000000000000e+00
1.507020000000000026e+00,-1.952699999999999991e-01,-2.045191553917761473e-01,2.000000000000000000e+00
1.524659999999999904e+00,-1.989599999999999980e-01,-2.086738653498699803e-01,2.000000000000000000e+00
1.524659999999999904e+00,-1.989599999999999980e-01,-2.086738653498699803e-01,2.000000000000000000e+00
1.544489999999999919e+00,-2.029299999999999993e-01,-2.075654251054620814e-01,2.000000000000000000e+00
1.545960000000000001e+00,-2.032299999999999940e-01,-2.074488851836326919e-01,2.000000000000000000e+00
1.557109999999999994e+00,-2.063200000000000034e-01,-2.093557772869633904e-01,2.000000000000000000e+00
1.568899999999999961e+00,-2.101600000000000135e-01,-2.116452693601057478e-01,2.000000000000000000e+00
1.568899999999999961e+00,-2.101600000000000135e-01,-2.116452693601057478e-01,2.000000000000000000e+00
1.588090000000000002e+00,-2.145400000000000085e-01,-2.101582169627839447e-01,2.000000000000000000e+00
1.588090000000000002e+00,-2.145400000000000085e-01,-2.101582169627839447e-01,2.000000000000000000e+00
1.600270000000000081e+00,-2.178900000000000003e-01,-2.143705410665893152e-01,2.000000000000000000e+00
1.600270000000000081e+00,-2.178900000000000003e-01,-2.143705410665893152e-01,2.000000000000000000e+00
1.600270000000000081e+00,-2.178900000000000003e-01,-2.143705410665893152e-01,2.000000000000000000e+00
1.600270000000000081e+00,-2.178900000000000003e-01,-2.143705410665893152e-01,2.000000000000000000e+00
1.600270000000000081e+00,-2.178900000000000003e-01,-2.143705410665893152e-01,2.000000000000000000e+00
1.600270000000000081e+00,-2.178900000000000003e-01,-2.143705410665893152e-01,2.000000000000000000e+00
1.667180000000000106e+00,-2.348899999999999877e-01,-2.273216237415682517e-01,2.000000000000000000e+00
1.667180000000000106e+00,-2.348899999999999877e-01,-2.273216237415682517e-01,2.000000000000000000e+00
1.680290000000000061e+00,-2.379300000000000026e-01,-2.291663339828435564e-01,2.000000000000000000e+00
1.680290000000000061e+00,-2.379300000000000026e-01,-2.291663339828435564e-01,2.000000000000000000e+00
1.698190000000000088e+00,-2.416300000000000114e-01,-2.335052368780240195e-01,2.000000000000000000e+00
1.722089999999999899e+00,-2.463500000000000134e-01,-2.267825753566604097e-01,2.000000000000000000e+00
1.722089999999999899e+00,-2.463500000000000134e-01,-2.267825753566604097e-01,2.000000000000000000e+00
1.726730000000000098e+00,-2.488400000000000056e-01,-2.319905660573031436e-01,2.000000000000000000e+00
1.726730000000000098e+00,-2.488400000000000056e-01,-2.319905660573031436e-01,2.000000000000000000e+00
1.739970000000000017e+00,-2.527499999999999747e-01,-2.317668484651352889e-01,2.000000000000000000e+00
1.758440000000000003e+00,-2.569600000000000217e-01,-2.360913889088779305e-01,2.000000000000000000e+00
1.758440000000000003e+00,-2.569600000000000217e-01,-2.360913889088779305e-01,2.000000000000000000e+00
1.779549999999999965e+00,-2.617200000000000082e-01,-2.351414118955908183e-01,2.000000000000000000e+00
1.779549999999999965e+00,-2.617200000000000082e-01,-2.351414118955908183e-01,2.000000000000000000e+00
1.793530000000000069e+00,-2.661899999999999822e-01,-2.343171971154716648e-01,2.000000000000000000e+00
1.814240000000000075e+00,-2.713900000000000201e-01,-2.353136109732315850e-01,2.000000000000000000e+00
1.814240000000000075e+00,-2.713900000000000201e-01,-2.353136109732315850e-01,2.000000000000000000e+00
1.826310000000000100e+00,-2.750799999999999912e-01,-2.396518733602437945e-01,2.000000000000000000e+00
1.826310000000000100e+00,-2.750799999999999912e-01,-2.396518733602437945e-01,2.000000000000000000e+00
1.839609999999999967e+00,-2.793599999999999972e-01,-2.408777604228891089e-01,2.000000000000000000e+00
1.840719999999999912e+00,-2.797200000000000242e-01,-2.409509925546045594e-01,2.000000000000000000e+00
1.851020000000000110e+00,-2.827999999999999958e-01,-2.456066230898297786e-01,2.000000000000000000e+00
1.869410000000000016e+00,-2.878100000000000103e-01,-2.535661845006353388e-01,2.000000000000000000e+00
1.869410000000000016e+00,-2.878100000000000103e-01,-2.535661845006353388e-01,2.000000000000000000e+00
1.897240000000000038e+00,-2.970900000000000207e-01,-2.568032270525798522e-01,2.000000000000000000e+00
1.897240000000000038e+00,-2.970900000000000207e-01,-2.568032270525798522e-01,2.000000000000000000e+00
1.903100000000000014e+00,-2.996800000000000019e-01,-2.605920940484598991e-01,2.000000000000000000e+00
1.931049999999999933e+00,-3.052599999999999758e-01,-2.631018376342135756e-01,2.000000000000000000e+00
1.931049999999999933e+00,-3.052599999999999758e-01,-2.631018376342135756e-01,2.000000000000000000e+00
1.939429999999999987e+00,-3.083699999999999775e-01,-2.616390494311825465e-01,2.000000000000000000e+00
1.939429999999999987e+00,-3.083699999999999775e-01,-2.616390494311825465e-01,2.000000000000000000e+00
1.950209999999999999e+00,-3.112900000000000111e-01,-2.650378270417727555e-01,2.000000000000000000e+00
1.951030000000000042e+00,-3.115100000000000091e-01,-2.653191625475293525e-01,2.000000000000000000e+00
1.954280000000000017e+00,-3.130000000000000004e-01,-2.659681583014096296e-01,2.000000000000000000e+00
1.966909999999999936e+00,-3.160499999999999976e-01,-2.641816556919666659e-01,2.000000000000000000e+00
1.966909999999999936e+00,-3.160499999999999976e-01,-2.641816556919666659e-01,2.000000000000000000e+00
1.970269999999999966e+00,-3.176300000000000234e-01,-2.650876236040493050e-01,2.000000000000000000e+00
1.970269999999999966e+00,-3.176300000000000234e-01,-2.650876236040493050e-01,2.000000000000000000e+00
1.988739999999999952e+00,-3.213300000000000045e-01,-2.656787979113539033e-01,2.000000000000000000e+00
1.984159999999999924e+00,-3.209600000000000231e-01,-2.691183728146093745e-01,2.000000000000000000e+00
1.984159999999999924e+00,-3.209600000000000231e-01,-2.691183728146093745e-01,2.000000000000000000e+00
2.002050000000000107e+00,-3.244900000000000007e-01,-2.674911480376750972e-01,2.000000000000000000e+00
2.002050000000000107e+00,-3.244900000000000007e-01,-2.674911480376750972e-01,2.000000000000000000e+00
1.994890000000000052e+00,-3.239000000000000212e-01,-2.699476137991823621e-01,2.000000000000000000e+00
1.994890000000000052e+00,-3.239000000000000212e-01,-2.699476137991823621e-01,2.000000000000000000e+00
2.004179999999999851e+00,-3.258900000000000130e-01,-2.681674609464166359e-01,2.000000000000000000e+00
2.004910000000000192e+00,-3.265199999999999769e-01,-2.680765699138543123e-01,2.000000000000000000e+00
2.004910000000000192e+00,-3.265199999999999769e-01,-2.680765699138543123e-01,2.000000000000000000e+00
2.005720000000000169e+00,-3.266999999999999904e-01,-2.681217924000964259e-01,2.000000000000000000e+00
2.005720000000000169e+00,-3.266999999999999904e-01,-2.681217924000964259e-01,2.000000000000000000e+00
1.997219999999999995e+00,-3.253699999999999926e-01,-2.681092318109439265e-01,2.000000000000000000e+00
2.012459999999999916e+00,-3.274400000000000088e-01,-2.683680176972255693e-01,2.000000000000000000e+00
2.012459999999999916e+00,-3.274400000000000088e-01,-2.683680176972255693e-01,2.000000000000000000e+00
2.005920000000000147e+00,-3.263199999999999990e-01,-2.679564335031287547e-01,2.000000000000000000e+00
2.005920000000000147e+00,-3.263199999999999990e-01,-2.679564335031287547e-01,2.000000000000000000e+00
2.003610000000000113e+00,-3.261899999999999800e-01,-2.713524255258336071e-01,2.000000000000000000e+00
2.003480000000000150e+00,-3.261899999999999800e-01,-2.716211409644028740e-01,2.000000000000000000e+00
1.996969999999999912e+00,-3.250600000000000156e-01,-2.679059833255037493e-01,2.000000000000000000e+00
1.996429999999999927e+00,-3.249699999999999811e-01,-2.676014163323959805e-01,2.000000000000000000e+00
2.004360000000000142e+00,-3.265399999999999969e-01,-2.684974340125204084e-01,2.000000000000000000e+00
2.005279999999999951e+00,-3.265500000000000069e-01,-2.680449725986593368e-01,2.000000000000000000e+00
2.005279999999999951e+00,-3.265500000000000069e-01,-2.680449725986593368e-01,2.000000000000000000e+00
2.005220000000000002e+00,-3.263800000000000034e-01,-2.680511460920796396e-01,2.000000000000000000e+00
2.005220000000000002e+00,-3.263800000000000034e-01,-2.680511460920796396e-01,2.000000000000000000e+00
1.996629999999999905e+00,-3.252700000000000036e-01,-2.680948187603001687e-01,2.000000000000000000e+00
1.996629999999999905e+00,-3.252700000000000036e-01,-2.680948187603001687e-01,2.000000000000000000e+00
1.996629999999999905e+00,-3.252700000000000036e-01,-2.680948187603001687e-01,2.000000000000000000e+00
1.996629999999999905e+00,-3.252700000000000036e-01,-2.680948187603001687e-01,2.000000000000000000e+00
1.995940000000000047e+00,-3.251899999999999791e-01,-2.680970460120408738e-01,2.000000000000000000e+00
1.996439999999999992e+00,-3.252200000000000091e-01,-2.679699721730107176e-01,2.000000000000000000e+00
2.004550000000000054e+00,-3.264299999999999979e-01,-2.679683093529079962e-01,2.000000000000000000e+00
2.004550000000000054e+00,-3.264299999999999979e-01,-2.679683093529079962e-01,2.000000000000000000e+00
2.005139999999999922e+00,-3.265600000000000169e-01,-2.680071867210624958e-01,2.000000000000000000e+00
2.005020000000000024e+00,-3.266600000000000059e-01,-2.685214380764471276e-01,2.000000000000000000e+00
-1.209999999999999921e-03,1.100000000000000039e-04,0.000000000000000000e+00,2.000000000000000000e+00
-1.319999999999999993e-03,1.200000000000000030e-04,-1.905289039314775508e-05,2.000000000000000000e+00
-2.700000000000000035e-04,-2.000000000000000164e-05,1.846123442902175300e-03,2.000000000000000000e+00
1.000000000000000048e-04,-2.500000000000000052e-04,2.290822583946511347e-04,2.000000000000000000e+00
1.000000000000000048e-04,-2.500000000000000052e-04,2.290822583946511347e-04,2.000000000000000000e+00
1.399999999999999877e-04,9.000000000000000567e-05,1.102605559099932683e-04,2.000000000000000000e+00
1.399999999999999877e-04,9.000000000000000567e-05,1.102605559099932683e-04,2.000000000000000000e+00
1.800000000000000113e-04,6.000000000000000152e-05,5.282513216906032814e-04,2.000000000000000000e+00
1.800000000000000113e-04,6.000000000000000152e-05,5.555364476624920656e-04,2.000000000000000000e+00
1.499999999999999869e-04,-2.000000000000000164e-05,7.380653001263663476e-05,2.000000000000000000e+00
1.499999999999999869e-04,-3.000000000000000076e-05,3.756126904838293958e-05,2.000000000000000000e+00
1.499999999999999869e-04,-3.000000000000000076e-05,3.756126904838293958e-05,2.000000000000000000e+00
-9.300000000000000541e-04,1.600000000000000131e-04,2.342507861751848231e-04,2.000000000000000000e+00
-9.300000000000000541e-04,1.600000000000000131e-04,2.342507861751848231e-04,2.000000000000000000e+00
1.430000000000000064e-03,2.799999999999999755e-04,1.402462007418593453e-04,2.000000000000000000e+00
1.660000000000000017e-03,2.799999999999999755e-04,1.303676309126919840e-04,2.000000000000000000e+00
6.819999999999999674e-03,-1.100000000000000039e-04,-7.772728428391426298e-05,2.000000000000000000e+00
8.609999999999999598e-03,1.600000000000000131e-04,-1.125301090143237702e-03,2.000000000000000000e+00
8.609999999999999598e-03,1.600000000000000131e-04,-1.125301090143237702e-03,2.000000000000000000e+00
1.952999999999999875e-02,-3.899999999999999929e-04,-4.199527061656563309e-03,2.000000000000000000e+00
1.952999999999999875e-02,-3.899999999999999929e-04,-4.199527061656563309e-03,2.000000000000000000e+00
2.833000000000000101e-02,-5.100000000000000366e-04,-6.016936984862143734e-03,2.000000000000000000e+00
2.898999999999999841e-02,-5.199999999999999544e-04,-6.147545114239602940e-03,2.000000000000000000e+00
3.839999999999999664e-02,-7.799999999999999859e-04,-8.102595821667762238e-03,2.000000000000000000e+00
4.925999999999999823e-02,-1.670000000000000043e-03,-1.035590149688686741e-02,2.000000000000000000e+00
4.925999999999999823e-02,-1.670000000000000043e-03,-1.035590149688686741e-02,2.000000000000000000e+00
5.843000000000000277e-02,-2.360000000000000119e-03,-1.153422835600657025e-02,2.000000000000000000e+00
5.940999999999999753e-02,-2.439999999999999895e-03,-1.165089778195263492e-02,2.000000000000000000e+00
7.169000000000000372e-02,-3.239999999999999825e-03,-1.482101015206311982e-02,2.000000000000000000e+00
8.273999999999999411e-02,-3.569999999999999823e-03,-2.069265697714141664e-02,2.000000000000000000e+00
8.273999999999999411e-02,-3.569999999999999823e-03,-2.069265697714141664e-02,2.000000000000000000e+00
9.896000000000000629e-02,-4.680000000000000132e-03,-2.317409319593232916e-02,2.000000000000000000e+00
1.105300000000000032e-01,-4.950000000000000407e-03,-2.725067047127500974e-02,2.000000000000000000e+00
1.105300000000000032e-01,-4.950000000000000407e-03,-2.725067047127500974e-02,2.000000000000000000e+00
1.261200000000000099e-01,-5.729999999999999850e-03,-2.952158636742793427e-02,2.000000000000000000e+00
1.261200000000000099e-01,-5.729999999999999850e-03,-2.952158636742793427e-02,2.000000000000000000e+00
1.396799999999999986e-01,-6.400000000000000307e-03,-3.358346999119087711e-02,2.000000000000000000e+00
1.407200000000000117e-01,-6.450000000000000004e-03,-3.391456517615516753e-02,2.000000000000000000e+00
1.561599999999999933e-01,-7.579999999999999932e-03,-3.602722834545993985e-02,2.000000000000000000e+00
1.698399999999999910e-01,-7.849999999999999339e-03,-3.877712726793234449e-02,2.000000000000000000e+00
1.698399999999999910e-01,-7.849999999999999339e-03,-3.877712726793234449e-02,2.000000000000000000e+00
1.850100000000000078e-01,-8.689999999999999808e-03,-4.599610082824297230e-02,2.000000000000000000e+00
1.861700000000000021e-01,-8.760000000000000425e-03,-4.656019752161803110e-02,2.000000000000000000e+00
2.006499999999999950e-01,-9.459999999999999659e-03,-4.716087487867011430e-02,2.000000000000000000e+00
2.128299999999999914e-01,-9.990000000000000616e-03,-4.708498619569299187e-02,2.000000000000000000e+00
2.128299999999999914e-01,-9.990000000000000616e-03,-4.708498619569299187e-02,2.000000000000000000e+00
2.316199999999999926e-01,-1.145999999999999970e-02,-4.782652532786177413e-02,2.000000000000000000e+00
2.496099999999999985e-01,-1.280000000000000061e-02,-5.044947574220495085e-02,2.000000000000000000e+00
2.496099999999999985e-01,-1.280000000000000061e-02,-5.044947574220495085e-02,2.000000000000000000e+00
2.610000000000000098e-01,-1.380999999999999936e-02,-5.139122718513980392e-02,2.000000000000000000e+00
2.610000000000000098e-01,-1.380999999999999936e-02,-5.139122718513980392e-02,2.000000000000000000e+00
2.787399999999999878e-01,-1.550999999999999948e-02,-5.607713345352239448e-02,2.000000000000000000e+00
2.951699999999999879e-01,-1.733000000000000165e-02,-6.284117689830742703e-02,2.000000000000000000e+00
2.951699999999999879e-01,-1.733000000000000165e-02,-6.284117689830742703e-02,2.000000000000000000e+00
3.116200000000000081e-01,-1.915999999999999995e-02,-6.294148087995611596e-02,2.000000000000000000e+00
3.128500000000000170e-01,-1.930000000000000118e-02,-6.290702010860253768e-02,2.000000000000000000e+00
3.262999999999999790e-01,-2.057000000000000148e-02,-6.910239399857383280e-02,2.000000000000000000e+00
3.447999999999999954e-01,-2.203000000000000097e-02,-7.771625077898022815e-02,2.000000000000000000e+00
3.447999999999999954e-01,-2.203000000000000097e-02,-7.771625077898022815e-02,2.000000000000000000e+00
3.585900000000000198e-01,-2.332000000000000045e-02,-7.966679453533369315e-02,2.000000000000000000e+00
3.595300000000000162e-01,-2.340000000000000066e-02,-7.976036319736322378e-02,2.000000000000000000e+00
3.718600000000000239e-01,-2.440000000000000155e-02,-7.785109444041332649e-02,2.000000000000000000e+00
3.930699999999999750e-01,-2.628000000000000128e-02,-7.839533148231968285e-02,2.000000000000000000e+00
3.930699999999999750e-01,-2.628000000000000128e-02,-7.839533148231968285e-02,2.000000000000000000e+00
4.041899999999999937e-01,-2.716999999999999971e-02,-8.309885804753144867e-02,2.000000000000000000e+00
4.049499999999999766e-01,-2.723000000000000073e-02,-8.346998673288794079e-02,2.000000000000000000e+00
4.215099999999999958e-01,-2.870999999999999941e-02,-8.272443818668497040e-02,2.000000000000000000e+00
4.389600000000000168e-01,-3.046000000000000096e-02,-8.562768424784578114e-02,2.000000000000000000e+00
4.389600000000000168e-01,-3.046000000000000096e-02,-8.562768424784578114e-02,2.000000000000000000e+00
4.402200000000000002e-01,-3.058999999999999914e-02,-8.585723051200384870e-02,2.000000000000000000e+00
4.697999999999999954e-01,-3.329000000000000015e-02,-8.934029072440305419e-02,2.000000000000000000e+00
4.697999999999999954e-01,-3.329000000000000015e-02,-8.934029072440305419e-02,2.000000000000000000e+00
4.835599999999999898e-01,-3.493000000000000271e-02,-9.111457098559222478e-02,2.000000000000000000e+00
4.835599999999999898e-01,-3.493000000000000271e-02,-9.111457098559222478e-02,2.000000000000000000e+00
5.008000000000000229e-01,-3.765999999999999903e-02,-9.645290665129296892e-02,2.000000000000000000e+00
5.167699999999999516e-01,-4.028000000000000330e-02,-1.006981213993108359e-01,2.000000000000000000e+00
5.167699999999999516e-01,-4.028000000000000330e-02,-1.006981213993108359e-01,2.000000000000000000e+00
5.299500000000000322e-01,-4.177000000000000157e-02,-1.043679608303770684e-01,2.000000000000000000e+00
5.299500000000000322e-01,-4.177000000000000157e-02,-1.043679608303770684e-01,2.000000000000000000e+00
5.480699999999999461e-01,-4.417999999999999705e-02,-1.094626002573210188e-01,2.000000000000000000e+00
5.668499999999999650e-01,-4.628999999999999782e-02,-1.111554904982177822e-01,2.000000000000000000e+00
5.668499999999999650e-01,-4.628999999999999782e-02,-1.111554904982177822e-01,2.000000000000000000e+00
5.836700000000000221e-01,-4.843999999999999695e-02,-1.104740411261712907e-01,2.000000000000000000e+00
5.836700000000000221e-01,-4.843999999999999695e-02,-1.104740411261712907e-01,2.000000000000000000e+00
5.970699999999999896e-01,-5.013999999999999707e-02,-1.117569206542251975e-01,2.000000000000000000e+00
6.135699999999999488e-01,-5.202999999999999986e-02,-1.110530045086505491e-01,2.000000000000000000e+00
6.135699999999999488e-01,-5.202999999999999986e-02,-1.110530045086505491e-01,2.000000000000000000e+00
6.300999999999999934e-01,-5.387999999999999734e-02,-1.158387778632753440e-01,2.000000000000000000e+00
6.300999999999999934e-01,-5.387999999999999734e-02,-1.158387778632753440e-01,2.000000000000000000e+00
6.437000000000000499e-01,-5.557000000000000134e-02,-1.194686966007782181e-01,2.000000000000000000e+00
6.603499999999999925e-01,-5.791999999999999926e-02,-1.191223181545973536e-01,2.000000000000000000e+00
6.603499999999999925e-01,-5.791999999999999926e-02,-1.191223181545973536e-01,2.000000000000000000e+00
6.743999999999999995e-01,-5.988999999999999879e-02,-1.223910133010028822e-01,2.000000000000000000e+00
6.907600000000000406e-01,-6.194000000000000200e-02,-1.237716397064462931e-01,2.000000000000000000e+00
6.907600000000000406e-01,-6.194000000000000200e-02,-1.237716397064462931e-01,2.000000000000000000e+00
7.048699999999999966e-01,-6.400999999999999746e-02,-1.270647338768099710e-01,2.000000000000000000e+00
7.048699999999999966e-01,-6.400999999999999746e-02,-1.270647338768099710e-01,2.000000000000000000e+00
7.060199999999999809e-01,-6.418000000000000094e-02,-1.273527281774511910e-01,2.000000000000000000e+00
7.386500000000000288e-01,-7.047000000000000486e-02,-1.328742932147775890e-01,2.000000000000000000e+00
7.386500000000000288e-01,-7.047000000000000486e-02,-1.328742932147775890e-01,2.000000000000000000e+00
7.386500000000000288e-01,-7.047000000000000486e-02,-1.328742932147775890e-01,2.000000000000000000e+00
7.386500000000000288e-01,-7.047000000000000486e-02,-1.328742932147775890e-01,2.000000000000000000e+00
7.386500000000000288e-01,-7.047000000000000486e-02,-1.328742932147775890e-01,2.000000000000000000e+00
7.386500000000000288e-01,-7.047000000000000486e-02,-1.328742932147775890e-01,2.000000000000000000e+00
7.399999999999999911e-01,-7.073999999999999733e-02,-1.333822727507020522e-01,2.000000000000000000e+00
8.024099999999999566e-01,-8.050999999999999823e-02,-1.424597146537643910e-01,2.000000000000000000e+00
8.024099999999999566e-01,-8.050999999999999823e-02,-1.424597146537643910e-01,2.000000000000000000e+00
8.035200000000000120e-01,-8.069999999999999396e-02,-1.424311473842774511e-01,2.000000000000000000e+00
8.035200000000000120e-01,-8.069999999999999396e-02,-1.424311473842774511e-01,2.000000000000000000e+00
8.346099999999999630e-01,-8.561000000000000554e-02,-1.472282278510402831e-01,2.000000000000000000e+00
8.359299999999999509e-01,-8.580999999999999739e-02,-1.473694984227079952e-01,2.000000000000000000e+00
8.523500000000000520e-01,-8.810999999999999388e-02,-1.509913742820451488e-01,2.000000000000000000e+00
8.672299999999999454e-01,-9.038999999999999813e-02,-1.530460707633676809e-01,2.000000000000000000e+00
8.821999999999999842e-01,-9.313000000000000445e-02,-1.527073132707100211e-01,2.000000000000000000e+00
8.821999999999999842e-01,-9.313000000000000445e-02,-1.527073132707100211e-01,2.000000000000000000e+00
8.821999999999999842e-01,-9.313000000000000445e-02,-1.527073132707100211e-01,2.000000000000000000e+00
8.821999999999999842e-01,-9.313000000000000445e-02,-1.527073132707100211e-01,2.000000000000000000e+00
8.821999999999999842e-01,-9.313000000000000445e-02,-1.527073132707100211e-01,2.000000000000000000e+00
9.193700000000000205e-01,-9.918000000000000427e-02,-1.556111127994842525e-01,2.000000000000000000e+00
9.307600000000000318e-01,-1.014800000000000008e-01,-1.592283207220583363e-01,2.000000000000000000e+00
9.315999999999999837e-01,-1.016600000000000004e-01,-1.595427527384772615e-01,2.000000000000000000e+00
9.463399999999999590e-01,-1.049999999999999961e-01,-1.614701124783123887e-01,2.000000000000000000e+00
9.634700000000000486e-01,-1.087299999999999933e-01,-1.630465168840398438e-01,2.000000000000000000e+00
9.649900000000000144e-01,-1.090600000000000042e-01,-1.631880465016326276e-01,2.000000000000000000e+00
9.783199999999999674e-01,-1.116800000000000015e-01,-1.688557855279637920e-01,2.000000000000000000e+00
9.935399999999999787e-01,-1.143799999999999956e-01,-1.710724331159627076e-01,2.000000000000000000e+00
9.948099999999999721e-01,-1.145999999999999935e-01,-1.712240617634664119e-01,2.000000000000000000e+00
1.012890000000000068e+00,-1.176399999999999946e-01,-1.726034755853752822e-01,2.000000000000000000e+00
1.028210000000000068e+00,-1.206399999999999972e-01,-1.766896138676117556e-01,2.000000000000000000e+00
1.028210000000000068e+00,-1.206399999999999972e-01,-1.766896138676117556e-01,2.000000000000000000e+00
1.042480000000000073e+00,-1.238999999999999962e-01,-1.783436204617315501e-01,2.000000000000000000e+00
1.042480000000000073e+00,-1.238999999999999962e-01,-1.783436204617315501e-01,2.000000000000000000e+00
1.062950000000000061e+00,-1.276799999999999879e-01,-1.823813339037394510e-01,2.000000000000000000e+00
1.073809999999999931e+00,-1.295499999999999985e-01,-1.862919046904748521e-01,2.000000000000000000e+00
1.073809999999999931e+00,-1.295499999999999985e-01,-1.862919046904748521e-01,2.000000000000000000e+00
1.094910000000000050e+00,-1.332299999999999873e-01,-1.836126165021158829e-01,2.000000000000000000e+00
1.094910000000000050e+00,-1.332299999999999873e-01,-1.836126165021158829e-01,2.000000000000000000e+00
1.109879999999999978e+00,-1.363800000000000012e-01,-1.894272462636607257e-01,2.000000000000000000e+00
1.110989999999999922e+00,-1.366199999999999914e-01,-1.899205449226409881e-01,2.000000000000000000e+00
1.121539999999999981e+00,-1.390899999999999914e-01,-1.914689380407708641e-01,2.000000000000000000e+00
1.137909999999999977e+00,-1.424700000000000133e-01,-1.908180357882143241e-01,2.000000000000000000e+00
1.137909999999999977e+00,-1.424700000000000133e-01,-1.908180357882143241e-01,2.000000000000000000e+00
1.154109999999999969e+00,-1.458899999999999919e-01,-1.922413186480511627e-01,2.000000000000000000e+00
1.174879999999999924e+00,-1.505499999999999894e-01,-1.921596197938728601e-01,2.000000000000000000e+00
1.174879999999999924e+00,-1.505499999999999894e-01,-1.921596197938728601e-01,2.000000000000000000e+00
1.190099999999999936e+00,-1.543799999999999895e-01,-1.980258110494818313e-01,2.000000000000000000e+00
1.191550000000000109e+00,-1.547600000000000087e-01,-1.986490745053449414e-01,2.000000000000000000e+00
1.202169999999999961e+00,-1.573799999999999921e-01,-1.999112734006193715e-01,2.000000000000000000e+00
1.217719999999999914e+00,-1.607399999999999940e-01,-2.045625571402935883e-01,2.000000000000000000e+00
1.217719999999999914e+00,-1.607399999999999940e-01,-2.045625571402935883e-01,2.000000000000000000e+00
1.234699999999999909e+00,-1.642899999999999916e-01,-2.037390537284906877e-01,2.000000000000000000e+00
1.234699999999999909e+00,-1.642899999999999916e-01,-2.037390537284906877e-01,2.000000000000000000e+00
1.256340000000000012e+00,-1.691900000000000071e-01,-2.059109656415838430e-01,2.000000000000000000e+00
1.267789999999999973e+00,-1.718899999999999872e-01,-2.093979188005344327e-01,2.000000000000000000e+00
1.267789999999999973e+00,-1.718899999999999872e-01,-2.093979188005344327e-01,2.000000000000000000e+00
1.289099999999999913e+00,-1.759100000000000108e-01,-2.113394030937564561e-01,2.000000000000000000e+00
1.289099999999999913e+00,-1.759100000000000108e-01,-2.113394030937564561e-01,2.000000000000000000e+00
1.300049999999999928e+00,-1.784999999999999920e-01,-2.180409852009861926e-01,2.000000000000000000e+00
1.312370000000000037e+00,-1.815599999999999992e-01,-2.171244446883678070e-01,2.000000000000000000e+00
1.312370000000000037e+00,-1.815599999999999992e-01,-2.171244446883678070e-01,2.000000000000000000e+00
1.334899999999999975e+00,-1.861800000000000122e-01,-2.166538546428676548e-01,2.000000000000000000e+00
1.334899999999999975e+00,-1.861800000000000122e-01,-2.166538546428676548e-01,2.000000000000000000e+00
1.346729999999999983e+00,-1.893799999999999928e-01,-2.205526129390845691e-01,2.000000000000000000e+00
1.369019999999999904e+00,-1.938400000000000123e-01,-2.227822169336036717e-01,2.000000000000000000e+00
1.369019999999999904e+00,-1.938400000000000123e-01,-2.227822169336036717e-01,2.000000000000000000e+00
1.381340000000000012e+00,-1.973300000000000054e-01,-2.243479108770567165e-01,2.000000000000000000e+00
1.381340000000000012e+00,-1.973300000000000054e-01,-2.243479108770567165e-01,2.000000000000000000e+00
1.398109999999999964e+00,-2.021100000000000119e-01,-2.259975478520051262e-01,2.000000000000000000e+00
1.399580000000000046e+00,-2.025200000000000056e-01,-2.261396030897327158e-01,2.000000000000000000e+00
1.409599999999999964e+00,-2.063500000000000056e-01,-2.306566248695811339e-01,2.000000000000000000e+00
1.426330000000000098e+00,-2.106899999999999884e-01,-2.327761933038476061e-01,2.000000000000000000e+00
1.426330000000000098e+00,-2.106899999999999884e-01,-2.327761933038476061e-01,2.000000000000000000e+00
1.437570000000000014e+00,-2.139000000000000068e-01,-2.368241416521825460e-01,2.000000000000000000e+00
1.438549999999999995e+00,-2.141800000000000093e-01,-2.372096582399438602e-01,2.000000000000000000e+00
1.455089999999999995e+00,-2.183900000000000008e-01,-2.386718662645951339e-01,2.000000000000000000e+00
1.473019999999999996e+00,-2.227200000000000013e-01,-2.405476247566157300e-01,2.000000000000000000e+00
1.473019999999999996e+00,-2.227200000000000013e-01,-2.405476247566157300e-01,2.000000000000000000e+00
1.490690000000000071e+00,-2.272500000000000075e-01,-2.424824011240186983e-01,2.000000000000000000e+00
1.509239999999999915e+00,-2.317899999999999960e-01,-2.444618108362084374e-01,2.000000000000000000e+00
1.509239999999999915e+00,-2.317899999999999960e-01,-2.444618108362084374e-01,2.000000000000000000e+00
1.520499999999999963e+00,-2.348000000000000087e-01,-2.481583217407599407e-01,2.000000000000000000e+00
1.520499999999999963e+00,-2.348000000000000087e-01,-2.481583217407599407e-01,2.000000000000000000e+00
1.527870000000000061e+00,-2.378300000000000136e-01,-2.476125182685831871e-01,2.000000000000000000e+00
1.528429999999999955e+00,-2.380700000000000038e-01,-2.475330224167927584e-01,2.000000000000000000e+00
1.552240000000000064e+00,-2.434000000000000052e-01,-2.467442638547591438e-01,2.000000000000000000e+00
1.570629999999999971e+00,-2.483400000000000052e-01,-2.511421656354220766e-01,2.000000000000000000e+00
1.570629999999999971e+00,-2.483400000000000052e-01,-2.511421656354220766e-01,2.000000000000000000e+00
1.582940000000000014e+00,-2.520600000000000063e-01,-2.530524983414927931e-01,2.000000000000000000e+00
1.582940000000000014e+00,-2.520600000000000063e-01,-2.530524983414927931e-01,2.000000000000000000e+00
1.595069999999999988e+00,-2.560600000000000098e-01,-2.548434648524223745e-01,2.000000000000000000e+00
1.620179999999999954e+00,-2.628900000000000126e-01,-2.546933535447714059e-01,2.000000000000000000e+00
1.620179999999999954e+00,-2.628900000000000126e-01,-2.546933535447714059e-01,2.000000000000000000e+00
1.630749999999999922e+00,-2.673499999999999766e-01,-2.620177067260885395e-01,2.000000000000000000e+00
1.630749999999999922e+00,-2.673499999999999766e-01,-2.620177067260885395e-01,2.000000000000000000e+00
1.649610000000000021e+00,-2.725000000000000200e-01,-2.643660489046144035e-01,2.000000000000000000e+00
1.649610000000000021e+00,-2.725000000000000200e-01,-2.643660489046144035e-01,2.000000000000000000e+00
1.654949999999999921e+00,-2.754499999999999726e-01,-2.684975711644206897e-01,2.000000000000000000e+00
1.675599999999999978e+00,-2.803800000000000181e-01,-2.650406198460031337e-01,2.000000000000000000e+00
1.675599999999999978e+00,-2.803800000000000181e-01,-2.650406198460031337e-01,2.000000000000000000e+00
1.694239999999999968e+00,-2.856600000000000250e-01,-2.690840686766366452e-01,2.000000000000000000e+00
1.694239999999999968e+00,-2.856600000000000250e-01,-2.690840686766366452e-01,2.000000000000000000e+00
1.707629999999999981e+00,-2.903399999999999870e-01,-2.683944146582356027e-01,2.000000000000000000e+00
1.708820000000000006e+00,-2.907600000000000184e-01,-2.682920462912821713e-01,2.000000000000000000e+00
1.720779999999999976e+00,-2.942699999999999760e-01,-2.699149588554633494e-01,2.000000000000000000e+00
1.739230000000000054e+00,-2.990099999999999980e-01,-2.742805830039052317e-01,2.000000000000000000e+00
1.739230000000000054e+00,-2.990099999999999980e-01,-2.742805830039052317e-01,2.000000000000000000e+00
1.740750000000000020e+00,-2.994100000000000095e-01,-2.746462341340920044e-01,2.000000000000000000e+00
1.740750000000000020e+00,-2.994100000000000095e-01,-2.746462341340920044e-01,2.000000000000000000e+00
1.740750000000000020e+00,-2.994100000000000095e-01,-2.746462341340920044e-01,2.000000000000000000e+00
1.740750000000000020e+00,-2.994100000000000095e-01,-2.746462341340920044e-01,2.000000000000000000e+00
1.740750000000000020e+00,-2.994100000000000095e-01,-2.746462341340920044e-01,2.000000000000000000e+00
1.740750000000000020e+00,-2.994100000000000095e-01,-2.746462341340920044e-01,2.000000000000000000e+00
1.740750000000000020e+00,-2.994100000000000095e-01,-2.746462341340920044e-01,2.000000000000000000e+00
1.740750000000000020e+00,-2.994100000000000095e-01,-2.746462341340920044e-01,2.000000000000000000e+00
1.740750000000000020e+00,-2.994100000000000095e-01,-2.746462341340920044e-01,2.000000000000000000e+00
1.740750000000000020e+00,-2.994100000000000095e-01,-2.746462341340920044e-01,2.000000000000000000e+00
1.740750000000000020e+00,-2.994100000000000095e-01,-2.746462341340920044e-01,2.000000000000000000e+00
1.554159999999999986e+00,-3.036699999999999955e-01,-2.622652359681869161e+00,2.000000000000000000e+00
1.860170000000000101e+00,-3.394300000000000095e-01,-2.863316670763832672e+00,2.000000000000000000e+00
1.733500000000000041e+00,-3.048699999999999743e-01,-2.919013879386685439e-01,2.000000000000000000e+00
1.893809999999999993e+00,-3.492799999999999794e-01,-3.024050937456044252e-01,2.000000000000000000e+00
1.893809999999999993e+00,-3.492799999999999794e-01,-3.024050937456044252e-01,2.000000000000000000e+00
1.905980000000000008e+00,-3.538700000000000179e-01,-3.045464832201373873e-01,2.000000000000000000e+00
1.906949999999999923e+00,-3.542399999999999993e-01,-3.047035174052838413e-01,2.000000000000000000e+00
1.926320000000000032e+00,-3.603100000000000191e-01,-3.071076219498549698e-01,2.000000000000000000e+00
1.933240000000000069e+00,-3.637099999999999778e-01,-3.049950421492934605e-01,2.000000000000000000e+00
1.933240000000000069e+00,-3.637099999999999778e-01,-3.049950421492934605e-01,2.000000000000000000e+00
1.939959999999999907e+00,-3.657099999999999795e-01,-3.147557434467245230e-01,2.000000000000000000e+00
1.940469999999999917e+00,-3.658600000000000185e-01,-3.155473672289615950e-01,2.000000000000000000e+00
1.960409999999999986e+00,-3.706400000000000250e-01,-3.139996976711969534e-01,2.000000000000000000e+00
1.964520000000000044e+00,-3.732599999999999807e-01,-3.151217295919841455e-01,2.000000000000000000e+00
1.964520000000000044e+00,-3.732599999999999807e-01,-3.151217295919841455e-01,2.000000000000000000e+00
1.967340000000000089e+00,-3.752800000000000025e-01,-3.155808435246896249e-01,2.000000000000000000e+00
1.967340000000000089e+00,-3.752800000000000025e-01,-3.155808435246896249e-01,2.000000000000000000e+00
1.978750000000000009e+00,-3.781399999999999761e-01,-3.138017317586116461e-01,2.000000000000000000e+00
1.981630000000000003e+00,-3.793699999999999850e-01,-3.138351341846216114e-01,2.000000000000000000e+00
1.981630000000000003e+00,-3.793699999999999850e-01,-3.138351341846216114e-01,2.000000000000000000e+00
1.981630000000000003e+00,-3.793699999999999850e-01,-3.138351341846216114e-01,2.000000000000000000e+00
1.982679999999999998e+00,-3.804400000000000004e-01,-3.144762562900411673e-01,2.000000000000000000e+00
1.991810000000000080e+00,-3.828699999999999881e-01,-3.155372198679121110e-01,2.000000000000000000e+00
1.991130000000000067e+00,-3.833900000000000086e-01,-3.186463502497236533e-01,2.000000000000000000e+00
1.991130000000000067e+00,-3.833900000000000086e-01,-3.186463502497236533e-01,2.000000000000000000e+00
1.994329999999999936e+00,-3.841800000000000215e-01,-3.127494063092455812e-01,2.000000000000000000e+00
1.994620000000000060e+00,-3.842400000000000260e-01,-3.122305440116292519e-01,2.000000000000000000e+00
1.993649999999999922e+00,-3.843799999999999994e-01,-3.151746137774497081e-01,2.000000000000000000e+00
1.993649999999999922e+00,-3.843799999999999994e-01,-3.151746137774497081e-01,2.000000000000000000e+00
1.985370000000000079e+00,-3.825299999999999812e-01,-3.149029447764172818e-01,2.000000000000000000e+00
1.992369999999999974e+00,-3.836999999999999855e-01,-3.152662183365378401e-01,2.000000000000000000e+00
1.992369999999999974e+00,-3.836999999999999855e-01,-3.152662183365378401e-01,2.000000000000000000e+00
1.992920000000000025e+00,-3.838699999999999890e-01,-3.153387856986332172e-01,2.000000000000000000e+00
2.001250000000000195e+00,-3.854000000000000203e-01,-3.158803762734847531e-01,2.000000000000000000e+00
2.001250000000000195e+00,-3.854000000000000203e-01,-3.158803762734847531e-01,2.000000000000000000e+00
2.001500000000000057e+00,-3.851399999999999824e-01,-3.158179302346430517e-01,2.000000000000000000e+00
2.001459999999999795e+00,-3.851100000000000079e-01,-3.158093460145570686e-01,2.000000000000000000e+00
2.001459999999999795e+00,-3.851100000000000079e-01,-3.158093460145570686e-01,2.000000000000000000e+00
2.001900000000000013e+00,-3.851999999999999869e-01,-3.158460652968297366e-01,2.000000000000000000e+00
2.001900000000000013e+00,-3.851999999999999869e-01,-3.158460652968297366e-01,2.000000000000000000e+00
2.001910000000000078e+00,-3.855000000000000093e-01,-3.159160008432612132e-01,2.000000000000000000e+00
2.001900000000000013e+00,-3.855199999999999738e-01,-3.159220753779314328e-01,2.000000000000000000e+00
2.001320000000000210e+00,-3.851600000000000024e-01,-3.158271592009403439e-01,2.000000000000000000e+00
1.993900000000000006e+00,-3.835799999999999765e-01,-3.153726387442257750e-01,2.000000000000000000e+00
1.993900000000000006e+00,-3.835799999999999765e-01,-3.153726387442257750e-01,2.000000000000000000e+00
2.000779999999999781e+00,-3.849799999999999889e-01,-3.157695777657714142e-01,2.000000000000000000e+00
2.001459999999999795e+00,-3.851100000000000079e-01,-3.158093460145570686e-01,2.000000000000000000e+00
2.001450000000000173e+00,-3.850999999999999979e-01,-3.162364363723749738e-01,2.000000000000000000e+00
1.993519999999999959e+00,-3.838099999999999845e-01,-3.154686187113391327e-01,2.000000000000000000e+00
1.993519999999999959e+00,-3.838099999999999845e-01,-3.154686187113391327e-01,2.000000000000000000e+00
1.992930000000000090e+00,-3.835500000000000020e-01,-3.152524952101309341e-01,2.000000000000000000e+00
1.992930000000000090e+00,-3.835500000000000020e-01,-3.152524952101309341e-01,2.000000000000000000e+00
1.994569999999999954e+00,-3.837700000000000000e-01,-3.123594556669064826e-01,2.000000000000000000e+00
-8.000000000000000383e-04,2.100000000000000087e-04,0.000000000000000000e+00,2.000000000000000000e+00
1.539999999999999919e-03,-3.099999999999999999e-04,3.852272660505819861e-04,2.000000000000000000e+00
1.539999999999999919e-03,-3.099999999999999999e-04,3.852272660505819861e-04,2.000000000000000000e+00
3.800000000000000209e-04,-1.000000000000000048e-04,2.186339775536331261e-04,2.000000000000000000e+00
2.599999999999999772e-04,-8.000000000000000654e-05,2.017669206702836417e-04,2.000000000000000000e+00
-4.299999999999999894e-04,3.000000000000000076e-05,-1.573352444785184462e-03,2.000000000000000000e+00
6.999999999999999929e-04,-6.999999999999999387e-05,5.786506811027299860e-05,2.000000000000000000e+00
6.999999999999999929e-04,-6.999999999999999387e-05,5.786506811027299860e-05,2.000000000000000000e+00
6.099999999999999737e-04,-6.000000000000000152e-05,1.688661000952875195e-04,2.000000000000000000e+00
6.099999999999999737e-04,-6.000000000000000152e-05,1.688661000952875195e-04,2.000000000000000000e+00
-6.499999999999999702e-04,1.600000000000000131e-04,3.625182323867537620e-04,2.000000000000000000e+00
-7.399999999999999894e-04,1.800000000000000113e-04,3.769876268820073102e-04,2.000000000000000000e+00
-6.800000000000000488e-04,0.000000000000000000e+00,-1.176177167371171648e-03,2.000000000000000000e+00
-3.299999999999999982e-04,1.100000000000000039e-04,-1.751302518260400894e-03,2.000000000000000000e+00
-3.299999999999999982e-04,1.100000000000000039e-04,-1.751302518260400894e-03,2.000000000000000000e+00
3.419999999999999863e-03,6.999999999999999387e-05,-2.968256379228402216e-05,2.000000000000000000e+00
3.419999999999999863e-03,6.999999999999999387e-05,-2.968256379228402216e-05,2.000000000000000000e+00
3.690000000000000138e-03,6.999999999999999387e-05,9.845006562058595851e-05,2.000000000000000000e+00
1.221000000000000037e-02,8.000000000000000383e-04,2.994375890184964662e-04,2.000000000000000000e+00
1.221000000000000037e-02,8.000000000000000383e-04,2.994375890184964662e-04,2.000000000000000000e+00
1.244999999999999926e-02,8.199999999999999824e-04,2.758044706635550498e-04,2.000000000000000000e+00
2.273999999999999980e-02,1.499999999999999869e-04,-2.361666317117594883e-03,2.000000000000000000e+00
2.350999999999999965e-02,9.000000000000000567e-05,-2.549182170964707766e-03,2.000000000000000000e+00
2.350999999999999965e-02,9.000000000000000567e-05,-2.549182170964707766e-03,2.000000000000000000e+00
4.041000000000000147e-02,-4.000000000000000192e-04,-5.230875532789210601e-03,2.000000000000000000e+00
5.337000000000000077e-02,-1.319999999999999993e-03,-7.295096599495615522e-03,2.000000000000000000e+00
5.337000000000000077e-02,-1.319999999999999993e-03,-7.295096599495615522e-03,2.000000000000000000e+00
6.486999999999999711e-02,-1.940000000000000101e-03,-8.858838656731111288e-03,2.000000000000000000e+00
7.650999999999999468e-02,-2.139999999999999975e-03,-1.097727286138973357e-02,2.000000000000000000e+00
7.650999999999999468e-02,-2.139999999999999975e-03,-1.097727286138973357e-02,2.000000000000000000e+00
8.519999999999999796e-02,-2.180000000000000080e-03,-1.416312312158511492e-02,2.000000000000000000e+00
8.519999999999999796e-02,-2.180000000000000080e-03,-1.416312312158511492e-02,2.000000000000000000e+00
1.021600000000000008e-01,-3.289999999999999956e-03,-1.456200460581679595e-02,2.000000000000000000e+00
1.172200000000000047e-01,-3.670000000000000085e-03,-1.789382862568155222e-02,2.000000000000000000e+00
1.172200000000000047e-01,-3.670000000000000085e-03,-1.789382862568155222e-02,2.000000000000000000e+00
1.329899999999999971e-01,-4.329999999999999648e-03,-1.956928592667648778e-02,2.000000000000000000e+00
1.329899999999999971e-01,-4.329999999999999648e-03,-1.956928592667648778e-02,2.000000000000000000e+00
1.455200000000000105e-01,-4.910000000000000302e-03,-2.563035395347070672e-02,2.000000000000000000e+00
1.593999999999999861e-01,-5.720000000000000258e-03,-2.675343741047308752e-02,2.000000000000000000e+00
1.593999999999999861e-01,-5.720000000000000258e-03,-2.675343741047308752e-02,2.000000000000000000e+00
1.737100000000000033e-01,-6.029999999999999770e-03,-3.091505838643044193e-02,2.000000000000000000e+00
1.747900000000000009e-01,-6.049999999999999822e-03,-3.125150185494652427e-02,2.000000000000000000e+00
1.891599999999999948e-01,-6.429999999999999952e-03,-3.510296458147620091e-02,2.000000000000000000e+00
1.891599999999999948e-01,-6.429999999999999952e-03,-3.510296458147620091e-02,2.000000000000000000e+00
1.891599999999999948e-01,-6.429999999999999952e-03,-3.510296458147620091e-02,2.000000000000000000e+00
2.208400000000000085e-01,-7.870000000000000259e-03,-3.700556881990138547e-02,2.000000000000000000e+00
2.216799999999999882e-01,-7.910000000000000364e-03,-3.699003817902683788e-02,2.000000000000000000e+00
2.366499999999999992e-01,-8.880000000000000740e-03,-3.803135206658064815e-02,2.000000000000000000e+00
2.377299999999999969e-01,-8.949999999999999623e-03,-3.810641560711126169e-02,2.000000000000000000e+00
2.540600000000000080e-01,-1.038999999999999993e-02,-4.018943043467013143e-02,2.000000000000000000e+00
2.688599999999999879e-01,-1.141999999999999960e-02,-4.124654669355314052e-02,2.000000000000000000e+00
2.699599999999999778e-01,-1.149999999999999981e-02,-4.131892235560200716e-02,2.000000000000000000e+00
2.849499999999999811e-01,-1.299999999999999940e-02,-4.381383796171080952e-02,2.000000000000000000e+00
3.014000000000000012e-01,-1.442000000000000053e-02,-5.222127843603970032e-02,2.000000000000000000e+00
3.014000000000000012e-01,-1.442000000000000053e-02,-5.222127843603970032e-02,2.000000000000000000e+00
3.165200000000000236e-01,-1.553999999999999999e-02,-5.205311240800326172e-02,2.000000000000000000e+00
3.165200000000000236e-01,-1.553999999999999999e-02,-5.205311240800326172e-02,2.000000000000000000e+00
3.335600000000000231e-01,-1.704999999999999918e-02,-5.439507544008984757e-02,2.000000000000000000e+00
3.505800000000000027e-01,-1.827000000000000152e-02,-6.099465847953952635e-02,2.000000000000000000e+00
3.505800000000000027e-01,-1.827000000000000152e-02,-6.099465847953952635e-02,2.000000000000000000e+00
3.656599999999999850e-01,-1.933999999999999955e-02,-6.281290001304423720e-02,2.000000000000000000e+00
3.656599999999999850e-01,-1.933999999999999955e-02,-6.281290001304423720e-02,2.000000000000000000e+00
3.804699999999999749e-01,-2.060999999999999985e-02,-6.392916364081725755e-02,2.000000000000000000e+00
3.976100000000000190e-01,-2.191999999999999851e-02,-6.703839999958934037e-02,2.000000000000000000e+00
3.976100000000000190e-01,-2.191999999999999851e-02,-6.703839999958934037e-02,2.000000000000000000e+00
4.108700000000000130e-01,-2.276999999999999857e-02,-6.914658200459095072e-02,2.000000000000000000e+00
4.108700000000000130e-01,-2.276999999999999857e-02,-6.914658200459095072e-02,2.000000000000000000e+00
4.286499999999999755e-01,-2.403999999999999887e-02,-7.087856072167510180e-02,2.000000000000000000e+00
4.300100000000000033e-01,-2.414000000000000173e-02,-7.100603875355593342e-02,2.000000000000000000e+00
4.462499999999999800e-01,-2.561000000000000082e-02,-6.954593441513819141e-02,2.000000000000000000e+00
4.620400000000000063e-01,-2.740000000000000074e-02,-6.914256677247447580e-02,2.000000000000000000e+00
4.620400000000000063e-01,-2.740000000000000074e-02,-6.914256677247447580e-02,2.000000000000000000e+00
4.775800000000000045e-01,-2.892000000000000126e-02,-7.555744010213180650e-02,2.000000000000000000e+00
4.775800000000000045e-01,-2.892000000000000126e-02,-7.555744010213180650e-02,2.000000000000000000e+00
4.930499999999999883e-01,-3.060999999999999832e-02,-7.940251600435452306e-02,2.000000000000000000e+00
4.943199999999999816e-01,-3.074999999999999956e-02,-7.969460977817346969e-02,2.000000000000000000e+00
5.065600000000000103e-01,-3.250999999999999723e-02,-8.491881221145555769e-02,2.000000000000000000e+00
5.240799999999999903e-01,-3.436000000000000165e-02,-8.834395770794989389e-02,2.000000000000000000e+00
5.240799999999999903e-01,-3.436000000000000165e-02,-8.834395770794989389e-02,2.000000000000000000e+00
5.405999999999999694e-01,-3.631000000000000200e-02,-8.995653116419005668e-02,2.000000000000000000e+00
5.405999999999999694e-01,-3.631000000000000200e-02,-8.995653116419005668e-02,2.000000000000000000e+00
5.544099999999999584e-01,-3.774000000000000271e-02,-9.071309171907671054e-02,2.000000000000000000e+00
5.728600000000000358e-01,-3.953000000000000264e-02,-9.185212733924247308e-02,2.000000000000000000e+00
5.728600000000000358e-01,-3.953000000000000264e-02,-9.185212733924247308e-02,2.000000000000000000e+00
5.893899999999999695e-01,-4.150999999999999829e-02,-9.087461353552517274e-02,2.000000000000000000e+00
5.893899999999999695e-01,-4.150999999999999829e-02,-9.087461353552517274e-02,2.000000000000000000e+00
6.053100000000000147e-01,-4.329000000000000209e-02,-9.372755175002557559e-02,2.000000000000000000e+00
6.065099999999999936e-01,-4.343000000000000332e-02,-9.396950048178058512e-02,2.000000000000000000e+00
6.216099999999999959e-01,-4.503999999999999670e-02,-9.509025851571652199e-02,2.000000000000000000e+00
6.230299999999999727e-01,-4.519000000000000100e-02,-9.519530933035377784e-02,2.000000000000000000e+00
6.360799999999999788e-01,-4.633000000000000312e-02,-9.825591246749834640e-02,2.000000000000000000e+00
6.496600000000000152e-01,-4.769000000000000322e-02,-9.933836995100613076e-02,2.000000000000000000e+00
6.508800000000000141e-01,-4.780999999999999833e-02,-9.942153130109589176e-02,2.000000000000000000e+00
6.662000000000000144e-01,-4.968000000000000194e-02,-1.006183893667878387e-01,2.000000000000000000e+00
6.677499999999999547e-01,-4.988000000000000073e-02,-1.007395710019104718e-01,2.000000000000000000e+00
6.835900000000000309e-01,-5.152999999999999942e-02,-1.016671883834725093e-01,2.000000000000000000e+00
7.055099999999999705e-01,-5.668999999999999734e-02,-1.081451616952685962e-01,2.000000000000000000e+00
7.055099999999999705e-01,-5.668999999999999734e-02,-1.081451616952685962e-01,2.000000000000000000e+00
7.260799999999999477e-01,-6.001000000000000084e-02,-1.102082841576241118e-01,2.000000000000000000e+00
7.374800000000000244e-01,-6.178999999999999770e-02,-1.134538797573390462e-01,2.000000000000000000e+00
7.374800000000000244e-01,-6.178999999999999770e-02,-1.134538797573390462e-01,2.000000000000000000e+00
7.543199999999999905e-01,-6.390999999999999459e-02,-1.147483198545412031e-01,2.000000000000000000e+00
7.543199999999999905e-01,-6.390999999999999459e-02,-1.147483198545412031e-01,2.000000000000000000e+00
7.697500000000000453e-01,-6.583999999999999575e-02,-1.140533141833976333e-01,2.000000000000000000e+00
7.697500000000000453e-01,-6.583999999999999575e-02,-1.140533141833976333e-01,2.000000000000000000e+00
7.697500000000000453e-01,-6.583999999999999575e-02,-1.140533141833976333e-01,2.000000000000000000e+00
7.697500000000000453e-01,-6.583999999999999575e-02,-1.140533141833976333e-01,2.000000000000000000e+00
8.047900000000000054e-01,-7.087000000000000244e-02,-1.191140928979429470e-01,2.000000000000000000e+00
8.064299999999999802e-01,-7.112000000000000266e-02,-1.192023185331226448e-01,2.000000000000000000e+00
8.064299999999999802e-01,-7.112000000000000266e-02,-1.192023185331226448e-01,2.000000000000000000e+00
8.064299999999999802e-01,-7.112000000000000266e-02,-1.192023185331226448e-01,2.000000000000000000e+00
8.196700000000000097e-01,-7.295999999999999708e-02,-1.227282219955330850e-01,2.000000000000000000e+00
8.555599999999999872e-01,-7.735000000000000209e-02,-1.296249593033095837e-01,2.000000000000000000e+00
8.672499999999999654e-01,-7.906000000000000527e-02,-1.296135915704945130e-01,2.000000000000000000e+00
8.682699999999999863e-01,-7.921000000000000263e-02,-1.295696042062120523e-01,2.000000000000000000e+00
8.859500000000000153e-01,-8.157000000000000361e-02,-1.285127505064465880e-01,2.000000000000000000e+00
9.013099999999999445e-01,-8.404999999999999971e-02,-1.298642475490737747e-01,2.000000000000000000e+00
9.013099999999999445e-01,-8.404999999999999971e-02,-1.298642475490737747e-01,2.000000000000000000e+00
9.224599999999999467e-01,-8.558999999999999941e-02,-1.360848452469612946e-01,2.000000000000000000e+00
9.224599999999999467e-01,-8.558999999999999941e-02,-1.360848452469612946e-01,2.000000000000000000e+00
9.419999999999999485e-01,-8.885999999999999455e-02,-1.361179594116093405e-01,2.000000000000000000e+00
9.419999999999999485e-01,-8.885999999999999455e-02,-1.361179594116093405e-01,2.000000000000000000e+00
9.612300000000000288e-01,-9.216000000000000580e-02,-1.372910080217894513e-01,2.000000000000000000e+00
9.724399999999999711e-01,-9.418999999999999595e-02,-1.409689972226802201e-01,2.000000000000000000e+00
9.724399999999999711e-01,-9.418999999999999595e-02,-1.409689972226802201e-01,2.000000000000000000e+00
9.917799999999999949e-01,-9.700000000000000289e-02,-1.405498622599876402e-01,2.000000000000000000e+00
9.917799999999999949e-01,-9.700000000000000289e-02,-1.405498622599876402e-01,2.000000000000000000e+00
1.008259999999999934e+00,-9.954000000000000348e-02,-1.412866184638052192e-01,2.000000000000000000e+00
1.023239999999999927e+00,-1.017799999999999955e-01,-1.423968001053008969e-01,2.000000000000000000e+00
1.023239999999999927e+00,-1.017799999999999955e-01,-1.423968001053008969e-01,2.000000000000000000e+00
1.038240000000000052e+00,-1.047199999999999936e-01,-1.462401054686872370e-01,2.000000000000000000e+00
1.038240000000000052e+00,-1.047199999999999936e-01,-1.462401054686872370e-01,2.000000000000000000e+00
1.053180000000000005e+00,-1.074699999999999961e-01,-1.504210866354958043e-01,2.000000000000000000e+00
1.053180000000000005e+00,-1.074699999999999961e-01,-1.504210866354958043e-01,2.000000000000000000e+00
1.072950000000000070e+00,-1.104500000000000065e-01,-1.545694562750792034e-01,2.000000000000000000e+00
1.084370000000000056e+00,-1.121700000000000058e-01,-1.587655209772017850e-01,2.000000000000000000e+00
1.084370000000000056e+00,-1.121700000000000058e-01,-1.587655209772017850e-01,2.000000000000000000e+00
1.109480000000000022e+00,-1.159300000000000053e-01,-1.556377854455820720e-01,2.000000000000000000e+00
1.109480000000000022e+00,-1.159300000000000053e-01,-1.556377854455820720e-01,2.000000000000000000e+00
1.111709999999999976e+00,-1.162600000000000022e-01,-1.553191249752127190e-01,2.000000000000000000e+00
1.125909999999999966e+00,-1.188700000000000034e-01,-1.588801401068631602e-01,2.000000000000000000e+00
1.137620000000000076e+00,-1.214800000000000046e-01,-1.603812956389263078e-01,2.000000000000000000e+00
1.137620000000000076e+00,-1.214800000000000046e-01,-1.603812956389263078e-01,2.000000000000000000e+00
1.138609999999999900e+00,-1.217099999999999987e-01,-1.604921868319804934e-01,2.000000000000000000e+00
1.169410000000000061e+00,-1.277500000000000024e-01,-1.659680058575715711e-01,2.000000000000000000e+00
1.169410000000000061e+00,-1.277500000000000024e-01,-1.659680058575715711e-01,2.000000000000000000e+00
1.186080000000000023e+00,-1.309899999999999953e-01,-1.652419912709030547e-01,2.000000000000000000e+00
1.187489999999999934e+00,-1.312599999999999878e-01,-1.651475172686266701e-01,2.000000000000000000e+00
1.207130000000000036e+00,-1.346700000000000119e-01,-1.664729286310361323e-01,2.000000000000000000e+00
1.219870000000000010e+00,-1.371999999999999886e-01,-1.678000024166483306e-01,2.000000000000000000e+00
1.219870000000000010e+00,-1.371999999999999886e-01,-1.678000024166483306e-01,2.000000000000000000e+00
1.231959999999999944e+00,-1.396600000000000064e-01,-1.667163575654195817e-01,2.000000000000000000e+00
1.233060000000000045e+00,-1.398899999999999866e-01,-1.665996900670313197e-01,2.000000000000000000e+00
1.252310000000000034e+00,-1.432900000000000007e-01,-1.706737824597572006e-01,2.000000000000000000e+00
1.269390000000000018e+00,-1.469799999999999995e-01,-1.748823800714128240e-01,2.000000000000000000e+00
1.269390000000000018e+00,-1.469799999999999995e-01,-1.748823800714128240e-01,2.000000000000000000e+00
1.291009999999999991e+00,-1.508200000000000096e-01,-1.766836374167942425e-01,2.000000000000000000e+00
1.291009999999999991e+00,-1.508200000000000096e-01,-1.766836374167942425e-01,2.000000000000000000e+00
1.303250000000000020e+00,-1.529699999999999949e-01,-1.803309337307033022e-01,2.000000000000000000e+00
1.314200000000000035e+00,-1.549599999999999866e-01,-1.841246434434176682e-01,2.000000000000000000e+00
1.314200000000000035e+00,-1.549599999999999866e-01,-1.841246434434176682e-01,2.000000000000000000e+00
1.315010000000000012e+00,-1.551099999999999979e-01,-1.844069035058301387e-01,2.000000000000000000e+00
1.341329999999999911e+00,-1.620600000000000096e-01,-1.843919762583249577e-01,2.000000000000000000e+00
1.341329999999999911e+00,-1.620600000000000096e-01,-1.843919762583249577e-01,2.000000000000000000e+00
1.361459999999999892e+00,-1.665800000000000058e-01,-1.860017211240240498e-01,2.000000000000000000e+00
1.377110000000000056e+00,-1.697200000000000097e-01,-1.895835756654946913e-01,2.000000000000000000e+00
1.378370000000000095e+00,-1.699700000000000100e-01,-1.898697607491190431e-01,2.000000000000000000e+00
1.389459999999999917e+00,-1.728099999999999914e-01,-1.915097065199326265e-01,2.000000000000000000e+00
1.406930000000000014e+00,-1.767600000000000005e-01,-1.931936870155215313e-01,2.000000000000000000e+00
1.419799999999999951e+00,-1.797499999999999931e-01,-1.924328786462746188e-01,2.000000000000000000e+00
1.419799999999999951e+00,-1.797499999999999931e-01,-1.924328786462746188e-01,2.000000000000000000e+00
1.442660000000000053e+00,-1.843400000000000039e-01,-1.936334991332942790e-01,2.000000000000000000e+00
1.442660000000000053e+00,-1.843400000000000039e-01,-1.936334991332942790e-01,2.000000000000000000e+00
1.455089999999999995e+00,-1.872900000000000120e-01,-1.971781258641720491e-01,2.000000000000000000e+00
1.472650000000000015e+00,-1.908999999999999864e-01,-1.993272900964652983e-01,2.000000000000000000e+00
1.472650000000000015e+00,-1.908999999999999864e-01,-1.993272900964652983e-01,2.000000000000000000e+00
1.485109999999999930e+00,-1.942800000000000082e-01,-2.009108959222354607e-01,2.000000000000000000e+00
1.485109999999999930e+00,-1.942800000000000082e-01,-2.009108959222354607e-01,2.000000000000000000e+00
1.502340000000000009e+00,-1.980500000000000038e-01,-2.051934297665395368e-01,2.000000000000000000e+00
1.513819999999999943e+00,-2.010000000000000120e-01,-2.090659083184371048e-01,2.000000000000000000e+00
1.513819999999999943e+00,-2.010000000000000120e-01,-2.090659083184371048e-01,2.000000000000000000e+00
1.538610000000000033e+00,-2.056399999999999895e-01,-2.080079342479168869e-01,2.000000000000000000e+00
1.538610000000000033e+00,-2.056399999999999895e-01,-2.080079342479168869e-01,2.000000000000000000e+00
1.557020000000000071e+00,-2.093200000000000061e-01,-2.123863340203825112e-01,2.000000000000000000e+00
1.564070000000000071e+00,-2.122900000000000065e-01,-2.133361762525005090e-01,2.000000000000000000e+00
1.564070000000000071e+00,-2.122900000000000065e-01,-2.133361762525005090e-01,2.000000000000000000e+00
1.575609999999999955e+00,-2.156500000000000083e-01,-2.151171886305588143e-01,2.000000000000000000e+00
1.575609999999999955e+00,-2.156500000000000083e-01,-2.151171886305588143e-01,2.000000000000000000e+00
1.600260000000000016e+00,-2.208100000000000063e-01,-2.172024640588399447e-01,2.000000000000000000e+00
1.602079999999999949e+00,-2.211799999999999877e-01,-2.173505586038482484e-01,2.000000000000000000e+00
1.620130000000000070e+00,-2.256799999999999917e-01,-2.195113398855094988e-01,2.000000000000000000e+00
1.627750000000000030e+00,-2.285999999999999976e-01,-2.187060209744438044e-01,2.000000000000000000e+00
1.627750000000000030e+00,-2.285999999999999976e-01,-2.187060209744438044e-01,2.000000000000000000e+00
1.644849999999999923e+00,-2.329799999999999927e-01,-2.225697572373440403e-01,2.000000000000000000e+00
1.644849999999999923e+00,-2.329799999999999927e-01,-2.225697572373440403e-01,2.000000000000000000e+00
1.651939999999999964e+00,-2.357899999999999996e-01,-2.223234298867378667e-01,2.000000000000000000e+00
1.677159999999999984e+00,-2.409999999999999920e-01,-2.229022470298688274e-01,2.000000000000000000e+00
1.677159999999999984e+00,-2.409999999999999920e-01,-2.229022470298688274e-01,2.000000000000000000e+00
1.702460000000000084e+00,-2.447100000000000108e-01,-2.255095484657637928e-01,2.000000000000000000e+00
1.702460000000000084e+00,-2.447100000000000108e-01,-2.255095484657637928e-01,2.000000000000000000e+00
1.715340000000000087e+00,-2.484099999999999919e-01,-2.291105714350582800e-01,2.000000000000000000e+00
1.715340000000000087e+00,-2.484099999999999919e-01,-2.291105714350582800e-01,2.000000000000000000e+00
1.716250000000000053e+00,-2.487000000000000044e-01,-2.294007923563524953e-01,2.000000000000000000e+00
1.727659999999999973e+00,-2.525100000000000122e-01,-2.344621129404702853e-01,2.000000000000000000e+00
1.747449999999999948e+00,-2.564899999999999958e-01,-2.327436095434104457e-01,2.000000000000000000e+00
1.761120000000000019e+00,-2.598199999999999954e-01,-2.343096851790466562e-01,2.000000000000000000e+00
1.761120000000000019e+00,-2.598199999999999954e-01,-2.343096851790466562e-01,2.000000000000000000e+00
1.779789999999999983e+00,-2.640799999999999814e-01,-2.384299115706361993e-01,2.000000000000000000e+00
1.779789999999999983e+00,-2.640799999999999814e-01,-2.384299115706361993e-01,2.000000000000000000e+00
1.794399999999999995e+00,-2.684300000000000019e-01,-2.368912107406957179e-01,2.000000000000000000e+00
1.795619999999999994e+00,-2.687999999999999834e-01,-2.367090308581777658e-01,2.000000000000000000e+00
1.806349999999999900e+00,-2.727299999999999724e-01,-2.415748402855276422e-01,2.000000000000000000e+00
1.819420000000000037e+00,-2.769800000000000040e-01,-2.431388539577598318e-01,2.000000000000000000e+00
1.819420000000000037e+00,-2.769800000000000040e-01,-2.431388539577598318e-01,2.000000000000000000e+00
1.838780000000000081e+00,-2.819300000000000139e-01,-2.456019345309574942e-01,2.000000000000000000e+00
1.840189999999999992e+00,-2.822899999999999854e-01,-2.457828153250937453e-01,2.000000000000000000e+00
1.846640000000000059e+00,-2.849900000000000211e-01,-2.437975508154370530e-01,2.000000000000000000e+00
1.872859999999999969e+00,-2.912600000000000189e-01,-2.478594346049946273e-01,2.000000000000000000e+00
1.872859999999999969e+00,-2.912600000000000189e-01,-2.478594346049946273e-01,2.000000000000000000e+00
1.888160000000000061e+00,-2.959499999999999909e-01,-2.474558876744288594e-01,2.000000000000000000e+00
1.889270000000000005e+00,-2.963000000000000078e-01,-2.473922073178858039e-01,2.000000000000000000e+00
1.898870000000000058e+00,-2.993000000000000105e-01,-2.541251410518156062e-01,2.000000000000000000e+00
1.899680000000000035e+00,-2.995599999999999929e-01,-2.546873501224138359e-01,2.000000000000000000e+00
1.911659999999999915e+00,-3.027900000000000036e-01,-2.524451907485422142e-01,2.000000000000000000e+00
1.922539999999999916e+00,-3.055999999999999828e-01,-2.565200826887281682e-01,2.000000000000000000e+00
1.922539999999999916e+00,-3.055999999999999828e-01,-2.565200826887281682e-01,2.000000000000000000e+00
1.926039999999999974e+00,-3.072099999999999831e-01,-2.575680101849427972e-01,2.000000000000000000e+00
1.934320000000000039e+00,-3.100700000000000123e-01,-2.615692518187534565e-01,2.000000000000000000e+00
1.934320000000000039e+00,-3.100700000000000123e-01,-2.615692518187534565e-01,2.000000000000000000e+00
1.935009999999999897e+00,-3.103099999999999747e-01,-2.619083291016514603e-01,2.000000000000000000e+00
1.946350000000000025e+00,-3.131499999999999839e-01,-2.625076018533327171e-01,2.000000000000000000e+00
1.956040000000000001e+00,-3.150700000000000167e-01,-2.634230285631404822e-01,2.000000000000000000e+00
1.958769999999999900e+00,-3.155899999999999817e-01,-2.635303213603305550e-01,2.000000000000000000e+00
1.958769999999999900e+00,-3.155899999999999817e-01,-2.635303213603305550e-01,2.000000000000000000e+00
1.958110000000000017e+00,-3.164199999999999791e-01,-2.669977781725830779e-01,2.000000000000000000e+00
1.958110000000000017e+00,-3.164199999999999791e-01,-2.669977781725830779e-01,2.000000000000000000e+00
1.959170000000000078e+00,-3.169100000000000250e-01,-2.673367954423496728e-01,2.000000000000000000e+00
1.968990000000000018e+00,-3.190299999999999803e-01,-2.649598013252106865e-01,2.000000000000000000e+00
1.968990000000000018e+00,-3.190299999999999803e-01,-2.649598013252106865e-01,2.000000000000000000e+00
1.963009999999999922e+00,-3.180600000000000094e-01,-2.644567771541088130e-01,2.000000000000000000e+00
1.963009999999999922e+00,-3.180600000000000094e-01,-2.644567771541088130e-01,2.000000000000000000e+00
1.970239999999999991e+00,-3.191899999999999737e-01,-2.652362605588997613e-01,2.000000000000000000e+00
1.970970000000000111e+00,-3.194699999999999762e-01,-2.648151283649406440e-01,2.000000000000000000e+00
1.970970000000000111e+00,-3.194699999999999762e-01,-2.648151283649406440e-01,2.000000000000000000e+00
1.963049999999999962e+00,-3.183400000000000118e-01,-2.645052168886047328e-01,2.000000000000000000e+00
1.963049999999999962e+00,-3.183400000000000118e-01,-2.645052168886047328e-01,2.000000000000000000e+00
1.969889999999999919e+00,-3.191200000000000148e-01,-2.642925997588964071e-01,2.000000000000000000e+00
1.970800000000000107e+00,-3.192300000000000137e-01,-2.642704266597260543e-01,2.000000000000000000e+00
1.962890000000000024e+00,-3.177599999999999869e-01,-2.643397115635325312e-01,2.000000000000000000e+00
1.970120000000000093e+00,-3.187999999999999723e-01,-2.646382950262368694e-01,2.000000000000000000e+00
1.970120000000000093e+00,-3.187999999999999723e-01,-2.646382950262368694e-01,2.000000000000000000e+00
1.962960000000000038e+00,-3.180299999999999794e-01,-2.640138379180705930e-01,2.000000000000000000e+00
1.962960000000000038e+00,-3.180299999999999794e-01,-2.640138379180705930e-01,2.000000000000000000e+00
1.968569999999999931e+00,-3.190899999999999848e-01,-2.671942564086059457e-01,2.000000000000000000e+00
1.961500000000000021e+00,-3.179100000000000259e-01,-2.670808809304551223e-01,2.000000000000000000e+00
1.961500000000000021e+00,-3.179100000000000259e-01,-2.670808809304551223e-01,2.000000000000000000e+00
1.960800000000000098e+00,-3.180799999999999739e-01,-2.671104208571261629e-01,2.000000000000000000e+00
1.960800000000000098e+00,-3.180799999999999739e-01,-2.671104208571261629e-01,2.000000000000000000e+00
1.960800000000000098e+00,-3.181100000000000039e-01,-2.671167443618036041e-01,2.000000000000000000e+00
1.960800000000000098e+00,-3.181100000000000039e-01,-2.671167443618036041e-01,2.000000000000000000e+00
1.961109999999999909e+00,-3.181399999999999784e-01,-2.675419143467429595e-01,2.000000000000000000e+00
1.961149999999999949e+00,-3.181399999999999784e-01,-2.675850211073707574e-01,2.000000000000000000e+00
1.961149999999999949e+00,-3.181399999999999784e-01,-2.675850211073707574e-01,2.000000000000000000e+00
1.960869999999999891e+00,-3.178199999999999914e-01,-2.675158627308060755e-01,2.000000000000000000e+00
1.960869999999999891e+00,-3.178199999999999914e-01,-2.675158627308060755e-01,2.000000000000000000e+00
1.969889999999999919e+00,-3.190999999999999948e-01,-2.645625944726426315e-01,2.000000000000000000e+00
1.970800000000000107e+00,-3.192300000000000137e-01,-2.642704266597260543e-01,2.000000000000000000e+00
1.961629999999999985e+00,-3.179199999999999804e-01,-2.668170988656037301e-01,2.000000000000000000e+00
1.969850000000000101e+00,-3.191300000000000248e-01,-2.649347186421810441e-01,2.000000000000000000e+00
1.969850000000000101e+00,-3.191300000000000248e-01,-2.649347186421810441e-01,2.000000000000000000e+00
-0.000000000000000000e+00,-1.000000000000000082e-05,0.000000000000000000e+00,2.000000000000000000e+00
-0.000000000000000000e+00,-1.000000000000000082e-05,0.000000000000000000e+00,2.000000000000000000e+00
-2.300000000000000070e-04,2.000000000000000164e-05,-1.581939941077820360e-03,2.000000000000000000e+00
7.100000000000000191e-04,-1.900000000000000105e-04,-2.432734919252340679e-05,2.000000000000000000e+00
7.100000000000000191e-04,-1.900000000000000105e-04,-2.432734919252340679e-05,2.000000000000000000e+00
2.799999999999999755e-04,-1.000000000000000082e-05,-1.844020139066984525e-03,2.000000000000000000e+00
-1.299999999999999886e-04,1.000000000000000082e-05,-4.929538810252725610e-04,2.000000000000000000e+00
-1.299999999999999886e-04,1.000000000000000082e-05,-4.929538810252725610e-04,2.000000000000000000e+00
-6.000000000000000152e-05,-2.000000000000000164e-05,-3.294635612406071569e-04,2.000000000000000000e+00
-1.199999999999999895e-03,1.700000000000000122e-04,-4.455138226142849869e-04,2.000000000000000000e+00
-1.199999999999999895e-03,1.700000000000000122e-04,-4.455138226142849869e-04,2.000000000000000000e+00
-1.700000000000000122e-04,5.000000000000000240e-05,-1.262749877583205834e-03,2.000000000000000000e+00
-1.700000000000000122e-04,5.000000000000000240e-05,-1.262749877583205834e-03,2.000000000000000000e+00
-5.299999999999999807e-04,1.000000000000000048e-04,-2.122256534741747726e-03,2.000000000000000000e+00
-5.299999999999999807e-04,1.000000000000000048e-04,-2.122256534741747726e-03,2.000000000000000000e+00
5.649999999999999641e-03,-2.400000000000000061e-04,-5.830694576743409956e-04,2.000000000000000000e+00
6.320000000000000097e-03,-2.700000000000000035e-04,-4.156764368457263907e-04,2.000000000000000000e+00
9.809999999999999276e-03,-3.299999999999999982e-04,-3.122505281708534350e-03,2.000000000000000000e+00
1.864000000000000032e-02,-8.700000000000000051e-04,-3.261538053494182632e-03,2.000000000000000000e+00
1.864000000000000032e-02,-8.700000000000000051e-04,-3.261538053494182632e-03,2.000000000000000000e+00
3.077999999999999833e-02,-3.299999999999999982e-04,-4.556956844598746871e-03,2.000000000000000000e+00
3.077999999999999833e-02,-3.299999999999999982e-04,-4.556956844598746871e-03,2.000000000000000000e+00
4.010999999999999982e-02,-2.799999999999999755e-04,-8.417174549675342926e-03,2.000000000000000000e+00
4.070000000000000007e-02,-2.900000000000000017e-04,-8.681058463650987572e-03,2.000000000000000000e+00
4.907999999999999863e-02,-7.900000000000000121e-04,-1.204550820538256156e-02,2.000000000000000000e+00
4.993999999999999828e-02,-8.499999999999999526e-04,-1.239142215199434509e-02,2.000000000000000000e+00
6.274000000000000410e-02,-1.719999999999999958e-03,-1.100989115967145569e-02,2.000000000000000000e+00
7.575999999999999401e-02,-2.030000000000000120e-03,-1.449143151920784245e-02,2.000000000000000000e+00
7.575999999999999401e-02,-2.030000000000000120e-03,-1.449143151920784245e-02,2.000000000000000000e+00
8.666999999999999704e-02,-2.279999999999999909e-03,-1.583186438670912063e-02,2.000000000000000000e+00
8.666999999999999704e-02,-2.279999999999999909e-03,-1.583186438670912063e-02,2.000000000000000000e+00
1.006900000000000017e-01,-3.619999999999999954e-03,-1.825172030071646814e-02,2.000000000000000000e+00
1.015699999999999936e-01,-3.710000000000000190e-03,-1.840598896512914140e-02,2.000000000000000000e+00
1.129899999999999932e-01,-4.080000000000000293e-03,-2.030987201846846599e-02,2.000000000000000000e+00
1.283799999999999941e-01,-4.729999999999999830e-03,-2.212699521264839889e-02,2.000000000000000000e+00
1.283799999999999941e-01,-4.729999999999999830e-03,-2.212699521264839889e-02,2.000000000000000000e+00
1.421099999999999863e-01,-5.360000000000000181e-03,-2.773161693271058645e-02,2.000000000000000000e+00
1.421099999999999863e-01,-5.360000000000000181e-03,-2.773161693271058645e-02,2.000000000000000000e+00
1.616299999999999959e-01,-7.889999999999999444e-03,-3.423044124319508247e-02,2.000000000000000000e+00
1.616299999999999959e-01,-7.889999999999999444e-03,-3.423044124319508247e-02,2.000000000000000000e+00
1.772299999999999986e-01,-9.169999999999999332e-03,-3.880069669648279762e-02,2.000000000000000000e+00
1.955699999999999938e-01,-1.038000000000000034e-02,-4.262508113754893968e-02,2.000000000000000000e+00
1.955699999999999938e-01,-1.038000000000000034e-02,-4.262508113754893968e-02,2.000000000000000000e+00
1.971400000000000097e-01,-1.048999999999999932e-02,-4.293988435410101001e-02,2.000000000000000000e+00
1.971400000000000097e-01,-1.048999999999999932e-02,-4.293988435410101001e-02,2.000000000000000000e+00
1.971400000000000097e-01,-1.048999999999999932e-02,-4.293988435410101001e-02,2.000000000000000000e+00
1.971400000000000097e-01,-1.048999999999999932e-02,-4.293988435410101001e-02,2.000000000000000000e+00
1.971400000000000097e-01,-1.048999999999999932e-02,-4.293988435410101001e-02,2.000000000000000000e+00
1.971400000000000097e-01,-1.048999999999999932e-02,-4.293988435410101001e-02,2.000000000000000000e+00
1.971400000000000097e-01,-1.048999999999999932e-02,-4.293988435410101001e-02,2.000000000000000000e+00
1.971400000000000097e-01,-1.048999999999999932e-02,-4.293988435410101001e-02,2.000000000000000000e+00
1.971400000000000097e-01,-1.048999999999999932e-02,-4.293988435410101001e-02,2.000000000000000000e+00
1.971400000000000097e-01,-1.048999999999999932e-02,-4.293988435410101001e-02,2.000000000000000000e+00
1.971400000000000097e-01,-1.048999999999999932e-02,-4.293988435410101001e-02,2.000000000000000000e+00
2.996599999999999819e-01,-1.507999999999999965e-02,-5.834017784664129874e-02,2.000000000000000000e+00
3.125700000000000145e-01,-1.607000000000000095e-02,-5.839653068711758016e-02,2.000000000000000000e+00
3.272900000000000253e-01,-1.784000000000000169e-02,-5.980234487437188079e-02,2.000000000000000000e+00
3.436600000000000210e-01,-1.936999999999999833e-02,-6.765418659692620795e-02,2.000000000000000000e+00
3.436600000000000210e-01,-1.936999999999999833e-02,-6.765418659692620795e-02,2.000000000000000000e+00
3.591599999999999793e-01,-2.074000000000000149e-02,-6.815712362772424759e-02,2.000000000000000000e+00
3.760200000000000209e-01,-2.217999999999999833e-02,-6.929389405943660318e-02,2.000000000000000000e+00
3.760200000000000209e-01,-2.217999999999999833e-02,-6.929389405943660318e-02,2.000000000000000000e+00
3.932300000000000240e-01,-2.364000000000000129e-02,-7.186544276940250164e-02,2.000000000000000000e+00
3.932300000000000240e-01,-2.364000000000000129e-02,-7.186544276940250164e-02,2.000000000000000000e+00
3.947399999999999798e-01,-2.376999999999999946e-02,-7.210260928978505512e-02,2.000000000000000000e+00
4.238700000000000245e-01,-2.695000000000000173e-02,-7.653185716368186842e-02,2.000000000000000000e+00
4.238700000000000245e-01,-2.695000000000000173e-02,-7.653185716368186842e-02,2.000000000000000000e+00
4.416700000000000070e-01,-2.802999999999999936e-02,-7.795985439432942532e-02,2.000000000000000000e+00
4.416700000000000070e-01,-2.802999999999999936e-02,-7.795985439432942532e-02,2.000000000000000000e+00
4.554500000000000215e-01,-2.870999999999999941e-02,-7.663058310717806021e-02,2.000000000000000000e+00
4.726099999999999746e-01,-3.030000000000000054e-02,-8.314145072217796195e-02,2.000000000000000000e+00
4.726099999999999746e-01,-3.030000000000000054e-02,-8.314145072217796195e-02,2.000000000000000000e+00
4.741299999999999959e-01,-3.045000000000000137e-02,-8.376134851782317259e-02,2.000000000000000000e+00
4.741299999999999959e-01,-3.045000000000000137e-02,-8.376134851782317259e-02,2.000000000000000000e+00
4.741299999999999959e-01,-3.045000000000000137e-02,-8.376134851782317259e-02,2.000000000000000000e+00
5.200700000000000323e-01,-3.586999999999999911e-02,-9.371712044665160557e-02,2.000000000000000000e+00
5.200700000000000323e-01,-3.586999999999999911e-02,-9.371712044665160557e-02,2.000000000000000000e+00
5.360899999999999554e-01,-3.753000000000000086e-02,-9.356909964624487985e-02,2.000000000000000000e+00
5.360899999999999554e-01,-3.753000000000000086e-02,-9.356909964624487985e-02,2.000000000000000000e+00
5.360899999999999554e-01,-3.753000000000000086e-02,-9.356909964624487985e-02,2.000000000000000000e+00
5.360899999999999554e-01,-3.753000000000000086e-02,-9.356909964624487985e-02,2.000000000000000000e+00
5.360899999999999554e-01,-3.753000000000000086e-02,-9.356909964624487985e-02,2.000000000000000000e+00
5.360899999999999554e-01,-3.753000000000000086e-02,-9.356909964624487985e-02,2.000000000000000000e+00
5.360899999999999554e-01,-3.753000000000000086e-02,-9.356909964624487985e-02,2.000000000000000000e+00
6.004500000000000393e-01,-4.540000000000000285e-02,-1.001026585294492594e-01,2.000000000000000000e+00
6.170400000000000329e-01,-4.735999999999999932e-02,-9.968548844603263015e-02,2.000000000000000000e+00
6.170400000000000329e-01,-4.735999999999999932e-02,-9.968548844603263015e-02,2.000000000000000000e+00
6.182699999999999863e-01,-4.750000000000000056e-02,-9.963197293427782097e-02,2.000000000000000000e+00
6.321900000000000297e-01,-4.970000000000000112e-02,-1.029786986055986342e-01,2.000000000000000000e+00
6.442900000000000293e-01,-5.102999999999999897e-02,-1.061863625129159244e-01,2.000000000000000000e+00
6.636900000000000022e-01,-5.285000000000000114e-02,-1.092603797107252889e-01,2.000000000000000000e+00
6.636900000000000022e-01,-5.285000000000000114e-02,-1.092603797107252889e-01,2.000000000000000000e+00
6.636900000000000022e-01,-5.285000000000000114e-02,-1.092603797107252889e-01,2.000000000000000000e+00
6.781800000000000050e-01,-5.428999999999999798e-02,-1.104062240581872023e-01,2.000000000000000000e+00
6.946900000000000297e-01,-5.643999999999999712e-02,-1.118795121530397618e-01,2.000000000000000000e+00
7.116000000000000103e-01,-5.870000000000000218e-02,-1.174751055602196864e-01,2.000000000000000000e+00
7.116000000000000103e-01,-5.870000000000000218e-02,-1.174751055602196864e-01,2.000000000000000000e+00
7.256700000000000372e-01,-6.105000000000000010e-02,-1.217432281250680898e-01,2.000000000000000000e+00
7.256700000000000372e-01,-6.105000000000000010e-02,-1.217432281250680898e-01,2.000000000000000000e+00
7.426500000000000323e-01,-6.328000000000000291e-02,-1.230952201696372261e-01,2.000000000000000000e+00
7.441799999999999526e-01,-6.347999999999999476e-02,-1.231950417550972399e-01,2.000000000000000000e+00
7.574699999999999767e-01,-6.568999999999999839e-02,-1.227149298186515081e-01,2.000000000000000000e+00
7.717899999999999761e-01,-6.811000000000000387e-02,-1.241947571593010335e-01,2.000000000000000000e+00
7.717899999999999761e-01,-6.811000000000000387e-02,-1.241947571593010335e-01,2.000000000000000000e+00
7.888300000000000312e-01,-7.054000000000000548e-02,-1.275118817747794842e-01,2.000000000000000000e+00
7.888300000000000312e-01,-7.054000000000000548e-02,-1.275118817747794842e-01,2.000000000000000000e+00
8.070899999999999741e-01,-7.337000000000000466e-02,-1.275425404831682097e-01,2.000000000000000000e+00
8.185999999999999943e-01,-7.510000000000000009e-02,-1.288078856875563005e-01,2.000000000000000000e+00
8.185999999999999943e-01,-7.510000000000000009e-02,-1.288078856875563005e-01,2.000000000000000000e+00
8.185999999999999943e-01,-7.510000000000000009e-02,-1.288078856875563005e-01,2.000000000000000000e+00
8.185999999999999943e-01,-7.510000000000000009e-02,-1.288078856875563005e-01,2.000000000000000000e+00
8.195099999999999607e-01,-7.524000000000000132e-02,-1.289247096379937396e-01,2.000000000000000000e+00
8.539299999999999669e-01,-8.062999999999999334e-02,-1.340958870238921630e-01,2.000000000000000000e+00
8.539299999999999669e-01,-8.062999999999999334e-02,-1.340958870238921630e-01,2.000000000000000000e+00
8.539299999999999669e-01,-8.062999999999999334e-02,-1.340958870238921630e-01,2.000000000000000000e+00
8.873799999999999466e-01,-8.476000000000000201e-02,-1.392928632966246028e-01,2.000000000000000000e+00
9.022700000000000164e-01,-8.676000000000000378e-02,-1.429042068504970120e-01,2.000000000000000000e+00
9.033099999999999463e-01,-8.691000000000000114e-02,-1.431739928363328918e-01,2.000000000000000000e+00
9.211200000000000498e-01,-8.981999999999999706e-02,-1.420296518767932836e-01,2.000000000000000000e+00
9.323799999999999866e-01,-9.227000000000000479e-02,-1.460079519442571139e-01,2.000000000000000000e+00
9.323799999999999866e-01,-9.227000000000000479e-02,-1.460079519442571139e-01,2.000000000000000000e+00
9.507299999999999640e-01,-9.539999999999999869e-02,-1.472808798204424952e-01,2.000000000000000000e+00
9.507299999999999640e-01,-9.539999999999999869e-02,-1.472808798204424952e-01,2.000000000000000000e+00
9.702399999999999913e-01,-9.829000000000000237e-02,-1.471354724320778906e-01,2.000000000000000000e+00
9.863499999999999490e-01,-1.010299999999999948e-01,-1.483306391276983383e-01,2.000000000000000000e+00
9.863499999999999490e-01,-1.010299999999999948e-01,-1.483306391276983383e-01,2.000000000000000000e+00
9.863499999999999490e-01,-1.010299999999999948e-01,-1.483306391276983383e-01,2.000000000000000000e+00
1.001560000000000006e+00,-1.039599999999999969e-01,-1.500536789098944890e-01,2.000000000000000000e+00
1.016999999999999904e+00,-1.068199999999999983e-01,-1.510310586187342263e-01,2.000000000000000000e+00
1.018250000000000099e+00,-1.070500000000000063e-01,-1.511043568267300408e-01,2.000000000000000000e+00
1.035930000000000017e+00,-1.101199999999999957e-01,-1.550034987955183630e-01,2.000000000000000000e+00
1.037549999999999972e+00,-1.104099999999999943e-01,-1.553598787185726526e-01,2.000000000000000000e+00
1.047069999999999945e+00,-1.124600000000000044e-01,-1.611059775617883216e-01,2.000000000000000000e+00
1.065700000000000092e+00,-1.157099999999999934e-01,-1.632962658386840349e-01,2.000000000000000000e+00
1.065700000000000092e+00,-1.157099999999999934e-01,-1.632962658386840349e-01,2.000000000000000000e+00
1.081069999999999975e+00,-1.188099999999999989e-01,-1.672514728715803756e-01,2.000000000000000000e+00
1.105699999999999905e+00,-1.246300000000000047e-01,-1.697833330447687528e-01,2.000000000000000000e+00
1.105699999999999905e+00,-1.246300000000000047e-01,-1.697833330447687528e-01,2.000000000000000000e+00
1.108209999999999917e+00,-1.252399999999999902e-01,-1.700046130074877870e-01,2.000000000000000000e+00
1.126700000000000035e+00,-1.283199999999999896e-01,-1.737082494705667335e-01,2.000000000000000000e+00
1.139480000000000048e+00,-1.308100000000000096e-01,-1.732542431334122557e-01,2.000000000000000000e+00
1.140589999999999993e+00,-1.310300000000000076e-01,-1.731763009236117201e-01,2.000000000000000000e+00
1.154730000000000034e+00,-1.341499999999999915e-01,-1.766527111081301615e-01,2.000000000000000000e+00
1.154730000000000034e+00,-1.341499999999999915e-01,-1.766527111081301615e-01,2.000000000000000000e+00
1.181429999999999980e+00,-1.369499999999999884e-01,-1.790384445379846479e-01,2.000000000000000000e+00
1.195810000000000040e+00,-1.397400000000000031e-01,-1.762938379936085653e-01,2.000000000000000000e+00
1.195810000000000040e+00,-1.397400000000000031e-01,-1.762938379936085653e-01,2.000000000000000000e+00
1.211430000000000007e+00,-1.431300000000000072e-01,-1.796430343338852043e-01,2.000000000000000000e+00
1.212809999999999944e+00,-1.434300000000000019e-01,-1.800030786658400050e-01,2.000000000000000000e+00
1.228420000000000067e+00,-1.468500000000000083e-01,-1.791838429127122212e-01,2.000000000000000000e+00
1.244410000000000016e+00,-1.501899999999999902e-01,-1.828127363652399806e-01,2.000000000000000000e+00
1.244410000000000016e+00,-1.501899999999999902e-01,-1.828127363652399806e-01,2.000000000000000000e+00
1.260520000000000085e+00,-1.533499999999999863e-01,-1.869188196350810571e-01,2.000000000000000000e+00
1.260520000000000085e+00,-1.533499999999999863e-01,-1.869188196350810571e-01,2.000000000000000000e+00
1.277600000000000069e+00,-1.566099999999999992e-01,-1.889118759649290880e-01,2.000000000000000000e+00
1.294459999999999944e+00,-1.603300000000000003e-01,-1.906674898095571391e-01,2.000000000000000000e+00
1.294459999999999944e+00,-1.603300000000000003e-01,-1.906674898095571391e-01,2.000000000000000000e+00
1.306030000000000024e+00,-1.632299999999999862e-01,-1.941983909906372929e-01,2.000000000000000000e+00
1.306030000000000024e+00,-1.632299999999999862e-01,-1.941983909906372929e-01,2.000000000000000000e+00
1.328000000000000069e+00,-1.670200000000000018e-01,-1.960149471168761703e-01,2.000000000000000000e+00
1.328000000000000069e+00,-1.670200000000000018e-01,-1.960149471168761703e-01,2.000000000000000000e+00
1.340740000000000043e+00,-1.695099999999999940e-01,-1.970237968200961864e-01,2.000000000000000000e+00
1.341699999999999893e+00,-1.696999999999999897e-01,-1.971007225242734362e-01,2.000000000000000000e+00
1.357809999999999961e+00,-1.731699999999999906e-01,-1.982732668146147681e-01,2.000000000000000000e+00
1.369029999999999969e+00,-1.760899999999999965e-01,-2.028051452420672751e-01,2.000000000000000000e+00
1.369029999999999969e+00,-1.760899999999999965e-01,-2.028051452420672751e-01,2.000000000000000000e+00
1.391369999999999996e+00,-1.805900000000000005e-01,-2.052996772358082200e-01,2.000000000000000000e+00
1.391369999999999996e+00,-1.805900000000000005e-01,-2.052996772358082200e-01,2.000000000000000000e+00
1.409759999999999902e+00,-1.843700000000000061e-01,-2.066635256865721193e-01,2.000000000000000000e+00
1.421969999999999956e+00,-1.877500000000000002e-01,-2.082440117224999276e-01,2.000000000000000000e+00
1.421969999999999956e+00,-1.877500000000000002e-01,-2.082440117224999276e-01,2.000000000000000000e+00
1.433060000000000000e+00,-1.912500000000000033e-01,-2.127173050892294803e-01,2.000000000000000000e+00
1.433060000000000000e+00,-1.912500000000000033e-01,-2.127173050892294803e-01,2.000000000000000000e+00
1.467209999999999903e+00,-2.007599999999999940e-01,-2.133612169581596274e-01,2.000000000000000000e+00
1.467209999999999903e+00,-2.007599999999999940e-01,-2.133612169581596274e-01,2.000000000000000000e+00
1.475889999999999924e+00,-2.039900000000000047e-01,-2.145745318349685793e-01,2.000000000000000000e+00
1.497290000000000010e+00,-2.084900000000000087e-01,-2.189349737051891620e-01,2.000000000000000000e+00
1.497290000000000010e+00,-2.084900000000000087e-01,-2.189349737051891620e-01,2.000000000000000000e+00
1.510199999999999987e+00,-2.123500000000000110e-01,-2.231104423666942227e-01,2.000000000000000000e+00
1.510199999999999987e+00,-2.123500000000000110e-01,-2.231104423666942227e-01,2.000000000000000000e+00
1.528510000000000035e+00,-2.167699999999999905e-01,-2.227229229934865329e-01,2.000000000000000000e+00
1.528510000000000035e+00,-2.167699999999999905e-01,-2.227229229934865329e-01,2.000000000000000000e+00
1.553649999999999975e+00,-2.202999999999999958e-01,-2.250976264404875304e-01,2.000000000000000000e+00
1.555279999999999996e+00,-2.205199999999999938e-01,-2.252672821298891126e-01,2.000000000000000000e+00
1.564869999999999983e+00,-2.229200000000000070e-01,-2.310760794895468928e-01,2.000000000000000000e+00
1.577690000000000037e+00,-2.263499999999999956e-01,-2.307397149938861247e-01,2.000000000000000000e+00
1.577690000000000037e+00,-2.263499999999999956e-01,-2.307397149938861247e-01,2.000000000000000000e+00
1.602049999999999974e+00,-2.320099999999999940e-01,-2.331594539973865787e-01,2.000000000000000000e+00
1.602049999999999974e+00,-2.320099999999999940e-01,-2.331594539973865787e-01,2.000000000000000000e+00
1.609280000000000044e+00,-2.351399999999999879e-01,-2.346690859079086366e-01,2.000000000000000000e+00
1.609820000000000029e+00,-2.354199999999999904e-01,-2.348034656621100780e-01,2.000000000000000000e+00
1.628570000000000073e+00,-2.396300000000000097e-01,-2.338464945072931955e-01,2.000000000000000000e+00
1.630239999999999911e+00,-2.399999999999999911e-01,-2.337616981507030789e-01,2.000000000000000000e+00
1.640390000000000015e+00,-2.434300000000000075e-01,-2.376408795111357719e-01,2.000000000000000000e+00
1.641480000000000050e+00,-2.438099999999999989e-01,-2.380559255523573281e-01,2.000000000000000000e+00
1.660160000000000080e+00,-2.485999999999999877e-01,-2.376012658910834074e-01,2.000000000000000000e+00
1.689729999999999954e+00,-2.586700000000000110e-01,-2.457913406378962884e-01,2.000000000000000000e+00
1.689729999999999954e+00,-2.586700000000000110e-01,-2.457913406378962884e-01,2.000000000000000000e+00
1.698209999999999997e+00,-2.625100000000000211e-01,-2.451936282682046497e-01,2.000000000000000000e+00
1.704329999999999901e+00,-2.620700000000000252e-01,-2.452027006330131376e-01,2.000000000000000000e+00
1.704329999999999901e+00,-2.620700000000000252e-01,-2.452027006330131376e-01,2.000000000000000000e+00
1.721870000000000012e+00,-2.662300000000000222e-01,-2.493545189059060696e-01,2.000000000000000000e+00
1.741819999999999924e+00,-2.711399999999999921e-01,-2.519232679930153984e-01,2.000000000000000000e+00
1.741819999999999924e+00,-2.711399999999999921e-01,-2.519232679930153984e-01,2.000000000000000000e+00
1.755279999999999951e+00,-2.750099999999999767e-01,-2.533184362335964002e-01,2.000000000000000000e+00
1.763719999999999954e+00,-2.782399999999999873e-01,-2.487300638056775814e-01,2.000000000000000000e+00
1.763719999999999954e+00,-2.782399999999999873e-01,-2.487300638056775814e-01,2.000000000000000000e+00
1.780890000000000084e+00,-2.826199999999999823e-01,-2.555021128327129576e-01,2.000000000000000000e+00
1.796079999999999899e+00,-2.886199999999999877e-01,-2.573819726364578453e-01,2.000000000000000000e+00
1.796079999999999899e+00,-2.886199999999999877e-01,-2.573819726364578453e-01,2.000000000000000000e+00
1.806759999999999922e+00,-2.924599999999999977e-01,-2.648051017477672797e-01,2.000000000000000000e+00
1.812500000000000000e+00,-2.920099999999999918e-01,-2.657995165890909006e-01,2.000000000000000000e+00
1.812850000000000072e+00,-2.919599999999999973e-01,-2.658327952482545387e-01,2.000000000000000000e+00
1.827469999999999928e+00,-2.964100000000000068e-01,-2.614545510145632190e-01,2.000000000000000000e+00
1.837769999999999904e+00,-3.003299999999999859e-01,-2.684892237983260710e-01,2.000000000000000000e+00
1.838400000000000034e+00,-3.005800000000000138e-01,-2.689789804668775708e-01,2.000000000000000000e+00
1.611529999999999907e+00,-2.805000000000000271e-01,-2.775105606949171744e+00,2.000000000000000000e+00
1.860899999999999999e+00,-3.061800000000000077e-01,-2.921037584239414286e+00,2.000000000000000000e+00
1.860899999999999999e+00,-3.061800000000000077e-01,-2.921037584239414286e+00,2.000000000000000000e+00
1.894630000000000036e+00,-3.160700000000000176e-01,-2.682015986024163801e-01,2.000000000000000000e+00
1.901960000000000095e+00,-3.210200000000000276e-01,-2.723982364569756398e-01,2.000000000000000000e+00
1.901960000000000095e+00,-3.210200000000000276e-01,-2.723982364569756398e-01,2.000000000000000000e+00
1.922530000000000072e+00,-3.266499999999999959e-01,-2.743814382128453300e-01,2.000000000000000000e+00
1.933270000000000044e+00,-3.303499999999999770e-01,-2.820355466038935166e-01,2.000000000000000000e+00
1.938080000000000025e+00,-3.300000000000000155e-01,-2.831173003857097581e-01,2.000000000000000000e+00
1.938080000000000025e+00,-3.300000000000000155e-01,-2.831173003857097581e-01,2.000000000000000000e+00
1.952690000000000037e+00,-3.340799999999999881e-01,-2.780859890178215554e-01,2.000000000000000000e+00
1.961759999999999948e+00,-3.372399999999999842e-01,-2.852209263015078045e-01,2.000000000000000000e+00
1.961759999999999948e+00,-3.372399999999999842e-01,-2.852209263015078045e-01,2.000000000000000000e+00
1.966429999999999900e+00,-3.395299999999999985e-01,-2.835964343352400108e-01,2.000000000000000000e+00
1.969559999999999977e+00,-3.409400000000000208e-01,-2.835583349635477091e-01,2.000000000000000000e+00
1.969559999999999977e+00,-3.409400000000000208e-01,-2.835583349635477091e-01,2.000000000000000000e+00
1.969559999999999977e+00,-3.409400000000000208e-01,-2.835583349635477091e-01,2.000000000000000000e+00
1.969559999999999977e+00,-3.409400000000000208e-01,-2.835583349635477091e-01,2.000000000000000000e+00
1.969559999999999977e+00,-3.409400000000000208e-01,-2.835583349635477091e-01,2.000000000000000000e+00
1.969559999999999977e+00,-3.409400000000000208e-01,-2.835583349635477091e-01,2.000000000000000000e+00
1.969559999999999977e+00,-3.409400000000000208e-01,-2.835583349635477091e-01,2.000000000000000000e+00
1.969559999999999977e+00,-3.409400000000000208e-01,-2.835583349635477091e-01,2.000000000000000000e+00
1.969559999999999977e+00,-3.409400000000000208e-01,-2.835583349635477091e-01,2.000000000000000000e+00
1.969559999999999977e+00,-3.409400000000000208e-01,-2.835583349635477091e-01,2.000000000000000000e+00
2.002699999999999925e+00,-3.501500000000000168e-01,-2.904105623805303682e-01,2.000000000000000000e+00
2.011070000000000135e+00,-3.518100000000000116e-01,-2.908356382475310031e-01,2.000000000000000000e+00
2.004440000000000222e+00,-3.511099999999999777e-01,-2.905090732702581002e-01,2.000000000000000000e+00
2.004440000000000222e+00,-3.511099999999999777e-01,-2.905090732702581002e-01,2.000000000000000000e+00
2.011740000000000084e+00,-3.526500000000000190e-01,-2.914234611248676665e-01,2.000000000000000000e+00
2.012519999999999865e+00,-3.528100000000000125e-01,-2.915158389659334714e-01,2.000000000000000000e+00
2.004379999999999828e+00,-3.516000000000000236e-01,-2.907509000158683410e-01,2.000000000000000000e+00
2.003319999999999990e+00,-3.509599999999999942e-01,-2.905673203093465662e-01,2.000000000000000000e+00
2.003319999999999990e+00,-3.509599999999999942e-01,-2.905673203093465662e-01,2.000000000000000000e+00
2.003239999999999910e+00,-3.508000000000000007e-01,-2.904462438591483009e-01,2.000000000000000000e+00
2.003239999999999910e+00,-3.508000000000000007e-01,-2.904462438591483009e-01,2.000000000000000000e+00
2.011120000000000019e+00,-3.521599999999999731e-01,-2.909061899846295263e-01,2.000000000000000000e+00
2.005630000000000024e+00,-3.516500000000000181e-01,-2.877691092913566284e-01,2.000000000000000000e+00
2.005630000000000024e+00,-3.516500000000000181e-01,-2.877691092913566284e-01,2.000000000000000000e+00
2.005040000000000155e+00,-3.513000000000000012e-01,-2.873859054732194607e-01,2.000000000000000000e+00
2.005040000000000155e+00,-3.513000000000000012e-01,-2.873859054732194607e-01,2.000000000000000000e+00
2.012700000000000156e+00,-3.523299999999999765e-01,-2.881781360159913485e-01,2.000000000000000000e+00
2.012700000000000156e+00,-3.523299999999999765e-01,-2.881781360159913485e-01,2.000000000000000000e+00
2.003730000000000011e+00,-3.507000000000000117e-01,-2.906561616526649461e-01,2.000000000000000000e+00
2.010850000000000026e+00,-3.520900000000000141e-01,-2.909475423136407835e-01,2.000000000000000000e+00
2.010850000000000026e+00,-3.520900000000000141e-01,-2.909475423136407835e-01,2.000000000000000000e+00
2.005469999999999864e+00,-3.513800000000000257e-01,-2.877041098854529744e-01,2.000000000000000000e+00
2.005469999999999864e+00,-3.513800000000000257e-01,-2.877041098854529744e-01,2.000000000000000000e+00
2.004859999999999864e+00,-3.512899999999999912e-01,-2.873900421009406014e-01,2.000000000000000000e+00
2.003270000000000106e+00,-3.509599999999999942e-01,-2.902670549376212272e-01,2.000000000000000000e+00
2.004700000000000149e+00,-3.512500000000000067e-01,-2.880919902304768243e-01,2.000000000000000000e+00
2.004700000000000149e+00,-3.512500000000000067e-01,-2.880919902304768243e-01,2.000000000000000000e+00
2.002829999999999888e+00,-3.511500000000000177e-01,-2.907414179721409253e-01,2.000000000000000000e+00
2.002880000000000216e+00,-3.512399999999999967e-01,-2.911105029480840489e-01,2.000000000000000000e+00
2.002880000000000216e+00,-3.512399999999999967e-01,-2.911105029480840489e-01,2.000000000000000000e+00
6.099999999999999737e-04,-1.200000000000000030e-04,0.000000000000000000e+00,2.000000000000000000e+00
5.599999999999999509e-04,-1.000000000000000082e-05,-1.745928096242008610e-03,2.000000000000000000e+00
5.599999999999999509e-04,-1.000000000000000082e-05,-1.745928096242008610e-03,2.000000000000000000e+00
-4.400000000000000157e-04,-8.000000000000000654e-05,-6.793332778591104583e-04,2.000000000000000000e+00
-4.400000000000000157e-04,-8.000000000000000654e-05,-6.793332778591104583e-04,2.000000000000000000e+00
-6.599999999999999964e-04,5.000000000000000240e-05,-1.983314749976073342e-03,2.000000000000000000e+00
-6.700000000000000226e-04,6.999999999999999387e-05,-2.112107670390982964e-03,2.000000000000000000e+00
-5.500000000000000331e-04,1.000000000000000048e-04,-2.966728802534360004e-04,2.000000000000000000e+00
2.799999999999999755e-04,0.000000000000000000e+00,-2.313509253147436225e-04,2.000000000000000000e+00
2.799999999999999755e-04,0.000000000000000000e+00,-2.313509253147436225e-04,2.000000000000000000e+00
6.300000000000000261e-04,-3.000000000000000076e-05,1.660476392901835121e-04,2.000000000000000000e+00
6.300000000000000261e-04,-3.000000000000000076e-05,1.660476392901835121e-04,2.000000000000000000e+00
-2.999999999999999737e-04,-6.999999999999999387e-05,-5.143865743991529477e-04,2.000000000000000000e+00
-2.999999999999999737e-04,-6.999999999999999387e-05,-5.143865743991529477e-04,2.000000000000000000e+00
2.429999999999999868e-03,6.999999999999999387e-05,4.530155676449580280e-04,2.000000000000000000e+00
2.739999999999999814e-03,8.000000000000000654e-05,5.654142891717445782e-04,2.000000000000000000e+00
8.949999999999999623e-03,7.100000000000000191e-04,-6.633874050393224857e-05,2.000000000000000000e+00
1.474999999999999922e-02,9.300000000000000541e-04,-4.948540976055075275e-04,2.000000000000000000e+00
1.474999999999999922e-02,9.300000000000000541e-04,-4.948540976055075275e-04,2.000000000000000000e+00
2.563999999999999960e-02,5.199999999999999544e-04,-1.513428893121669108e-03,2.000000000000000000e+00
2.563999999999999960e-02,5.199999999999999544e-04,-1.513428893121669108e-03,2.000000000000000000e+00
3.255999999999999867e-02,8.599999999999999789e-04,-3.737306158868305365e-03,2.000000000000000000e+00
3.309000000000000136e-02,8.999999999999999754e-04,-3.932714608244235709e-03,2.000000000000000000e+00
4.265999999999999653e-02,1.000000000000000021e-03,-5.426694228780365448e-03,2.000000000000000000e+00
4.359999999999999987e-02,1.010000000000000047e-03,-5.573563369884749694e-03,2.000000000000000000e+00
5.423999999999999655e-02,8.000000000000000383e-04,-4.770822166263764992e-03,2.000000000000000000e+00
6.593999999999999861e-02,6.700000000000000226e-04,-4.848213808656118284e-03,2.000000000000000000e+00
6.593999999999999861e-02,6.700000000000000226e-04,-4.848213808656118284e-03,2.000000000000000000e+00
7.926999999999999325e-02,3.800000000000000209e-04,-4.609372226001719544e-03,2.000000000000000000e+00
8.022999999999999576e-02,3.600000000000000227e-04,-4.589795837664613701e-03,2.000000000000000000e+00
9.014999999999999403e-02,4.499999999999999877e-04,-3.788975315492797234e-03,2.000000000000000000e+00
1.049699999999999939e-01,-2.400000000000000061e-04,-5.483421049848754940e-03,2.000000000000000000e+00
1.049699999999999939e-01,-2.400000000000000061e-04,-5.483421049848754940e-03,2.000000000000000000e+00
1.179299999999999932e-01,-9.700000000000000505e-04,-8.578946376273143340e-03,2.000000000000000000e+00
1.179299999999999932e-01,-9.700000000000000505e-04,-8.578946376273143340e-03,2.000000000000000000e+00
1.313699999999999868e-01,-1.340000000000000045e-03,-1.335442453986956587e-02,2.000000000000000000e+00
1.313699999999999868e-01,-1.340000000000000045e-03,-1.335442453986956587e-02,2.000000000000000000e+00
1.530499999999999916e-01,-3.969999999999999571e-03,-1.687769901292435898e-02,2.000000000000000000e+00
1.706699999999999884e-01,-4.850000000000000144e-03,-2.081202917585598874e-02,2.000000000000000000e+00
1.706699999999999884e-01,-4.850000000000000144e-03,-2.081202917585598874e-02,2.000000000000000000e+00
1.831599999999999895e-01,-4.870000000000000197e-03,-2.271633624036744140e-02,2.000000000000000000e+00
1.831599999999999895e-01,-4.870000000000000197e-03,-2.271633624036744140e-02,2.000000000000000000e+00
2.002500000000000113e-01,-6.040000000000000230e-03,-2.610898792292533702e-02,2.000000000000000000e+00
2.155400000000000094e-01,-7.110000000000000001e-03,-2.701122917864083248e-02,2.000000000000000000e+00
2.155400000000000094e-01,-7.110000000000000001e-03,-2.701122917864083248e-02,2.000000000000000000e+00
2.278900000000000092e-01,-7.130000000000000053e-03,-2.970150215844766933e-02,2.000000000000000000e+00
2.278900000000000092e-01,-7.130000000000000053e-03,-2.970150215844766933e-02,2.000000000000000000e+00
2.557099999999999929e-01,-6.830000000000000134e-03,-3.257346630956005351e-02,2.000000000000000000e+00
2.557099999999999929e-01,-6.830000000000000134e-03,-3.257346630956005351e-02,2.000000000000000000e+00
2.714300000000000046e-01,-6.960000000000000041e-03,-3.521467028963163465e-02,2.000000000000000000e+00
2.725199999999999845e-01,-6.969999999999999633e-03,-3.541238471028439888e-02,2.000000000000000000e+00
2.862700000000000244e-01,-7.559999999999999880e-03,-3.444351183754961604e-02,2.000000000000000000e+00
3.005800000000000138e-01,-8.250000000000000389e-03,-3.833364603267339077e-02,2.000000000000000000e+00
3.005800000000000138e-01,-8.250000000000000389e-03,-3.833364603267339077e-02,2.000000000000000000e+00
3.193799999999999972e-01,-9.379999999999999449e-03,-3.590795737461402459e-02,2.000000000000000000e+00
3.208500000000000241e-01,-9.469999999999999252e-03,-3.567527524092545949e-02,2.000000000000000000e+00
3.320699999999999763e-01,-1.012000000000000052e-02,-3.828703914495602129e-02,2.000000000000000000e+00
3.487100000000000199e-01,-1.166999999999999982e-02,-4.483141025936495522e-02,2.000000000000000000e+00
3.487100000000000199e-01,-1.166999999999999982e-02,-4.483141025936495522e-02,2.000000000000000000e+00
3.640399999999999747e-01,-1.284000000000000072e-02,-4.684744083190167663e-02,2.000000000000000000e+00
3.640399999999999747e-01,-1.284000000000000072e-02,-4.684744083190167663e-02,2.000000000000000000e+00
3.809600000000000208e-01,-1.437000000000000083e-02,-4.757814655681893989e-02,2.000000000000000000e+00
3.809600000000000208e-01,-1.437000000000000083e-02,-4.757814655681893989e-02,2.000000000000000000e+00
3.981100000000000194e-01,-1.524999999999999967e-02,-5.006940628480174155e-02,2.000000000000000000e+00
3.981100000000000194e-01,-1.524999999999999967e-02,-5.006940628480174155e-02,2.000000000000000000e+00
4.132199999999999762e-01,-1.607000000000000095e-02,-5.091419802855546434e-02,2.000000000000000000e+00
4.132199999999999762e-01,-1.607000000000000095e-02,-5.091419802855546434e-02,2.000000000000000000e+00
4.374100000000000210e-01,-2.001999999999999960e-02,-5.598248125086165150e-02,2.000000000000000000e+00
4.374100000000000210e-01,-2.001999999999999960e-02,-5.598248125086165150e-02,2.000000000000000000e+00
4.514400000000000079e-01,-2.127000000000000071e-02,-5.726701524958323353e-02,2.000000000000000000e+00
4.689699999999999980e-01,-2.172999999999999932e-02,-6.342896559435994008e-02,2.000000000000000000e+00
4.705799999999999983e-01,-2.178000000000000075e-02,-6.401812108213772445e-02,2.000000000000000000e+00
4.871300000000000074e-01,-2.309999999999999901e-02,-6.271691786158142823e-02,2.000000000000000000e+00
4.871300000000000074e-01,-2.309999999999999901e-02,-6.271691786158142823e-02,2.000000000000000000e+00
4.991200000000000081e-01,-2.348000000000000087e-02,-6.555026057287073604e-02,2.000000000000000000e+00
5.168599999999999861e-01,-2.492000000000000118e-02,-6.710842677282691238e-02,2.000000000000000000e+00
5.168599999999999861e-01,-2.492000000000000118e-02,-6.710842677282691238e-02,2.000000000000000000e+00
5.305900000000000061e-01,-2.623999999999999944e-02,-6.780932298982991768e-02,2.000000000000000000e+00
5.460300000000000153e-01,-2.767000000000000015e-02,-7.072748385529352422e-02,2.000000000000000000e+00
5.460300000000000153e-01,-2.767000000000000015e-02,-7.072748385529352422e-02,2.000000000000000000e+00
5.460300000000000153e-01,-2.767000000000000015e-02,-7.072748385529352422e-02,2.000000000000000000e+00
5.724399999999999489e-01,-2.886999999999999983e-02,-7.279383915946195660e-02,2.000000000000000000e+00
5.746900000000000341e-01,-2.896999999999999922e-02,-7.294823863755883764e-02,2.000000000000000000e+00
5.894399999999999640e-01,-3.066999999999999935e-02,-7.406038298601708147e-02,2.000000000000000000e+00
6.028000000000000025e-01,-3.194999999999999923e-02,-7.711931530088934894e-02,2.000000000000000000e+00
6.041299999999999448e-01,-3.207000000000000128e-02,-7.744711011658142463e-02,2.000000000000000000e+00
6.195100000000000051e-01,-3.343000000000000138e-02,-7.844351270022481559e-02,2.000000000000000000e+00
6.359700000000000353e-01,-3.465000000000000024e-02,-7.890332906718458550e-02,2.000000000000000000e+00
6.359700000000000353e-01,-3.465000000000000024e-02,-7.890332906718458550e-02,2.000000000000000000e+00
6.502200000000000202e-01,-3.644000000000000017e-02,-8.014876713027249688e-02,2.000000000000000000e+00
6.502200000000000202e-01,-3.644000000000000017e-02,-8.014876713027249688e-02,2.000000000000000000e+00
6.693700000000000205e-01,-3.848000000000000032e-02,-8.336316468366629373e-02,2.000000000000000000e+00
6.707800000000000429e-01,-3.862999999999999767e-02,-8.360563404266574405e-02,2.000000000000000000e+00
6.831000000000000405e-01,-3.991000000000000103e-02,-8.891291928674678602e-02,2.000000000000000000e+00
6.842399999999999594e-01,-4.003000000000000308e-02,-8.940233523348153910e-02,2.000000000000000000e+00
7.002300000000000191e-01,-4.116999999999999826e-02,-9.191332839903251783e-02,2.000000000000000000e+00
7.112199999999999633e-01,-4.207000000000000323e-02,-9.326196612770143446e-02,2.000000000000000000e+00
7.121899999999999897e-01,-4.214999999999999997e-02,-9.337747300705714903e-02,2.000000000000000000e+00
7.311999999999999611e-01,-4.411000000000000337e-02,-9.449995222780714632e-02,2.000000000000000000e+00
7.459299999999999820e-01,-4.581999999999999962e-02,-9.342709436336667228e-02,2.000000000000000000e+00
7.459299999999999820e-01,-4.581999999999999962e-02,-9.342709436336667228e-02,2.000000000000000000e+00
7.603799999999999448e-01,-4.719999999999999890e-02,-9.453210392143307494e-02,2.000000000000000000e+00
7.603799999999999448e-01,-4.719999999999999890e-02,-9.453210392143307494e-02,2.000000000000000000e+00
7.776399999999999979e-01,-4.947000000000000008e-02,-9.545849552510740632e-02,2.000000000000000000e+00
7.924099999999999477e-01,-5.176999999999999658e-02,-9.736967713351860065e-02,2.000000000000000000e+00
7.924099999999999477e-01,-5.176999999999999658e-02,-9.736967713351860065e-02,2.000000000000000000e+00
7.933999999999999941e-01,-5.194000000000000006e-02,-9.750633382149465067e-02,2.000000000000000000e+00
8.132399999999999629e-01,-5.421999999999999736e-02,-9.836867585080687204e-02,2.000000000000000000e+00
8.245200000000000307e-01,-5.557999999999999746e-02,-1.017383339824311089e-01,2.000000000000000000e+00
8.254099999999999770e-01,-5.569000000000000339e-02,-1.020416539201899619e-01,2.000000000000000000e+00
8.420199999999999907e-01,-5.763000000000000067e-02,-1.031731757045022541e-01,2.000000000000000000e+00
8.608299999999999841e-01,-5.976000000000000062e-02,-1.042262586051705409e-01,2.000000000000000000e+00
8.608299999999999841e-01,-5.976000000000000062e-02,-1.042262586051705409e-01,2.000000000000000000e+00
8.724699999999999678e-01,-6.176000000000000240e-02,-1.079020921134681843e-01,2.000000000000000000e+00
8.731799999999999562e-01,-6.189000000000000057e-02,-1.081505647713212614e-01,2.000000000000000000e+00
8.898000000000000353e-01,-6.386999999999999622e-02,-1.118245343802062447e-01,2.000000000000000000e+00
9.048399999999999777e-01,-6.550999999999999879e-02,-1.155674694517685730e-01,2.000000000000000000e+00
9.048399999999999777e-01,-6.550999999999999879e-02,-1.155674694517685730e-01,2.000000000000000000e+00
9.265099999999999447e-01,-6.778000000000000691e-02,-1.187863510932204852e-01,2.000000000000000000e+00
9.265099999999999447e-01,-6.778000000000000691e-02,-1.187863510932204852e-01,2.000000000000000000e+00
9.503099999999999881e-01,-7.267999999999999461e-02,-1.185209834438115811e-01,2.000000000000000000e+00
9.523700000000000498e-01,-7.313000000000000056e-02,-1.184673401599404402e-01,2.000000000000000000e+00
9.670900000000000052e-01,-7.480000000000000537e-02,-1.175531983912003475e-01,2.000000000000000000e+00
9.819299999999999695e-01,-7.685999999999999777e-02,-1.205826236962807413e-01,2.000000000000000000e+00
9.819299999999999695e-01,-7.685999999999999777e-02,-1.205826236962807413e-01,2.000000000000000000e+00
9.933800000000000407e-01,-7.900999999999999690e-02,-1.220617195466336957e-01,2.000000000000000000e+00
9.933800000000000407e-01,-7.900999999999999690e-02,-1.220617195466336957e-01,2.000000000000000000e+00
1.013160000000000061e+00,-8.222999999999999754e-02,-1.214742462109613952e-01,2.000000000000000000e+00
1.014669999999999961e+00,-8.247999999999999776e-02,-1.214176093408108753e-01,2.000000000000000000e+00
1.032119999999999926e+00,-8.501000000000000223e-02,-1.245504225939947640e-01,2.000000000000000000e+00
1.054829999999999934e+00,-8.633000000000000396e-02,-1.292689697470378041e-01,2.000000000000000000e+00
1.054829999999999934e+00,-8.633000000000000396e-02,-1.292689697470378041e-01,2.000000000000000000e+00
1.071050000000000058e+00,-8.848000000000000309e-02,-1.305988169189623016e-01,2.000000000000000000e+00
1.071050000000000058e+00,-8.848000000000000309e-02,-1.305988169189623016e-01,2.000000000000000000e+00
1.085909999999999931e+00,-9.092000000000000082e-02,-1.342805789801815863e-01,2.000000000000000000e+00
1.087380000000000013e+00,-9.117999999999999716e-02,-1.346723894267466137e-01,2.000000000000000000e+00
1.102109999999999923e+00,-9.381000000000000449e-02,-1.363009739169197543e-01,2.000000000000000000e+00
1.122209999999999930e+00,-9.697999999999999676e-02,-1.399860185490438280e-01,2.000000000000000000e+00
1.122209999999999930e+00,-9.697999999999999676e-02,-1.399860185490438280e-01,2.000000000000000000e+00
1.137639999999999985e+00,-9.908000000000000140e-02,-1.459175168934191691e-01,2.000000000000000000e+00
1.137639999999999985e+00,-9.908000000000000140e-02,-1.459175168934191691e-01,2.000000000000000000e+00
1.153569999999999984e+00,-1.012099999999999944e-01,-1.474345916367279241e-01,2.000000000000000000e+00
1.155429999999999957e+00,-1.014599999999999946e-01,-1.475626818956608521e-01,2.000000000000000000e+00
1.170960000000000001e+00,-1.037899999999999934e-01,-1.466483352603822066e-01,2.000000000000000000e+00
1.189310000000000089e+00,-1.064999999999999974e-01,-1.426182668442133594e-01,2.000000000000000000e+00
1.189310000000000089e+00,-1.064999999999999974e-01,-1.426182668442133594e-01,2.000000000000000000e+00
1.205589999999999939e+00,-1.089600000000000013e-01,-1.437502217964611306e-01,2.000000000000000000e+00
1.205589999999999939e+00,-1.089600000000000013e-01,-1.437502217964611306e-01,2.000000000000000000e+00
1.222129999999999939e+00,-1.117699999999999944e-01,-1.447316283947341908e-01,2.000000000000000000e+00
1.233749999999999902e+00,-1.140999999999999931e-01,-1.486115071833659929e-01,2.000000000000000000e+00
1.233749999999999902e+00,-1.140999999999999931e-01,-1.486115071833659929e-01,2.000000000000000000e+00
1.250299999999999967e+00,-1.174800000000000011e-01,-1.503416295764123112e-01,2.000000000000000000e+00
1.250299999999999967e+00,-1.174800000000000011e-01,-1.503416295764123112e-01,2.000000000000000000e+00
1.276189999999999936e+00,-1.237100000000000005e-01,-1.548594024501271926e-01,2.000000000000000000e+00
1.276189999999999936e+00,-1.237100000000000005e-01,-1.548594024501271926e-01,2.000000000000000000e+00
1.292650000000000077e+00,-1.264800000000000091e-01,-1.590235724084291813e-01,2.000000000000000000e+00
1.292650000000000077e+00,-1.264800000000000091e-01,-1.590235724084291813e-01,2.000000000000000000e+00
1.311630000000000074e+00,-1.281799999999999884e-01,-1.610687739154066656e-01,2.000000000000000000e+00
1.311630000000000074e+00,-1.281799999999999884e-01,-1.610687739154066656e-01,2.000000000000000000e+00
1.333329999999999904e+00,-1.320000000000000062e-01,-1.626117061198002200e-01,2.000000000000000000e+00
1.333329999999999904e+00,-1.320000000000000062e-01,-1.626117061198002200e-01,2.000000000000000000e+00
1.345939999999999914e+00,-1.347899999999999932e-01,-1.664412492151647327e-01,2.000000000000000000e+00
1.346840000000000037e+00,-1.350000000000000089e-01,-1.667692824391417417e-01,2.000000000000000000e+00
1.362500000000000044e+00,-1.372099999999999986e-01,-1.703913863370759008e-01,2.000000000000000000e+00
1.381170000000000009e+00,-1.400099999999999956e-01,-1.697542638222798161e-01,2.000000000000000000e+00
1.381170000000000009e+00,-1.400099999999999956e-01,-1.697542638222798161e-01,2.000000000000000000e+00
1.393890000000000073e+00,-1.423800000000000066e-01,-1.705104382627866400e-01,2.000000000000000000e+00
1.417589999999999906e+00,-1.459300000000000042e-01,-1.694546400904577699e-01,2.000000000000000000e+00
1.417589999999999906e+00,-1.459300000000000042e-01,-1.694546400904577699e-01,2.000000000000000000e+00
1.431249999999999911e+00,-1.490499999999999881e-01,-1.678008535500530307e-01,2.000000000000000000e+00
1.431249999999999911e+00,-1.490499999999999881e-01,-1.678008535500530307e-01,2.000000000000000000e+00
1.448180000000000023e+00,-1.523700000000000054e-01,-1.721923004337446717e-01,2.000000000000000000e+00
1.460869999999999891e+00,-1.555799999999999961e-01,-1.731432961863281494e-01,2.000000000000000000e+00
1.460869999999999891e+00,-1.555799999999999961e-01,-1.731432961863281494e-01,2.000000000000000000e+00
1.478439999999999976e+00,-1.590499999999999969e-01,-1.750507217045808861e-01,2.000000000000000000e+00
1.497880000000000100e+00,-1.624599999999999933e-01,-1.734988136853546636e-01,2.000000000000000000e+00
1.497880000000000100e+00,-1.624599999999999933e-01,-1.734988136853546636e-01,2.000000000000000000e+00
1.509719999999999951e+00,-1.652700000000000002e-01,-1.772855258607000939e-01,2.000000000000000000e+00
1.510420000000000096e+00,-1.654400000000000037e-01,-1.775413253994080065e-01,2.000000000000000000e+00
1.522270000000000012e+00,-1.692800000000000138e-01,-1.784788076221917041e-01,2.000000000000000000e+00
1.533900000000000041e+00,-1.724199999999999899e-01,-1.825310689320237267e-01,2.000000000000000000e+00
1.539740000000000109e+00,-1.718000000000000083e-01,-1.828311407803950572e-01,2.000000000000000000e+00
1.540100000000000025e+00,-1.717400000000000038e-01,-1.828323650704092584e-01,2.000000000000000000e+00
1.563949999999999951e+00,-1.762299999999999978e-01,-1.845954490817137694e-01,2.000000000000000000e+00
1.576480000000000103e+00,-1.792100000000000082e-01,-1.886778190111884912e-01,2.000000000000000000e+00
1.576480000000000103e+00,-1.792100000000000082e-01,-1.886778190111884912e-01,2.000000000000000000e+00
1.594400000000000039e+00,-1.821599999999999886e-01,-1.930113643808362978e-01,2.000000000000000000e+00
1.601189999999999891e+00,-1.841700000000000004e-01,-1.942610167222446893e-01,2.000000000000000000e+00
1.601550000000000029e+00,-1.842799999999999994e-01,-1.943238340810209686e-01,2.000000000000000000e+00
1.620270000000000099e+00,-1.878100000000000047e-01,-1.935634315901705316e-01,2.000000000000000000e+00
1.635289999999999910e+00,-1.924299999999999899e-01,-1.919363214665616990e-01,2.000000000000000000e+00
1.635289999999999910e+00,-1.924299999999999899e-01,-1.919363214665616990e-01,2.000000000000000000e+00
1.648409999999999931e+00,-1.957200000000000051e-01,-1.927204462371276406e-01,2.000000000000000000e+00
1.648409999999999931e+00,-1.957200000000000051e-01,-1.927204462371276406e-01,2.000000000000000000e+00
1.665140000000000065e+00,-1.982599999999999918e-01,-1.973073203302714018e-01,2.000000000000000000e+00
1.685060000000000002e+00,-2.023500000000000021e-01,-1.966292184030992152e-01,2.000000000000000000e+00
1.685060000000000002e+00,-2.023500000000000021e-01,-1.966292184030992152e-01,2.000000000000000000e+00
1.697650000000000103e+00,-2.062100000000000044e-01,-2.006395046459195364e-01,2.000000000000000000e+00
1.697650000000000103e+00,-2.062100000000000044e-01,-2.006395046459195364e-01,2.000000000000000000e+00
1.697650000000000103e+00,-2.062100000000000044e-01,-2.006395046459195364e-01,2.000000000000000000e+00
1.697650000000000103e+00,-2.062100000000000044e-01,-2.006395046459195364e-01,2.000000000000000000e+00
1.698609999999999953e+00,-2.065200000000000091e-01,-2.010035439851451389e-01,2.000000000000000000e+00
1.698609999999999953e+00,-2.065200000000000091e-01,-2.010035439851451389e-01,2.000000000000000000e+00
1.750609999999999999e+00,-2.175900000000000056e-01,-2.047800176490358337e-01,2.000000000000000000e+00
1.770990000000000064e+00,-2.218900000000000039e-01,-2.071852368524380872e-01,2.000000000000000000e+00
1.770990000000000064e+00,-2.218900000000000039e-01,-2.071852368524380872e-01,2.000000000000000000e+00
1.783260000000000067e+00,-2.255800000000000027e-01,-2.111483107711453755e-01,2.000000000000000000e+00
1.795290000000000052e+00,-2.288399999999999879e-01,-2.156171019979963577e-01,2.000000000000000000e+00
1.795290000000000052e+00,-2.288399999999999879e-01,-2.156171019979963577e-01,2.000000000000000000e+00
1.816840000000000011e+00,-2.330699999999999994e-01,-2.149147046836819563e-01,2.000000000000000000e+00
1.816840000000000011e+00,-2.330699999999999994e-01,-2.149147046836819563e-01,2.000000000000000000e+00
1.832230000000000025e+00,-2.363500000000000045e-01,-2.128845633689665229e-01,2.000000000000000000e+00
1.832230000000000025e+00,-2.363500000000000045e-01,-2.128845633689665229e-01,2.000000000000000000e+00
1.845339999999999980e+00,-2.392900000000000027e-01,-2.142109778168413137e-01,2.000000000000000000e+00
1.867189999999999905e+00,-2.438700000000000034e-01,-2.126885777227270069e-01,2.000000000000000000e+00
1.867189999999999905e+00,-2.438700000000000034e-01,-2.126885777227270069e-01,2.000000000000000000e+00
1.881280000000000063e+00,-2.476700000000000013e-01,-2.139265994688051009e-01,2.000000000000000000e+00
1.881280000000000063e+00,-2.476700000000000013e-01,-2.139265994688051009e-01,2.000000000000000000e+00
1.902199999999999891e+00,-2.525000000000000022e-01,-2.153768725077984392e-01,2.000000000000000000e+00
1.903820000000000068e+00,-2.528699999999999837e-01,-2.154860316581072022e-01,2.000000000000000000e+00
1.915839999999999987e+00,-2.565000000000000058e-01,-2.167449174507820875e-01,2.000000000000000000e+00
1.927699999999999969e+00,-2.601299999999999724e-01,-2.211236028727779634e-01,2.000000000000000000e+00
1.927699999999999969e+00,-2.601299999999999724e-01,-2.211236028727779634e-01,2.000000000000000000e+00
1.939780000000000060e+00,-2.638900000000000134e-01,-2.258662363976055021e-01,2.000000000000000000e+00
1.939780000000000060e+00,-2.638900000000000134e-01,-2.258662363976055021e-01,2.000000000000000000e+00
1.950539999999999941e+00,-2.671799999999999731e-01,-2.322518172292931393e-01,2.000000000000000000e+00
1.962820000000000009e+00,-2.705699999999999772e-01,-2.342052274251345545e-01,2.000000000000000000e+00
1.962820000000000009e+00,-2.705699999999999772e-01,-2.342052274251345545e-01,2.000000000000000000e+00
1.990939999999999932e+00,-2.776399999999999979e-01,-2.364032211980552078e-01,2.000000000000000000e+00
1.990939999999999932e+00,-2.776399999999999979e-01,-2.364032211980552078e-01,2.000000000000000000e+00
1.994010000000000060e+00,-2.795400000000000107e-01,-2.400916084367233361e-01,2.000000000000000000e+00
1.994119999999999893e+00,-2.796699999999999742e-01,-2.404151362369241485e-01,2.000000000000000000e+00
1.997030000000000083e+00,-2.811000000000000165e-01,-2.406635705409334580e-01,2.000000000000000000e+00
2.007449999999999957e+00,-2.828300000000000258e-01,-2.418240166818884929e-01,2.000000000000000000e+00
2.007449999999999957e+00,-2.828300000000000258e-01,-2.418240166818884929e-01,2.000000000000000000e+00
2.018489999999999895e+00,-2.846600000000000241e-01,-2.424580439096361839e-01,2.000000000000000000e+00
2.019270000000000120e+00,-2.847899999999999876e-01,-2.424989120351349892e-01,2.000000000000000000e+00
2.019350000000000200e+00,-2.852899999999999880e-01,-2.458438318523822885e-01,2.000000000000000000e+00
2.020649999999999835e+00,-2.857399999999999940e-01,-2.462484251242146593e-01,2.000000000000000000e+00
2.020649999999999835e+00,-2.857399999999999940e-01,-2.462484251242146593e-01,2.000000000000000000e+00
2.022530000000000161e+00,-2.859900000000000220e-01,-2.465818262301538444e-01,2.000000000000000000e+00
2.022530000000000161e+00,-2.859900000000000220e-01,-2.465818262301538444e-01,2.000000000000000000e+00
2.032770000000000188e+00,-2.874800000000000133e-01,-2.440088311848444269e-01,2.000000000000000000e+00
2.032770000000000188e+00,-2.874800000000000133e-01,-2.440088311848444269e-01,2.000000000000000000e+00
2.025770000000000071e+00,-2.865199999999999969e-01,-2.431158948677467901e-01,2.000000000000000000e+00
2.025199999999999889e+00,-2.864399999999999724e-01,-2.430660406904256443e-01,2.000000000000000000e+00
2.031299999999999883e+00,-2.875499999999999723e-01,-2.463934681160037388e-01,2.000000000000000000e+00
2.023989999999999956e+00,-2.864499999999999824e-01,-2.462643520265075936e-01,2.000000000000000000e+00
2.023989999999999956e+00,-2.864499999999999824e-01,-2.462643520265075936e-01,2.000000000000000000e+00
2.031019999999999825e+00,-2.872600000000000153e-01,-2.469740974598405858e-01,2.000000000000000000e+00
2.031629999999999825e+00,-2.873299999999999743e-01,-2.470324098963624926e-01,2.000000000000000000e+00
2.025170000000000137e+00,-2.863600000000000034e-01,-2.432676158310584924e-01,2.000000000000000000e+00
2.031159999999999854e+00,-2.872199999999999753e-01,-2.462593455511171148e-01,2.000000000000000000e+00
2.031159999999999854e+00,-2.872199999999999753e-01,-2.462593455511171148e-01,2.000000000000000000e+00
2.023810000000000109e+00,-2.863700000000000134e-01,-2.466531413169112397e-01,2.000000000000000000e+00
2.023810000000000109e+00,-2.863700000000000134e-01,-2.466531413169112397e-01,2.000000000000000000e+00
2.031309999999999949e+00,-2.872700000000000253e-01,-2.465982289370778902e-01,2.000000000000000000e+00
2.032090000000000174e+00,-2.873700000000000143e-01,-2.465911969158424699e-01,2.000000000000000000e+00
2.031800000000000050e+00,-2.873200000000000198e-01,-2.465706711264309126e-01,2.000000000000000000e+00
2.023859999999999992e+00,-2.860800000000000010e-01,-2.461787856034094446e-01,2.000000000000000000e+00
2.023859999999999992e+00,-2.860800000000000010e-01,-2.461787856034094446e-01,2.000000000000000000e+00
2.023299999999999876e+00,-2.863200000000000189e-01,-2.462259243935051023e-01,2.000000000000000000e+00
2.023299999999999876e+00,-2.863200000000000189e-01,-2.462259243935051023e-01,2.000000000000000000e+00
2.031050000000000022e+00,-2.872399999999999953e-01,-2.465394684463081965e-01,2.000000000000000000e+00
2.031769999999999854e+00,-2.873200000000000198e-01,-2.465688163075721306e-01,2.000000000000000000e+00
2.033259999999999845e+00,-2.876099999999999768e-01,-2.435827139843260991e-01,2.000000000000000000e+00
2.031909999999999883e+00,-2.873399999999999843e-01,-2.462838591192703375e-01,2.000000000000000000e+00
2.031909999999999883e+00,-2.873399999999999843e-01,-2.462838591192703375e-01,2.000000000000000000e+00
2.033560000000000034e+00,-2.876600000000000268e-01,-2.436484509448567926e-01,2.000000000000000000e+00
2.033560000000000034e+00,-2.876600000000000268e-01,-2.436484509448567926e-01,2.000000000000000000e+00
3.800000000000000209e-04,-2.000000000000000164e-05,0.000000000000000000e+00,3.000000000000000000e+00
3.800000000000000209e-04,-2.000000000000000164e-05,0.000000000000000000e+00,3.000000000000000000e+00
1.800000000000000113e-04,2.000000000000000164e-05,-1.359152826301493130e-03,3.000000000000000000e+00
1.800000000000000113e-04,2.000000000000000164e-05,-1.359152826301493130e-03,3.000000000000000000e+00
1.299999999999999886e-04,-0.000000000000000000e+00,-3.211314247456450131e-04,3.000000000000000000e+00
1.299999999999999886e-04,-0.000000000000000000e+00,-3.211314247456450131e-04,3.000000000000000000e+00
1.229999999999999974e-03,-2.400000000000000061e-04,-1.325917782780592323e-05,3.000000000000000000e+00
1.229999999999999974e-03,-2.400000000000000061e-04,-1.325917782780592323e-05,3.000000000000000000e+00
3.699999999999999947e-04,-6.000000000000000152e-05,-1.287228976648930635e-03,3.000000000000000000e+00
3.699999999999999947e-04,-6.000000000000000152e-05,-1.287228976648930635e-03,3.000000000000000000e+00
1.030000000000000100e-03,-6.000000000000000152e-05,2.186942329046287058e-04,3.000000000000000000e+00
1.100000000000000066e-03,-6.000000000000000152e-05,3.620112688703899014e-04,3.000000000000000000e+00
2.180000000000000080e-03,-6.999999999999999387e-05,2.103831662836392778e-04,3.000000000000000000e+00
-2.467000000000000096e-02,2.929999999999999879e-03,3.664293683624931380e-02,3.000000000000000000e+00
-2.467000000000000096e-02,2.929999999999999879e-03,3.664293683624931380e-02,3.000000000000000000e+00
-2.990000000000000036e-03,9.399999999999999719e-04,-3.852925706668443914e-03,3.000000000000000000e+00
4.780000000000000394e-03,-2.000000000000000096e-04,-4.480236882894844327e-03,3.000000000000000000e+00
6.020000000000000177e-03,-2.400000000000000061e-04,-7.080128216267151525e-03,3.000000000000000000e+00
1.014999999999999930e-02,-3.499999999999999964e-04,-9.134124041944125666e-03,3.000000000000000000e+00
1.014999999999999930e-02,-3.499999999999999964e-04,-9.134124041944125666e-03,3.000000000000000000e+00
2.012999999999999859e-02,-1.059999999999999961e-03,-1.334052464931951079e-02,3.000000000000000000e+00
2.012999999999999859e-02,-1.059999999999999961e-03,-1.334052464931951079e-02,3.000000000000000000e+00
2.648000000000000007e-02,-1.629999999999999939e-03,-1.900607703815738667e-02,3.000000000000000000e+00
3.749000000000000249e-02,-3.779999999999999940e-03,-2.829184861718072458e-02,3.000000000000000000e+00
3.749000000000000249e-02,-3.779999999999999940e-03,-2.829184861718072458e-02,3.000000000000000000e+00
4.691000000000000031e-02,-4.939999999999999947e-03,-3.446126317136839062e-02,3.000000000000000000e+00
4.691000000000000031e-02,-4.939999999999999947e-03,-3.446126317136839062e-02,3.000000000000000000e+00
5.666999999999999815e-02,-6.109999999999999980e-03,-4.216252328736181526e-02,3.000000000000000000e+00
5.666999999999999815e-02,-6.109999999999999980e-03,-4.216252328736181526e-02,3.000000000000000000e+00
6.636000000000000232e-02,-7.329999999999999710e-03,-4.776023326194205054e-02,3.000000000000000000e+00
6.776000000000000079e-02,-7.499999999999999722e-03,-4.853621519023730568e-02,3.000000000000000000e+00
8.143000000000000238e-02,-7.660000000000000142e-03,-5.770818433761024796e-02,3.000000000000000000e+00
9.339999999999999691e-02,-9.560000000000000789e-03,-6.422534188588772952e-02,3.000000000000000000e+00
9.339999999999999691e-02,-9.560000000000000789e-03,-6.422534188588772952e-02,3.000000000000000000e+00
1.040399999999999936e-01,-1.158999999999999961e-02,-7.276430615994765316e-02,3.000000000000000000e+00
1.040399999999999936e-01,-1.158999999999999961e-02,-7.276430615994765316e-02,3.000000000000000000e+00
1.175699999999999940e-01,-1.375999999999999966e-02,-8.230485844947395269e-02,3.000000000000000000e+00
1.175699999999999940e-01,-1.375999999999999966e-02,-8.230485844947395269e-02,3.000000000000000000e+00
1.260400000000000131e-01,-1.521999999999999915e-02,-9.013609150746283716e-02,3.000000000000000000e+00
1.396000000000000019e-01,-1.771000000000000005e-02,-9.879020650032969975e-02,3.000000000000000000e+00
1.396000000000000019e-01,-1.771000000000000005e-02,-9.879020650032969975e-02,3.000000000000000000e+00
1.524699999999999944e-01,-2.001999999999999960e-02,-1.075457485424372167e-01,3.000000000000000000e+00
1.524699999999999944e-01,-2.001999999999999960e-02,-1.075457485424372167e-01,3.000000000000000000e+00
1.633199999999999930e-01,-2.200999999999999832e-02,-1.194819767006738004e-01,3.000000000000000000e+00
1.741199999999999970e-01,-2.489999999999999852e-02,-1.299201371637872249e-01,3.000000000000000000e+00
1.741199999999999970e-01,-2.489999999999999852e-02,-1.299201371637872249e-01,3.000000000000000000e+00
1.867199999999999971e-01,-2.774000000000000077e-02,-1.394398979709551012e-01,3.000000000000000000e+00
1.867199999999999971e-01,-2.774000000000000077e-02,-1.394398979709551012e-01,3.000000000000000000e+00
2.013199999999999990e-01,-3.053000000000000158e-02,-1.467488831895467360e-01,3.000000000000000000e+00
2.013199999999999990e-01,-3.053000000000000158e-02,-1.467488831895467360e-01,3.000000000000000000e+00
2.026799999999999990e-01,-3.077999999999999833e-02,-1.473973142527925939e-01,3.000000000000000000e+00
2.026799999999999990e-01,-3.077999999999999833e-02,-1.473973142527925939e-01,3.000000000000000000e+00
2.026799999999999990e-01,-3.077999999999999833e-02,-1.473973142527925939e-01,3.000000000000000000e+00
2.026799999999999990e-01,-3.077999999999999833e-02,-1.473973142527925939e-01,3.000000000000000000e+00
2.026799999999999990e-01,-3.077999999999999833e-02,-1.473973142527925939e-01,3.000000000000000000e+00
2.026799999999999990e-01,-3.077999999999999833e-02,-1.473973142527925939e-01,3.000000000000000000e+00
2.026799999999999990e-01,-3.077999999999999833e-02,-1.473973142527925939e-01,3.000000000000000000e+00
2.026799999999999990e-01,-3.077999999999999833e-02,-1.473973142527925939e-01,3.000000000000000000e+00
2.026799999999999990e-01,-3.077999999999999833e-02,-1.473973142527925939e-01,3.000000000000000000e+00
2.026799999999999990e-01,-3.077999999999999833e-02,-1.473973142527925939e-01,3.000000000000000000e+00
2.896000000000000241e-01,-5.176999999999999658e-02,-2.077773924172687525e-01,3.000000000000000000e+00
2.896000000000000241e-01,-5.176999999999999658e-02,-2.077773924172687525e-01,3.000000000000000000e+00
3.065399999999999792e-01,-6.092000000000000193e-02,-2.275180208140795968e-01,3.000000000000000000e+00
3.065399999999999792e-01,-6.092000000000000193e-02,-2.275180208140795968e-01,3.000000000000000000e+00
3.196899999999999742e-01,-6.597000000000000086e-02,-2.385185138048414588e-01,3.000000000000000000e+00
3.325000000000000178e-01,-7.005000000000000115e-02,-2.497541690554161975e-01,3.000000000000000000e+00
3.325000000000000178e-01,-7.005000000000000115e-02,-2.497541690554161975e-01,3.000000000000000000e+00
3.446500000000000119e-01,-7.445999999999999841e-02,-2.579194393106178373e-01,3.000000000000000000e+00
3.455300000000000038e-01,-7.478999999999999537e-02,-2.584953783559210683e-01,3.000000000000000000e+00
3.548000000000000043e-01,-7.878000000000000280e-02,-2.700129763214075274e-01,3.000000000000000000e+00
3.696699999999999986e-01,-8.401000000000000134e-02,-2.782228337617195790e-01,3.000000000000000000e+00
3.696699999999999986e-01,-8.401000000000000134e-02,-2.782228337617195790e-01,3.000000000000000000e+00
3.815000000000000058e-01,-8.888000000000000067e-02,-2.875371344942624363e-01,3.000000000000000000e+00
3.815000000000000058e-01,-8.888000000000000067e-02,-2.875371344942624363e-01,3.000000000000000000e+00
3.932300000000000240e-01,-9.345000000000000528e-02,-2.953555393937948303e-01,3.000000000000000000e+00
3.942100000000000048e-01,-9.385000000000000286e-02,-2.959962881161161685e-01,3.000000000000000000e+00
4.048300000000000232e-01,-9.815999999999999726e-02,-3.029002651454383854e-01,3.000000000000000000e+00
4.158200000000000229e-01,-1.029899999999999982e-01,-3.122491209331478834e-01,3.000000000000000000e+00
4.158200000000000229e-01,-1.029899999999999982e-01,-3.122491209331478834e-01,3.000000000000000000e+00
4.333699999999999775e-01,-1.070099999999999940e-01,-3.242828877833890955e-01,3.000000000000000000e+00
4.333699999999999775e-01,-1.070099999999999940e-01,-3.242828877833890955e-01,3.000000000000000000e+00
4.439000000000000168e-01,-1.116000000000000048e-01,-3.305994706560512197e-01,3.000000000000000000e+00
4.563999999999999724e-01,-1.164700000000000041e-01,-3.400872905962186166e-01,3.000000000000000000e+00
4.563999999999999724e-01,-1.164700000000000041e-01,-3.400872905962186166e-01,3.000000000000000000e+00
4.711199999999999832e-01,-1.221899999999999931e-01,-3.525208296799510754e-01,3.000000000000000000e+00
4.711199999999999832e-01,-1.221899999999999931e-01,-3.525208296799510754e-01,3.000000000000000000e+00
4.808499999999999996e-01,-1.276799999999999879e-01,-3.603691458008340121e-01,3.000000000000000000e+00
4.927000000000000268e-01,-1.340999999999999970e-01,-3.728036877942967897e-01,3.000000000000000000e+00
4.927000000000000268e-01,-1.340999999999999970e-01,-3.728036877942967897e-01,3.000000000000000000e+00
5.054300000000000459e-01,-1.402299999999999935e-01,-3.835121326953459531e-01,3.000000000000000000e+00
5.054300000000000459e-01,-1.402299999999999935e-01,-3.835121326953459531e-01,3.000000000000000000e+00
5.177800000000000180e-01,-1.463500000000000079e-01,-3.955900751464085374e-01,3.000000000000000000e+00
5.296699999999999742e-01,-1.528299999999999936e-01,-4.022830550785769232e-01,3.000000000000000000e+00
5.296699999999999742e-01,-1.528299999999999936e-01,-4.022830550785769232e-01,3.000000000000000000e+00
5.378199999999999648e-01,-1.586100000000000010e-01,-4.122119357383431382e-01,3.000000000000000000e+00
5.385699999999999932e-01,-1.591599999999999959e-01,-4.131803505935499610e-01,3.000000000000000000e+00
5.385699999999999932e-01,-1.591599999999999959e-01,-4.131803505935499610e-01,3.000000000000000000e+00
5.385699999999999932e-01,-1.591599999999999959e-01,-4.131803505935499610e-01,3.000000000000000000e+00
5.385699999999999932e-01,-1.591599999999999959e-01,-4.131803505935499610e-01,3.000000000000000000e+00
5.745799999999999796e-01,-1.786300000000000110e-01,-4.414171204271849502e-01,3.000000000000000000e+00
5.745799999999999796e-01,-1.786300000000000110e-01,-4.414171204271849502e-01,3.000000000000000000e+00
5.901100000000000234e-01,-1.860100000000000087e-01,-4.503551722291642134e-01,3.000000000000000000e+00
5.901100000000000234e-01,-1.860100000000000087e-01,-4.503551722291642134e-01,3.000000000000000000e+00
5.986900000000000555e-01,-1.926299999999999957e-01,-4.595413579260566039e-01,3.000000000000000000e+00
6.091400000000000148e-01,-1.992200000000000082e-01,-4.679755031983364177e-01,3.000000000000000000e+00
6.091400000000000148e-01,-1.992200000000000082e-01,-4.679755031983364177e-01,3.000000000000000000e+00
6.100400000000000267e-01,-1.997800000000000131e-01,-4.686836056624615332e-01,3.000000000000000000e+00
6.296100000000000030e-01,-2.111200000000000021e-01,-4.848901353751658982e-01,3.000000000000000000e+00
6.296100000000000030e-01,-2.111200000000000021e-01,-4.848901353751658982e-01,3.000000000000000000e+00
6.422600000000000531e-01,-2.188299999999999967e-01,-4.935224118558489970e-01,3.000000000000000000e+00
6.422600000000000531e-01,-2.188299999999999967e-01,-4.935224118558489970e-01,3.000000000000000000e+00
6.527800000000000269e-01,-2.257599999999999885e-01,-5.023982656816566861e-01,3.000000000000000000e+00
6.537300000000000333e-01,-2.264100000000000001e-01,-5.032260148146873169e-01,3.000000000000000000e+00
6.659000000000000474e-01,-2.338300000000000101e-01,-5.119569224223732284e-01,3.000000000000000000e+00
6.747999999999999554e-01,-2.410400000000000043e-01,-5.228448580062599049e-01,3.000000000000000000e+00
6.747999999999999554e-01,-2.410400000000000043e-01,-5.228448580062599049e-01,3.000000000000000000e+00
6.861800000000000122e-01,-2.488499999999999879e-01,-5.356432082759212676e-01,3.000000000000000000e+00
6.861800000000000122e-01,-2.488499999999999879e-01,-5.356432082759212676e-01,3.000000000000000000e+00
7.006200000000000205e-01,-2.574899999999999967e-01,-5.438993869159208794e-01,3.000000000000000000e+00
7.018400000000000194e-01,-2.582099999999999951e-01,-5.445459696400213323e-01,3.000000000000000000e+00
7.080300000000000482e-01,-2.649799999999999933e-01,-5.530239727181879283e-01,3.000000000000000000e+00
7.172399999999999887e-01,-2.730799999999999894e-01,-5.625772170776581760e-01,3.000000000000000000e+00
7.172399999999999887e-01,-2.730799999999999894e-01,-5.625772170776581760e-01,3.000000000000000000e+00
7.289200000000000124e-01,-2.813899999999999735e-01,-5.748300903642120652e-01,3.000000000000000000e+00
7.289200000000000124e-01,-2.813899999999999735e-01,-5.748300903642120652e-01,3.000000000000000000e+00
7.357500000000000151e-01,-2.887299999999999867e-01,-5.841965932092805236e-01,3.000000000000000000e+00
7.357500000000000151e-01,-2.887299999999999867e-01,-5.841965932092805236e-01,3.000000000000000000e+00
7.510000000000000009e-01,-2.983199999999999741e-01,-5.911932963009540742e-01,3.000000000000000000e+00
7.571099999999999497e-01,-3.054100000000000148e-01,-6.018615260932852484e-01,3.000000000000000000e+00
7.571099999999999497e-01,-3.054100000000000148e-01,-6.018615260932852484e-01,3.000000000000000000e+00
7.662299999999999667e-01,-3.136900000000000244e-01,-6.115164012794006565e-01,3.000000000000000000e+00
7.662299999999999667e-01,-3.136900000000000244e-01,-6.115164012794006565e-01,3.000000000000000000e+00
7.835400000000000142e-01,-3.304799999999999960e-01,-6.267550291206067659e-01,3.000000000000000000e+00
7.835400000000000142e-01,-3.304799999999999960e-01,-6.267550291206067659e-01,3.000000000000000000e+00
7.850399999999999601e-01,-3.319599999999999773e-01,-6.280591582354397850e-01,3.000000000000000000e+00
8.048800000000000399e-01,-3.486500000000000155e-01,-6.451448001184711956e-01,3.000000000000000000e+00
8.048800000000000399e-01,-3.486500000000000155e-01,-6.451448001184711956e-01,3.000000000000000000e+00
8.129199999999999759e-01,-3.565400000000000236e-01,-6.525101860926847408e-01,3.000000000000000000e+00
8.129199999999999759e-01,-3.565400000000000236e-01,-6.525101860926847408e-01,3.000000000000000000e+00
8.205999999999999961e-01,-3.646699999999999942e-01,-6.644894397367746564e-01,3.000000000000000000e+00
8.205999999999999961e-01,-3.646699999999999942e-01,-6.644894397367746564e-01,3.000000000000000000e+00
8.205999999999999961e-01,-3.646699999999999942e-01,-6.644894397367746564e-01,3.000000000000000000e+00
8.211500000000000465e-01,-3.652500000000000191e-01,-6.653715419688529531e-01,3.000000000000000000e+00
8.446799999999999864e-01,-3.829000000000000181e-01,-6.860428086044875196e-01,3.000000000000000000e+00
8.540400000000000214e-01,-3.918300000000000116e-01,-6.964571685759803898e-01,3.000000000000000000e+00
8.540400000000000214e-01,-3.918300000000000116e-01,-6.964571685759803898e-01,3.000000000000000000e+00
8.541999999999999593e-01,-3.986500000000000044e-01,-7.072173604897631360e-01,3.000000000000000000e+00
8.541999999999999593e-01,-3.986500000000000044e-01,-7.072173604897631360e-01,3.000000000000000000e+00
8.541999999999999593e-01,-3.986500000000000044e-01,-7.072173604897631360e-01,3.000000000000000000e+00
8.687700000000000422e-01,-4.107799999999999785e-01,-7.159311309146817459e-01,3.000000000000000000e+00
8.758799999999999919e-01,-4.197500000000000120e-01,-7.259109195213011567e-01,3.000000000000000000e+00
8.884199999999999875e-01,-4.305300000000000238e-01,-7.357008974010136315e-01,3.000000000000000000e+00
8.884199999999999875e-01,-4.305300000000000238e-01,-7.357008974010136315e-01,3.000000000000000000e+00
8.922799999999999621e-01,-4.386300000000000199e-01,-7.473049982378806577e-01,3.000000000000000000e+00
8.922799999999999621e-01,-4.386300000000000199e-01,-7.473049982378806577e-01,3.000000000000000000e+00
9.016100000000000225e-01,-4.485399999999999943e-01,-7.565987962022231450e-01,3.000000000000000000e+00
9.023799999999999599e-01,-4.493300000000000072e-01,-7.573011887305771683e-01,3.000000000000000000e+00
9.113099999999999534e-01,-4.590000000000000191e-01,-7.659037707277347451e-01,3.000000000000000000e+00
9.189100000000000046e-01,-4.680699999999999861e-01,-7.764263545317681148e-01,3.000000000000000000e+00
9.189100000000000046e-01,-4.680699999999999861e-01,-7.764263545317681148e-01,3.000000000000000000e+00
9.363899999999999446e-01,-4.894200000000000217e-01,-7.915643240201275521e-01,3.000000000000000000e+00
9.363899999999999446e-01,-4.894200000000000217e-01,-7.915643240201275521e-01,3.000000000000000000e+00
9.398999999999999577e-01,-4.983000000000000207e-01,-8.037760569090879326e-01,3.000000000000000000e+00
9.398999999999999577e-01,-4.983000000000000207e-01,-8.037760569090879326e-01,3.000000000000000000e+00
9.535599999999999632e-01,-5.101599999999999469e-01,-8.130596839534227627e-01,3.000000000000000000e+00
9.548900000000000166e-01,-5.112700000000000022e-01,-8.138607925410772381e-01,3.000000000000000000e+00
9.589499999999999691e-01,-5.198800000000000088e-01,-8.232122146056507495e-01,3.000000000000000000e+00
9.792600000000000193e-01,-5.328100000000000058e-01,-8.321091958614870165e-01,3.000000000000000000e+00
9.792600000000000193e-01,-5.328100000000000058e-01,-8.321091958614870165e-01,3.000000000000000000e+00
9.846700000000000452e-01,-5.423900000000000388e-01,-8.454988658626191311e-01,3.000000000000000000e+00
9.846700000000000452e-01,-5.423900000000000388e-01,-8.454988658626191311e-01,3.000000000000000000e+00
9.895800000000000152e-01,-5.525799999999999601e-01,-8.551397012191721547e-01,3.000000000000000000e+00
9.899900000000000366e-01,-5.534299999999999775e-01,-8.558829092550745976e-01,3.000000000000000000e+00
9.950400000000000356e-01,-5.628300000000000525e-01,-8.665118811833633083e-01,3.000000000000000000e+00
1.003239999999999910e+00,-5.742699999999999472e-01,-8.764628751814946828e-01,3.000000000000000000e+00
1.003239999999999910e+00,-5.742699999999999472e-01,-8.764628751814946828e-01,3.000000000000000000e+00
1.014100000000000001e+00,-5.872699999999999587e-01,-8.876298341027256678e-01,3.000000000000000000e+00
1.014100000000000001e+00,-5.872699999999999587e-01,-8.876298341027256678e-01,3.000000000000000000e+00
1.021879999999999900e+00,-5.992300000000000404e-01,-8.978060309320169408e-01,3.000000000000000000e+00
1.027120000000000033e+00,-6.097799999999999887e-01,-9.100649882622096065e-01,3.000000000000000000e+00
1.027460000000000040e+00,-6.104899999999999771e-01,-9.108922453997634339e-01,3.000000000000000000e+00
1.029290000000000038e+00,-6.192999999999999616e-01,-9.205194105355122280e-01,3.000000000000000000e+00
1.034780000000000033e+00,-6.295199999999999685e-01,-9.296287069953530491e-01,3.000000000000000000e+00
1.047209999999999974e+00,-6.441299999999999804e-01,-9.383607004966091347e-01,3.000000000000000000e+00
1.047209999999999974e+00,-6.441299999999999804e-01,-9.383607004966091347e-01,3.000000000000000000e+00
1.047779999999999934e+00,-6.531000000000000139e-01,-9.455902241341360703e-01,3.000000000000000000e+00
1.050049999999999928e+00,-6.530099999999999794e-01,-9.462006817212602616e-01,3.000000000000000000e+00
1.050049999999999928e+00,-6.530099999999999794e-01,-9.462006817212602616e-01,3.000000000000000000e+00
1.055800000000000072e+00,-6.632900000000000462e-01,-9.558742334613347102e-01,3.000000000000000000e+00
1.056170000000000053e+00,-6.639899999999999691e-01,-9.565184385685356894e-01,3.000000000000000000e+00
1.063749999999999973e+00,-6.751899999999999569e-01,-9.664578307906087629e-01,3.000000000000000000e+00
1.065280000000000005e+00,-6.843700000000000339e-01,-9.772064663037183241e-01,3.000000000000000000e+00
1.065280000000000005e+00,-6.843700000000000339e-01,-9.772064663037183241e-01,3.000000000000000000e+00
1.077479999999999993e+00,-6.984200000000000408e-01,-9.879341528659005833e-01,3.000000000000000000e+00
1.078610000000000069e+00,-6.996700000000000141e-01,-9.888461870824548638e-01,3.000000000000000000e+00
1.081690000000000040e+00,-7.094700000000000450e-01,-1.000665482284162966e+00,3.000000000000000000e+00
1.090260000000000007e+00,-7.223600000000000021e-01,-1.009637270690076027e+00,3.000000000000000000e+00
1.090260000000000007e+00,-7.223600000000000021e-01,-1.009637270690076027e+00,3.000000000000000000e+00
1.091069999999999984e+00,-7.320499999999999785e-01,-1.021152995196557667e+00,3.000000000000000000e+00
1.091069999999999984e+00,-7.329099999999999504e-01,-1.022231979819249847e+00,3.000000000000000000e+00
1.096149999999999958e+00,-7.438500000000000112e-01,-1.030649781490694972e+00,3.000000000000000000e+00
1.096640000000000059e+00,-7.448799999999999866e-01,-1.031449216013312187e+00,3.000000000000000000e+00
1.107820000000000027e+00,-7.590200000000000280e-01,-1.041712803835111112e+00,3.000000000000000000e+00
1.108000000000000096e+00,-7.694400000000000128e-01,-1.053157022804997345e+00,3.000000000000000000e+00
1.108000000000000096e+00,-7.694400000000000128e-01,-1.053157022804997345e+00,3.000000000000000000e+00
1.113439999999999985e+00,-7.820700000000000429e-01,-1.063718176021288597e+00,3.000000000000000000e+00
1.113439999999999985e+00,-7.820700000000000429e-01,-1.063718176021288597e+00,3.000000000000000000e+00
1.118759999999999977e+00,-7.943500000000000005e-01,-1.074612901783859931e+00,3.000000000000000000e+00
1.118759999999999977e+00,-7.943500000000000005e-01,-1.074612901783859931e+00,3.000000000000000000e+00
1.118759999999999977e+00,-7.943500000000000005e-01,-1.074612901783859931e+00,3.000000000000000000e+00
1.119220000000000104e+00,-7.954099999999999504e-01,-1.075558967097586249e+00,3.000000000000000000e+00
1.119220000000000104e+00,-7.954099999999999504e-01,-1.075558967097586249e+00,3.000000000000000000e+00
1.119220000000000104e+00,-7.954099999999999504e-01,-1.075558967097586249e+00,3.000000000000000000e+00
1.119220000000000104e+00,-7.954099999999999504e-01,-1.075558967097586249e+00,3.000000000000000000e+00
1.119220000000000104e+00,-7.954099999999999504e-01,-1.075558967097586249e+00,3.000000000000000000e+00
1.119220000000000104e+00,-7.954099999999999504e-01,-1.075558967097586249e+00,3.000000000000000000e+00
1.119220000000000104e+00,-7.954099999999999504e-01,-1.075558967097586249e+00,3.000000000000000000e+00
1.119220000000000104e+00,-7.954099999999999504e-01,-1.075558967097586249e+00,3.000000000000000000e+00
1.119220000000000104e+00,-7.954099999999999504e-01,-1.075558967097586249e+00,3.000000000000000000e+00
1.156109999999999971e+00,-8.919799999999999951e-01,-1.150397855156422233e+00,3.000000000000000000e+00
1.157270000000000021e+00,-8.951400000000000468e-01,-1.152941037656880052e+00,3.000000000000000000e+00
1.160819999999999963e+00,-9.055900000000000061e-01,-1.165090661995679122e+00,3.000000000000000000e+00
1.165920000000000067e+00,-9.192900000000000515e-01,-1.175732389163616665e+00,3.000000000000000000e+00
1.168800000000000061e+00,-9.304599999999999538e-01,-1.191515859044501413e+00,3.000000000000000000e+00
1.168800000000000061e+00,-9.304599999999999538e-01,-1.191515859044501413e+00,3.000000000000000000e+00
1.166150000000000020e+00,-9.288399999999999990e-01,-1.193484754383108193e+00,3.000000000000000000e+00
1.165229999999999988e+00,-9.362599999999999811e-01,-1.196018778089880774e+00,3.000000000000000000e+00
1.165229999999999988e+00,-9.362599999999999811e-01,-1.196018778089880774e+00,3.000000000000000000e+00
1.169750000000000068e+00,-9.450499999999999456e-01,-1.205647250634219292e+00,3.000000000000000000e+00
1.173110000000000097e+00,-9.519999999999999574e-01,-1.209562329142334747e+00,3.000000000000000000e+00
1.173110000000000097e+00,-9.519999999999999574e-01,-1.209562329142334747e+00,3.000000000000000000e+00
1.174430000000000085e+00,-9.570600000000000218e-01,-1.213489532026491347e+00,3.000000000000000000e+00
1.175650000000000084e+00,-9.612600000000000033e-01,-1.216374945637365368e+00,3.000000000000000000e+00
1.175729999999999942e+00,-9.615200000000000413e-01,-1.216553531910270269e+00,3.000000000000000000e+00
1.171999999999999931e+00,-9.620800000000000463e-01,-1.215591071680738766e+00,3.000000000000000000e+00
1.175210000000000088e+00,-9.649299999999999544e-01,-1.221127434213773011e+00,3.000000000000000000e+00
1.175440000000000040e+00,-9.651199999999999779e-01,-1.221492384922319374e+00,3.000000000000000000e+00
1.174719999999999986e+00,-9.646599999999999620e-01,-1.221847469070932446e+00,3.000000000000000000e+00
1.174560000000000048e+00,-9.649600000000000399e-01,-1.218485268654690534e+00,3.000000000000000000e+00
1.171210000000000084e+00,-9.628799999999999581e-01,-1.219036810084921374e+00,3.000000000000000000e+00
1.171210000000000084e+00,-9.628799999999999581e-01,-1.219036810084921374e+00,3.000000000000000000e+00
1.171880000000000033e+00,-9.627200000000000202e-01,-1.219414868474904878e+00,3.000000000000000000e+00
1.171939999999999982e+00,-9.627200000000000202e-01,-1.219436110066675960e+00,3.000000000000000000e+00
1.176199999999999912e+00,-9.650900000000000034e-01,-1.218173643984830967e+00,3.000000000000000000e+00
1.172269999999999923e+00,-9.629100000000000437e-01,-1.219337094362199059e+00,3.000000000000000000e+00
1.178420000000000023e+00,-9.663800000000000168e-01,-1.219482629903508863e+00,3.000000000000000000e+00
1.178420000000000023e+00,-9.663800000000000168e-01,-1.219482629903508863e+00,3.000000000000000000e+00
1.174080000000000013e+00,-9.639100000000000446e-01,-1.217672374869989360e+00,3.000000000000000000e+00
1.176190000000000069e+00,-9.650400000000000089e-01,-1.221508631297629099e+00,3.000000000000000000e+00
1.176190000000000069e+00,-9.650400000000000089e-01,-1.221508631297629099e+00,3.000000000000000000e+00
1.175610000000000044e+00,-9.646599999999999620e-01,-1.221362591683683885e+00,3.000000000000000000e+00
1.176360000000000072e+00,-9.654300000000000104e-01,-1.218401166173050498e+00,3.000000000000000000e+00
1.176360000000000072e+00,-9.654300000000000104e-01,-1.218401166173050498e+00,3.000000000000000000e+00
1.178020000000000067e+00,-9.661199999999999788e-01,-1.219744324017288939e+00,3.000000000000000000e+00
1.172339999999999938e+00,-9.632100000000000106e-01,-1.219543927964463093e+00,3.000000000000000000e+00
1.172339999999999938e+00,-9.632100000000000106e-01,-1.219543927964463093e+00,3.000000000000000000e+00
1.171929999999999916e+00,-9.627499999999999947e-01,-1.219445444161198600e+00,3.000000000000000000e+00
1.171939999999999982e+00,-9.627200000000000202e-01,-1.219436110066675960e+00,3.000000000000000000e+00
1.178309999999999969e+00,-9.663199999999999568e-01,-1.219481837825707071e+00,3.000000000000000000e+00
1.172619999999999996e+00,-9.631100000000000216e-01,-1.219440797349992334e+00,3.000000000000000000e+00
1.172619999999999996e+00,-9.631100000000000216e-01,-1.219440797349992334e+00,3.000000000000000000e+00
1.174350000000000005e+00,-9.641300000000000425e-01,-1.218142117677745162e+00,3.000000000000000000e+00
1.174350000000000005e+00,-9.641300000000000425e-01,-1.218142117677745162e+00,3.000000000000000000e+00
1.172299999999999898e+00,-9.628400000000000292e-01,-1.219295784283435102e+00,3.000000000000000000e+00
1.172299999999999898e+00,-9.628400000000000292e-01,-1.219295784283435102e+00,3.000000000000000000e+00
1.171899999999999942e+00,-9.629499999999999726e-01,-1.219509954179728295e+00,3.000000000000000000e+00
1.171880000000000033e+00,-9.629699999999999926e-01,-1.219518423647772742e+00,3.000000000000000000e+00
1.171929999999999916e+00,-9.627400000000000402e-01,-1.219443122633656174e+00,3.000000000000000000e+00
1.175179999999999891e+00,-9.645500000000000185e-01,-1.217778554854797024e+00,3.000000000000000000e+00
1.175179999999999891e+00,-9.645500000000000185e-01,-1.217778554854797024e+00,3.000000000000000000e+00
-2.100000000000000087e-04,-4.000000000000000327e-05,0.000000000000000000e+00,3.000000000000000000e+00
9.100000000000000016e-04,-6.999999999999999387e-05,1.944799625607360498e-03,3.000000000000000000e+00
1.030000000000000100e-03,0.000000000000000000e+00,2.022846969577509445e-03,3.000000000000000000e+00
1.030000000000000100e-03,0.000000000000000000e+00,2.022846969577509445e-03,3.000000000000000000e+00
-3.400000000000000244e-04,9.000000000000000567e-05,2.023153375046336192e-03,3.000000000000000000e+00
-3.400000000000000244e-04,9.000000000000000567e-05,2.023153375046336192e-03,3.000000000000000000e+00
6.199999999999999999e-04,-9.000000000000000567e-05,6.395784173148471967e-04,3.000000000000000000e+00
7.299999999999999632e-04,-6.999999999999999387e-05,1.663951879075984200e-03,3.000000000000000000e+00
7.299999999999999632e-04,-6.999999999999999387e-05,1.663951879075984200e-03,3.000000000000000000e+00
8.499999999999999526e-04,-4.000000000000000327e-05,2.593215951925749874e-04,3.000000000000000000e+00
8.499999999999999526e-04,-4.000000000000000327e-05,2.593215951925749874e-04,3.000000000000000000e+00
-1.700000000000000122e-04,8.000000000000000654e-05,1.909508076997666354e-03,3.000000000000000000e+00
-2.500000000000000052e-04,9.000000000000000567e-05,2.058465842069133380e-03,3.000000000000000000e+00
5.800000000000000034e-04,-6.999999999999999387e-05,2.087856259486411004e-03,3.000000000000000000e+00
-8.999999999999999754e-04,1.399999999999999877e-04,-1.081985395707356357e-04,3.000000000000000000e+00
-8.999999999999999754e-04,1.399999999999999877e-04,-1.081985395707356357e-04,3.000000000000000000e+00
4.360000000000000160e-03,-2.400000000000000061e-04,-3.205835301995459217e-03,3.000000000000000000e+00
4.360000000000000160e-03,-2.400000000000000061e-04,-3.205835301995459217e-03,3.000000000000000000e+00
1.239999999999999956e-02,-7.900000000000000121e-04,-4.966334187609401304e-03,3.000000000000000000e+00
1.311000000000000013e-02,-8.400000000000000348e-04,-5.107075627389644559e-03,3.000000000000000000e+00
1.541999999999999968e-02,-8.999999999999999754e-04,-1.170109618249877241e-02,3.000000000000000000e+00
2.227000000000000160e-02,-1.330000000000000019e-03,-1.457205273274263420e-02,3.000000000000000000e+00
2.227000000000000160e-02,-1.330000000000000019e-03,-1.457205273274263420e-02,3.000000000000000000e+00
2.816000000000000100e-02,-2.220000000000000185e-03,-2.167619000348010652e-02,3.000000000000000000e+00
2.816000000000000100e-02,-2.220000000000000185e-03,-2.167619000348010652e-02,3.000000000000000000e+00
3.933999999999999997e-02,-3.389999999999999784e-03,-2.620451992214715628e-02,3.000000000000000000e+00
4.793000000000000038e-02,-4.610000000000000382e-03,-3.500581972067665776e-02,3.000000000000000000e+00
4.793000000000000038e-02,-4.610000000000000382e-03,-3.500581972067665776e-02,3.000000000000000000e+00
5.652000000000000079e-02,-5.259999999999999919e-03,-4.133534906247616353e-02,3.000000000000000000e+00
5.652000000000000079e-02,-5.259999999999999919e-03,-4.133534906247616353e-02,3.000000000000000000e+00
5.652000000000000079e-02,-5.259999999999999919e-03,-4.133534906247616353e-02,3.000000000000000000e+00
7.782999999999999641e-02,-8.319999999999999271e-03,-5.741202792398514276e-02,3.000000000000000000e+00
7.782999999999999641e-02,-8.319999999999999271e-03,-5.741202792398514276e-02,3.000000000000000000e+00
8.820000000000000062e-02,-9.579999999999999974e-03,-6.558125908052594988e-02,3.000000000000000000e+00
8.820000000000000062e-02,-9.579999999999999974e-03,-6.558125908052594988e-02,3.000000000000000000e+00
8.820000000000000062e-02,-9.579999999999999974e-03,-6.558125908052594988e-02,3.000000000000000000e+00
8.820000000000000062e-02,-9.579999999999999974e-03,-6.558125908052594988e-02,3.000000000000000000e+00
8.820000000000000062e-02,-9.579999999999999974e-03,-6.558125908052594988e-02,3.000000000000000000e+00
8.820000000000000062e-02,-9.579999999999999974e-03,-6.558125908052594988e-02,3.000000000000000000e+00
8.903999999999999415e-02,-9.690000000000000696e-03,-6.624604734822310548e-02,3.000000000000000000e+00
8.903999999999999415e-02,-9.690000000000000696e-03,-6.624604734822310548e-02,3.000000000000000000e+00
8.903999999999999415e-02,-9.690000000000000696e-03,-6.624604734822310548e-02,3.000000000000000000e+00
1.477999999999999869e-01,-1.936999999999999833e-02,-1.126293301460950524e-01,3.000000000000000000e+00
1.603999999999999870e-01,-2.142000000000000154e-02,-1.231023019824574044e-01,3.000000000000000000e+00
1.603999999999999870e-01,-2.142000000000000154e-02,-1.231023019824574044e-01,3.000000000000000000e+00
1.615699999999999914e-01,-2.162999999999999992e-02,-1.240985565361890780e-01,3.000000000000000000e+00
1.749999999999999889e-01,-2.706000000000000072e-02,-1.401005257193702891e-01,3.000000000000000000e+00
1.912099999999999911e-01,-3.060999999999999832e-02,-1.528494334924556108e-01,3.000000000000000000e+00
1.912099999999999911e-01,-3.060999999999999832e-02,-1.528494334924556108e-01,3.000000000000000000e+00
2.028999999999999970e-01,-3.359999999999999792e-02,-1.626075611492697748e-01,3.000000000000000000e+00
2.028999999999999970e-01,-3.359999999999999792e-02,-1.626075611492697748e-01,3.000000000000000000e+00
2.210199999999999942e-01,-3.592000000000000054e-02,-1.740483645512043986e-01,3.000000000000000000e+00
2.210199999999999942e-01,-3.592000000000000054e-02,-1.740483645512043986e-01,3.000000000000000000e+00
2.228400000000000103e-01,-3.624000000000000138e-02,-1.751360369860234245e-01,3.000000000000000000e+00
2.228400000000000103e-01,-3.624000000000000138e-02,-1.751360369860234245e-01,3.000000000000000000e+00
2.228400000000000103e-01,-3.624000000000000138e-02,-1.751360369860234245e-01,3.000000000000000000e+00
2.228400000000000103e-01,-3.624000000000000138e-02,-1.751360369860234245e-01,3.000000000000000000e+00
2.228400000000000103e-01,-3.624000000000000138e-02,-1.751360369860234245e-01,3.000000000000000000e+00
2.228400000000000103e-01,-3.624000000000000138e-02,-1.751360369860234245e-01,3.000000000000000000e+00
2.228400000000000103e-01,-3.624000000000000138e-02,-1.751360369860234245e-01,3.000000000000000000e+00
2.228400000000000103e-01,-3.624000000000000138e-02,-1.751360369860234245e-01,3.000000000000000000e+00
2.228400000000000103e-01,-3.624000000000000138e-02,-1.751360369860234245e-01,3.000000000000000000e+00
2.228400000000000103e-01,-3.624000000000000138e-02,-1.751360369860234245e-01,3.000000000000000000e+00
3.095200000000000173e-01,-6.248000000000000081e-02,-2.438728896484037012e-01,3.000000000000000000e+00
3.237200000000000077e-01,-6.715000000000000135e-02,-2.568222153906512539e-01,3.000000000000000000e+00
3.237200000000000077e-01,-6.715000000000000135e-02,-2.568222153906512539e-01,3.000000000000000000e+00
3.354199999999999959e-01,-7.191000000000000170e-02,-2.721870078929748415e-01,3.000000000000000000e+00
3.354199999999999959e-01,-7.191000000000000170e-02,-2.721870078929748415e-01,3.000000000000000000e+00
3.461400000000000032e-01,-7.642999999999999794e-02,-2.839646270530460925e-01,3.000000000000000000e+00
3.560499999999999776e-01,-8.090999999999999581e-02,-2.953234613990021740e-01,3.000000000000000000e+00
3.560499999999999776e-01,-8.090999999999999581e-02,-2.953234613990021740e-01,3.000000000000000000e+00
3.705800000000000205e-01,-8.608999999999999986e-02,-3.056481210468367515e-01,3.000000000000000000e+00
3.705800000000000205e-01,-8.608999999999999986e-02,-3.056481210468367515e-01,3.000000000000000000e+00
3.705800000000000205e-01,-8.608999999999999986e-02,-3.056481210468367515e-01,3.000000000000000000e+00
3.705800000000000205e-01,-8.608999999999999986e-02,-3.056481210468367515e-01,3.000000000000000000e+00
3.939699999999999869e-01,-9.639999999999999958e-02,-3.270293760220322477e-01,3.000000000000000000e+00
4.049800000000000066e-01,-1.018400000000000000e-01,-3.373510318219029025e-01,3.000000000000000000e+00
4.049800000000000066e-01,-1.018400000000000000e-01,-3.373510318219029025e-01,3.000000000000000000e+00
4.059300000000000130e-01,-1.023199999999999943e-01,-3.382154689549743964e-01,3.000000000000000000e+00
4.166000000000000258e-01,-1.073699999999999932e-01,-3.493164966126867665e-01,3.000000000000000000e+00
4.175599999999999867e-01,-1.078299999999999953e-01,-3.503078746755171058e-01,3.000000000000000000e+00
4.414399999999999991e-01,-1.192799999999999971e-01,-3.702090391233956446e-01,3.000000000000000000e+00
4.414399999999999991e-01,-1.192799999999999971e-01,-3.702090391233956446e-01,3.000000000000000000e+00
4.521600000000000064e-01,-1.250199999999999922e-01,-3.803459653389540951e-01,3.000000000000000000e+00
4.521600000000000064e-01,-1.250199999999999922e-01,-3.803459653389540951e-01,3.000000000000000000e+00
4.521600000000000064e-01,-1.250199999999999922e-01,-3.803459653389540951e-01,3.000000000000000000e+00
4.521600000000000064e-01,-1.250199999999999922e-01,-3.803459653389540951e-01,3.000000000000000000e+00
4.521600000000000064e-01,-1.250199999999999922e-01,-3.803459653389540951e-01,3.000000000000000000e+00
4.665199999999999902e-01,-1.318600000000000050e-01,-3.916118366803776341e-01,3.000000000000000000e+00
4.665199999999999902e-01,-1.318600000000000050e-01,-3.916118366803776341e-01,3.000000000000000000e+00
4.665199999999999902e-01,-1.318600000000000050e-01,-3.916118366803776341e-01,3.000000000000000000e+00
5.115199999999999747e-01,-1.576400000000000023e-01,-4.386789621970228481e-01,3.000000000000000000e+00
5.115199999999999747e-01,-1.576400000000000023e-01,-4.386789621970228481e-01,3.000000000000000000e+00
5.115199999999999747e-01,-1.576400000000000023e-01,-4.386789621970228481e-01,3.000000000000000000e+00
5.223200000000000065e-01,-1.645099999999999896e-01,-4.518205204893875893e-01,3.000000000000000000e+00
5.316199999999999815e-01,-1.706300000000000039e-01,-4.627590040130228899e-01,3.000000000000000000e+00
5.316199999999999815e-01,-1.706300000000000039e-01,-4.627590040130228899e-01,3.000000000000000000e+00
5.453299999999999814e-01,-1.779999999999999916e-01,-4.745525378022520391e-01,3.000000000000000000e+00
5.547499999999999654e-01,-1.848200000000000121e-01,-4.863484618668356130e-01,3.000000000000000000e+00
5.547499999999999654e-01,-1.848200000000000121e-01,-4.863484618668356130e-01,3.000000000000000000e+00
5.547499999999999654e-01,-1.848200000000000121e-01,-4.863484618668356130e-01,3.000000000000000000e+00
5.547499999999999654e-01,-1.848200000000000121e-01,-4.863484618668356130e-01,3.000000000000000000e+00
5.547499999999999654e-01,-1.848200000000000121e-01,-4.863484618668356130e-01,3.000000000000000000e+00
5.547499999999999654e-01,-1.848200000000000121e-01,-4.863484618668356130e-01,3.000000000000000000e+00
5.985700000000000465e-01,-2.162900000000000100e-01,-5.318495995545307053e-01,3.000000000000000000e+00
6.049700000000000077e-01,-2.230000000000000038e-01,-5.426157994000075924e-01,3.000000000000000000e+00
6.049700000000000077e-01,-2.230000000000000038e-01,-5.426157994000075924e-01,3.000000000000000000e+00
6.141499999999999737e-01,-2.306400000000000117e-01,-5.522470794084891610e-01,3.000000000000000000e+00
6.141499999999999737e-01,-2.306400000000000117e-01,-5.522470794084891610e-01,3.000000000000000000e+00
6.274600000000000177e-01,-2.371499999999999997e-01,-5.629415531082141433e-01,3.000000000000000000e+00
6.286800000000000166e-01,-2.377799999999999914e-01,-5.638965270645375227e-01,3.000000000000000000e+00
6.366300000000000292e-01,-2.449500000000000011e-01,-5.725315979920636567e-01,3.000000000000000000e+00
6.506300000000000416e-01,-2.540299999999999780e-01,-5.843392175200101679e-01,3.000000000000000000e+00
6.506300000000000416e-01,-2.540299999999999780e-01,-5.843392175200101679e-01,3.000000000000000000e+00
6.608199999999999630e-01,-2.626399999999999846e-01,-5.966351876054731829e-01,3.000000000000000000e+00
6.608199999999999630e-01,-2.626399999999999846e-01,-5.966351876054731829e-01,3.000000000000000000e+00
6.700399999999999689e-01,-2.710000000000000187e-01,-6.067230557834174531e-01,3.000000000000000000e+00
6.708199999999999719e-01,-2.717300000000000271e-01,-6.075715140023930649e-01,3.000000000000000000e+00
6.784900000000000375e-01,-2.794800000000000062e-01,-6.215491446639754836e-01,3.000000000000000000e+00
6.870399999999999840e-01,-2.872700000000000253e-01,-6.320592156598117128e-01,3.000000000000000000e+00
6.870399999999999840e-01,-2.872700000000000253e-01,-6.320592156598117128e-01,3.000000000000000000e+00
7.004200000000000426e-01,-2.965900000000000203e-01,-6.438797319273619202e-01,3.000000000000000000e+00
7.004200000000000426e-01,-2.965900000000000203e-01,-6.438797319273619202e-01,3.000000000000000000e+00
7.051399999999999890e-01,-3.045100000000000029e-01,-6.554202110916873547e-01,3.000000000000000000e+00
7.150400000000000089e-01,-3.138500000000000179e-01,-6.669918067130736761e-01,3.000000000000000000e+00
7.150400000000000089e-01,-3.138500000000000179e-01,-6.669918067130736761e-01,3.000000000000000000e+00
7.244699999999999473e-01,-3.228099999999999858e-01,-6.799232925216432966e-01,3.000000000000000000e+00
7.244699999999999473e-01,-3.228099999999999858e-01,-6.799232925216432966e-01,3.000000000000000000e+00
7.336599999999999788e-01,-3.319900000000000073e-01,-6.939124296869547681e-01,3.000000000000000000e+00
7.344199999999999617e-01,-3.327700000000000102e-01,-6.950671746660336270e-01,3.000000000000000000e+00
7.434800000000000297e-01,-3.411600000000000188e-01,-7.028383127561719235e-01,3.000000000000000000e+00
7.493600000000000261e-01,-3.497199999999999753e-01,-7.148174356515649697e-01,3.000000000000000000e+00
7.493600000000000261e-01,-3.497199999999999753e-01,-7.148174356515649697e-01,3.000000000000000000e+00
7.493600000000000261e-01,-3.497199999999999753e-01,-7.148174356515649697e-01,3.000000000000000000e+00
7.493600000000000261e-01,-3.497199999999999753e-01,-7.148174356515649697e-01,3.000000000000000000e+00
7.493600000000000261e-01,-3.497199999999999753e-01,-7.148174356515649697e-01,3.000000000000000000e+00
7.493600000000000261e-01,-3.497199999999999753e-01,-7.148174356515649697e-01,3.000000000000000000e+00
7.493600000000000261e-01,-3.497199999999999753e-01,-7.148174356515649697e-01,3.000000000000000000e+00
7.498399999999999510e-01,-3.504800000000000137e-01,-7.159085771823334721e-01,3.000000000000000000e+00
7.858899999999999775e-01,-3.876100000000000101e-01,-7.590231495092756298e-01,3.000000000000000000e+00
7.930800000000000072e-01,-3.971199999999999730e-01,-7.697297216801286535e-01,3.000000000000000000e+00
7.993500000000000050e-01,-4.071899999999999964e-01,-7.808154358642239723e-01,3.000000000000000000e+00
7.993500000000000050e-01,-4.071899999999999964e-01,-7.808154358642239723e-01,3.000000000000000000e+00
8.015799999999999592e-01,-4.153700000000000170e-01,-7.913848439612934937e-01,3.000000000000000000e+00
8.015799999999999592e-01,-4.153700000000000170e-01,-7.913848439612934937e-01,3.000000000000000000e+00
8.110399999999999832e-01,-4.259899999999999798e-01,-8.062490100413260974e-01,3.000000000000000000e+00
8.119199999999999751e-01,-4.269399999999999862e-01,-8.075636285605669595e-01,3.000000000000000000e+00
8.218299999999999494e-01,-4.370999999999999885e-01,-8.173701384390271718e-01,3.000000000000000000e+00
8.285599999999999632e-01,-4.471200000000000174e-01,-8.286507522279481508e-01,3.000000000000000000e+00
8.285599999999999632e-01,-4.471200000000000174e-01,-8.286507522279481508e-01,3.000000000000000000e+00
8.355200000000000404e-01,-4.571899999999999853e-01,-8.386390062591244643e-01,3.000000000000000000e+00
8.355200000000000404e-01,-4.571899999999999853e-01,-8.386390062591244643e-01,3.000000000000000000e+00
8.397099999999999564e-01,-4.667100000000000137e-01,-8.517610537820745620e-01,3.000000000000000000e+00
8.578099999999999614e-01,-4.898700000000000276e-01,-8.720919212331980086e-01,3.000000000000000000e+00
8.578099999999999614e-01,-4.898700000000000276e-01,-8.720919212331980086e-01,3.000000000000000000e+00
8.614800000000000235e-01,-5.003699999999999815e-01,-8.864566921444916314e-01,3.000000000000000000e+00
8.614800000000000235e-01,-5.003699999999999815e-01,-8.864566921444916314e-01,3.000000000000000000e+00
8.686300000000000132e-01,-5.105899999999999883e-01,-8.971801941987956885e-01,3.000000000000000000e+00
8.686300000000000132e-01,-5.105899999999999883e-01,-8.971801941987956885e-01,3.000000000000000000e+00
8.686300000000000132e-01,-5.105899999999999883e-01,-8.971801941987956885e-01,3.000000000000000000e+00
8.686300000000000132e-01,-5.105899999999999883e-01,-8.971801941987956885e-01,3.000000000000000000e+00
8.686300000000000132e-01,-5.105899999999999883e-01,-8.971801941987956885e-01,3.000000000000000000e+00
8.686300000000000132e-01,-5.105899999999999883e-01,-8.971801941987956885e-01,3.000000000000000000e+00
8.686300000000000132e-01,-5.105899999999999883e-01,-8.971801941987956885e-01,3.000000000000000000e+00
8.692600000000000326e-01,-5.114600000000000257e-01,-8.980490774612623905e-01,3.000000000000000000e+00
8.692600000000000326e-01,-5.114600000000000257e-01,-8.980490774612623905e-01,3.000000000000000000e+00
9.064400000000000235e-01,-5.671100000000000030e-01,-9.552454331651151209e-01,3.000000000000000000e+00
9.119399999999999729e-01,-5.784599999999999742e-01,-9.655735871332212783e-01,3.000000000000000000e+00
9.119399999999999729e-01,-5.784599999999999742e-01,-9.655735871332212783e-01,3.000000000000000000e+00
9.095900000000000096e-01,-5.866700000000000248e-01,-9.707419133805251787e-01,3.000000000000000000e+00
9.094499999999999806e-01,-5.872300000000000297e-01,-9.710821536076369442e-01,3.000000000000000000e+00
9.303099999999999703e-01,-6.031100000000000350e-01,-9.905271821633764295e-01,3.000000000000000000e+00
9.334799999999999764e-01,-6.139599999999999502e-01,-1.006104043087119315e+00,3.000000000000000000e+00
9.334799999999999764e-01,-6.139599999999999502e-01,-1.006104043087119315e+00,3.000000000000000000e+00
9.363500000000000156e-01,-6.246599999999999930e-01,-1.018783992522431125e+00,3.000000000000000000e+00
9.363500000000000156e-01,-6.246599999999999930e-01,-1.018783992522431125e+00,3.000000000000000000e+00
9.411199999999999566e-01,-6.359299999999999953e-01,-1.029064158429672249e+00,3.000000000000000000e+00
9.411199999999999566e-01,-6.359299999999999953e-01,-1.029064158429672249e+00,3.000000000000000000e+00
9.456999999999999851e-01,-6.474299999999999500e-01,-1.039944147221426807e+00,3.000000000000000000e+00
9.460899999999999865e-01,-6.484400000000000164e-01,-1.040904526072979674e+00,3.000000000000000000e+00
9.529499999999999638e-01,-6.604600000000000470e-01,-1.052414414010481636e+00,3.000000000000000000e+00
9.524399999999999533e-01,-6.703799999999999759e-01,-1.066990818812820541e+00,3.000000000000000000e+00
9.524399999999999533e-01,-6.703799999999999759e-01,-1.066990818812820541e+00,3.000000000000000000e+00
9.598799999999999555e-01,-6.832099999999999840e-01,-1.079226775935593130e+00,3.000000000000000000e+00
9.598799999999999555e-01,-6.832099999999999840e-01,-1.079226775935593130e+00,3.000000000000000000e+00
9.652300000000000324e-01,-6.950899999999999856e-01,-1.093775594510257632e+00,3.000000000000000000e+00
9.657000000000000028e-01,-6.961899999999999755e-01,-1.095137681567658783e+00,3.000000000000000000e+00
9.668600000000000527e-01,-7.049499999999999655e-01,-1.103811916775909729e+00,3.000000000000000000e+00
9.781699999999999839e-01,-7.197999999999999954e-01,-1.113206888354086432e+00,3.000000000000000000e+00
9.781699999999999839e-01,-7.197999999999999954e-01,-1.113206888354086432e+00,3.000000000000000000e+00
9.808400000000000452e-01,-7.307799999999999851e-01,-1.125837084996146986e+00,3.000000000000000000e+00
9.808400000000000452e-01,-7.307799999999999851e-01,-1.125837084996146986e+00,3.000000000000000000e+00
9.822600000000000220e-01,-7.523999999999999577e-01,-1.147208003777776986e+00,3.000000000000000000e+00
9.880400000000000293e-01,-7.664800000000000502e-01,-1.157516099511366692e+00,3.000000000000000000e+00
9.880400000000000293e-01,-7.664800000000000502e-01,-1.157516099511366692e+00,3.000000000000000000e+00
9.991200000000000081e-01,-7.826499999999999568e-01,-1.170649377100128730e+00,3.000000000000000000e+00
9.991200000000000081e-01,-7.826499999999999568e-01,-1.170649377100128730e+00,3.000000000000000000e+00
9.986800000000000122e-01,-7.935799999999999521e-01,-1.183682833465685258e+00,3.000000000000000000e+00
9.985500000000000487e-01,-7.944600000000000550e-01,-1.184772466845987360e+00,3.000000000000000000e+00
9.999700000000000255e-01,-8.054299999999999793e-01,-1.198650376927875794e+00,3.000000000000000000e+00
1.004289999999999905e+00,-8.189100000000000268e-01,-1.208533197296393302e+00,3.000000000000000000e+00
1.004289999999999905e+00,-8.189100000000000268e-01,-1.208533197296393302e+00,3.000000000000000000e+00
1.009759999999999991e+00,-8.326400000000000468e-01,-1.218810003569684053e+00,3.000000000000000000e+00
1.010240000000000027e+00,-8.338700000000000001e-01,-1.219726199752127149e+00,3.000000000000000000e+00
1.011949999999999905e+00,-8.451600000000000223e-01,-1.230212833945029338e+00,3.000000000000000000e+00
1.012899999999999912e+00,-8.573899999999999855e-01,-1.241408391514794429e+00,3.000000000000000000e+00
1.012899999999999912e+00,-8.573899999999999855e-01,-1.241408391514794429e+00,3.000000000000000000e+00
1.017649999999999944e+00,-8.714100000000000179e-01,-1.255744336810147743e+00,3.000000000000000000e+00
1.017649999999999944e+00,-8.714100000000000179e-01,-1.255744336810147743e+00,3.000000000000000000e+00
1.018650000000000055e+00,-8.832499999999999796e-01,-1.267922995727462698e+00,3.000000000000000000e+00
1.018690000000000095e+00,-8.842299999999999605e-01,-1.268923339458322364e+00,3.000000000000000000e+00
1.016299999999999981e+00,-8.931599999999999540e-01,-1.277164059009892494e+00,3.000000000000000000e+00
1.016299999999999981e+00,-8.931599999999999540e-01,-1.277164059009892494e+00,3.000000000000000000e+00
1.016299999999999981e+00,-8.931599999999999540e-01,-1.277164059009892494e+00,3.000000000000000000e+00
1.016299999999999981e+00,-8.931599999999999540e-01,-1.277164059009892494e+00,3.000000000000000000e+00
1.016299999999999981e+00,-8.931599999999999540e-01,-1.277164059009892494e+00,3.000000000000000000e+00
1.016299999999999981e+00,-8.931599999999999540e-01,-1.277164059009892494e+00,3.000000000000000000e+00
1.016299999999999981e+00,-8.931599999999999540e-01,-1.277164059009892494e+00,3.000000000000000000e+00
1.016299999999999981e+00,-8.931599999999999540e-01,-1.277164059009892494e+00,3.000000000000000000e+00
1.016299999999999981e+00,-8.931599999999999540e-01,-1.277164059009892494e+00,3.000000000000000000e+00
1.031900000000000039e+00,-9.595399999999999485e-01,-1.338911136017595371e+00,3.000000000000000000e+00
1.032890000000000086e+00,-9.719799999999999551e-01,-1.351334924395144910e+00,3.000000000000000000e+00
1.032469999999999999e+00,-9.846099999999999852e-01,-1.363556199797396840e+00,3.000000000000000000e+00
1.032469999999999999e+00,-9.846099999999999852e-01,-1.363556199797396840e+00,3.000000000000000000e+00
1.027470000000000105e+00,-9.938200000000000367e-01,-1.378714392395026689e+00,3.000000000000000000e+00
1.027009999999999978e+00,-9.946000000000000396e-01,-1.379995942829610467e+00,3.000000000000000000e+00
1.025169999999999915e+00,-1.003849999999999909e+00,-1.394683389352531222e+00,3.000000000000000000e+00
1.024780000000000024e+00,-1.013109999999999955e+00,-1.396976276801395134e+00,3.000000000000000000e+00
1.024780000000000024e+00,-1.013109999999999955e+00,-1.396976276801395134e+00,3.000000000000000000e+00
1.026200000000000001e+00,-1.020899999999999919e+00,-1.406542955028977637e+00,3.000000000000000000e+00
1.026350000000000096e+00,-1.021579999999999933e+00,-1.407460550353828888e+00,3.000000000000000000e+00
1.029349999999999987e+00,-1.028750000000000053e+00,-1.409269057118536672e+00,3.000000000000000000e+00
1.032119999999999926e+00,-1.035130000000000106e+00,-1.413229106100089227e+00,3.000000000000000000e+00
1.032119999999999926e+00,-1.035130000000000106e+00,-1.413229106100089227e+00,3.000000000000000000e+00
1.032350000000000101e+00,-1.035660000000000025e+00,-1.413581597925259281e+00,3.000000000000000000e+00
1.029050000000000020e+00,-1.037060000000000093e+00,-1.417942482742418298e+00,3.000000000000000000e+00
1.029600000000000071e+00,-1.039420000000000011e+00,-1.418297124594076086e+00,3.000000000000000000e+00
1.029160000000000075e+00,-1.040399999999999991e+00,-1.419490718207397695e+00,3.000000000000000000e+00
1.029160000000000075e+00,-1.040399999999999991e+00,-1.419490718207397695e+00,3.000000000000000000e+00
1.028299999999999992e+00,-1.039639999999999898e+00,-1.418894172392815012e+00,3.000000000000000000e+00
1.028299999999999992e+00,-1.039639999999999898e+00,-1.418894172392815012e+00,3.000000000000000000e+00
1.034299999999999997e+00,-1.042229999999999990e+00,-1.418979327985498085e+00,3.000000000000000000e+00
1.029139999999999944e+00,-1.038599999999999968e+00,-1.418441941622877289e+00,3.000000000000000000e+00
1.029139999999999944e+00,-1.038599999999999968e+00,-1.418441941622877289e+00,3.000000000000000000e+00
1.031809999999999894e+00,-1.040620000000000100e+00,-1.417025292072739973e+00,3.000000000000000000e+00
1.031809999999999894e+00,-1.040620000000000100e+00,-1.417025292072739973e+00,3.000000000000000000e+00
1.031330000000000080e+00,-1.040489999999999915e+00,-1.420267819413339572e+00,3.000000000000000000e+00
1.031269999999999909e+00,-1.040459999999999940e+00,-1.420572145808508990e+00,3.000000000000000000e+00
1.032680000000000042e+00,-1.041230000000000100e+00,-1.417850262534497308e+00,3.000000000000000000e+00
1.028850000000000042e+00,-1.038599999999999968e+00,-1.418261546101743154e+00,3.000000000000000000e+00
1.028850000000000042e+00,-1.038599999999999968e+00,-1.418261546101743154e+00,3.000000000000000000e+00
1.029300000000000104e+00,-1.039160000000000084e+00,-1.419088365733552681e+00,3.000000000000000000e+00
1.029300000000000104e+00,-1.039160000000000084e+00,-1.419088365733552681e+00,3.000000000000000000e+00
1.032569999999999988e+00,-1.041150000000000020e+00,-1.417672522706004301e+00,3.000000000000000000e+00
1.032159999999999966e+00,-1.040820000000000078e+00,-1.416981639225626921e+00,3.000000000000000000e+00
1.032159999999999966e+00,-1.040820000000000078e+00,-1.416981639225626921e+00,3.000000000000000000e+00
1.032820000000000071e+00,-1.041039999999999965e+00,-1.417408830554287791e+00,3.000000000000000000e+00
1.032820000000000071e+00,-1.041039999999999965e+00,-1.417408830554287791e+00,3.000000000000000000e+00
1.032899999999999929e+00,-1.041069999999999940e+00,-1.417457423736252720e+00,3.000000000000000000e+00
1.032899999999999929e+00,-1.041069999999999940e+00,-1.417457423736252720e+00,3.000000000000000000e+00
1.032899999999999929e+00,-1.041069999999999940e+00,-1.417457423736252720e+00,3.000000000000000000e+00
1.032899999999999929e+00,-1.041069999999999940e+00,-1.417457423736252720e+00,3.000000000000000000e+00
1.031449999999999978e+00,-1.040280000000000094e+00,-1.420239259454720848e+00,3.000000000000000000e+00
1.029609999999999914e+00,-1.039109999999999978e+00,-1.419210403233346796e+00,3.000000000000000000e+00
1.029609999999999914e+00,-1.039109999999999978e+00,-1.419210403233346796e+00,3.000000000000000000e+00
1.029449999999999976e+00,-1.039009999999999989e+00,-1.419087363103223476e+00,3.000000000000000000e+00
1.029449999999999976e+00,-1.039009999999999989e+00,-1.419087363103223476e+00,3.000000000000000000e+00
1.029449999999999976e+00,-1.039009999999999989e+00,-1.419087363103223476e+00,3.000000000000000000e+00
1.029449999999999976e+00,-1.039009999999999989e+00,-1.419087363103223476e+00,3.000000000000000000e+00
1.028650000000000064e+00,-1.038610000000000033e+00,-1.418457123745081594e+00,3.000000000000000000e+00
-6.800000000000000488e-04,1.000000000000000082e-05,0.000000000000000000e+00,3.000000000000000000e+00
-7.799999999999999859e-04,2.000000000000000164e-05,-2.342986164525850219e-05,3.000000000000000000e+00
-7.799999999999999859e-04,2.000000000000000164e-05,-2.342986164525850219e-05,3.000000000000000000e+00
-7.799999999999999859e-04,2.000000000000000164e-05,-2.342986164525850219e-05,3.000000000000000000e+00
-5.800000000000000034e-04,1.600000000000000131e-04,8.875851894455763394e-05,3.000000000000000000e+00
-5.699999999999999772e-04,1.700000000000000122e-04,9.632319479948309583e-05,3.000000000000000000e+00
-7.699999999999999597e-04,1.800000000000000113e-04,5.777142371384198002e-05,3.000000000000000000e+00
1.399999999999999877e-04,1.000000000000000082e-05,1.437812351089663644e-04,3.000000000000000000e+00
1.399999999999999877e-04,1.000000000000000082e-05,1.437812351089663644e-04,3.000000000000000000e+00
-8.000000000000000383e-04,6.999999999999999387e-05,-1.018400750735471653e-04,3.000000000000000000e+00
-8.899999999999999491e-04,8.000000000000000654e-05,-1.247328320443215821e-04,3.000000000000000000e+00
-6.599999999999999964e-04,-3.000000000000000076e-05,-1.465171832141343600e-03,3.000000000000000000e+00
-7.699999999999999597e-04,1.700000000000000122e-04,-7.782841867235644169e-05,3.000000000000000000e+00
-7.699999999999999597e-04,1.700000000000000122e-04,-7.782841867235644169e-05,3.000000000000000000e+00
2.999999999999999737e-04,-6.999999999999999387e-05,2.490646631531075270e-04,3.000000000000000000e+00
2.999999999999999737e-04,-6.999999999999999387e-05,2.490646631531075270e-04,3.000000000000000000e+00
-6.700000000000000226e-04,-6.999999999999999387e-05,-1.733327900584561571e-04,3.000000000000000000e+00
-6.700000000000000226e-04,-6.999999999999999387e-05,-1.733327900584561571e-04,3.000000000000000000e+00
-9.300000000000000541e-04,-1.000000000000000082e-05,1.495089525144338615e-03,3.000000000000000000e+00
-9.499999999999999981e-04,-0.000000000000000000e+00,1.638085789641201013e-03,3.000000000000000000e+00
2.490000000000000026e-03,-2.599999999999999772e-04,2.388075737864393203e-03,3.000000000000000000e+00
-2.700000000000000035e-04,2.599999999999999772e-04,3.640655246036846623e-04,3.000000000000000000e+00
-2.700000000000000035e-04,2.599999999999999772e-04,3.640655246036846623e-04,3.000000000000000000e+00
2.099999999999999870e-03,-2.300000000000000070e-04,-7.893370604375115306e-04,3.000000000000000000e+00
2.099999999999999870e-03,-2.300000000000000070e-04,-7.893370604375115306e-04,3.000000000000000000e+00
6.570000000000000319e-03,-4.200000000000000174e-04,-3.844063167495652324e-03,3.000000000000000000e+00
6.570000000000000319e-03,-4.200000000000000174e-04,-3.844063167495652324e-03,3.000000000000000000e+00
6.570000000000000319e-03,-4.200000000000000174e-04,-3.844063167495652324e-03,3.000000000000000000e+00
2.012999999999999859e-02,-1.529999999999999893e-03,-1.018349537328397565e-02,3.000000000000000000e+00
2.012999999999999859e-02,-1.529999999999999893e-03,-1.018349537328397565e-02,3.000000000000000000e+00
2.091000000000000150e-02,-1.590000000000000050e-03,-1.055497670334422204e-02,3.000000000000000000e+00
2.793999999999999956e-02,-1.930000000000000075e-03,-1.579004603084685834e-02,3.000000000000000000e+00
3.722999999999999921e-02,-2.769999999999999893e-03,-2.642346528549633505e-02,3.000000000000000000e+00
3.722999999999999921e-02,-2.769999999999999893e-03,-2.642346528549633505e-02,3.000000000000000000e+00
4.515000000000000263e-02,-3.850000000000000124e-03,-3.174492220614642812e-02,3.000000000000000000e+00
4.515000000000000263e-02,-3.850000000000000124e-03,-3.174492220614642812e-02,3.000000000000000000e+00
5.621000000000000302e-02,-5.279999999999999971e-03,-3.848219531890522543e-02,3.000000000000000000e+00
5.621000000000000302e-02,-5.279999999999999971e-03,-3.848219531890522543e-02,3.000000000000000000e+00
5.621000000000000302e-02,-5.279999999999999971e-03,-3.848219531890522543e-02,3.000000000000000000e+00
7.507999999999999396e-02,-7.470000000000000077e-03,-5.084918057796318502e-02,3.000000000000000000e+00
7.507999999999999396e-02,-7.470000000000000077e-03,-5.084918057796318502e-02,3.000000000000000000e+00
8.332000000000000517e-02,-8.449999999999999178e-03,-6.035908280551317145e-02,3.000000000000000000e+00
8.383999999999999786e-02,-8.510000000000000203e-03,-6.100082151607308378e-02,3.000000000000000000e+00
9.601999999999999424e-02,-1.008000000000000042e-02,-6.708365758556725233e-02,3.000000000000000000e+00
9.700000000000000289e-02,-1.021000000000000033e-02,-6.757500001699966174e-02,3.000000000000000000e+00
1.163300000000000028e-01,-1.429000000000000062e-02,-8.300461774816347837e-02,3.000000000000000000e+00
1.228800000000000031e-01,-1.569999999999999868e-02,-9.248417539822674505e-02,3.000000000000000000e+00
1.228800000000000031e-01,-1.569999999999999868e-02,-9.248417539822674505e-02,3.000000000000000000e+00
1.234500000000000042e-01,-1.583000000000000032e-02,-9.337619736400311343e-02,3.000000000000000000e+00
1.393399999999999916e-01,-1.856000000000000011e-02,-1.029591356510074079e-01,3.000000000000000000e+00
1.508700000000000041e-01,-2.125000000000000153e-02,-1.158065587111635902e-01,3.000000000000000000e+00
1.516599999999999893e-01,-2.145999999999999991e-02,-1.167377163111948529e-01,3.000000000000000000e+00
1.635900000000000132e-01,-2.412999999999999867e-02,-1.252462605871539625e-01,3.000000000000000000e+00
1.829300000000000093e-01,-2.561000000000000082e-02,-1.367808249767119566e-01,3.000000000000000000e+00
1.829300000000000093e-01,-2.561000000000000082e-02,-1.367808249767119566e-01,3.000000000000000000e+00
1.949899999999999967e-01,-2.847999999999999837e-02,-1.470370964234865574e-01,3.000000000000000000e+00
1.949899999999999967e-01,-2.847999999999999837e-02,-1.470370964234865574e-01,3.000000000000000000e+00
1.949899999999999967e-01,-2.847999999999999837e-02,-1.470370964234865574e-01,3.000000000000000000e+00
1.949899999999999967e-01,-2.847999999999999837e-02,-1.470370964234865574e-01,3.000000000000000000e+00
1.949899999999999967e-01,-2.847999999999999837e-02,-1.470370964234865574e-01,3.000000000000000000e+00
1.949899999999999967e-01,-2.847999999999999837e-02,-1.470370964234865574e-01,3.000000000000000000e+00
1.949899999999999967e-01,-2.847999999999999837e-02,-1.470370964234865574e-01,3.000000000000000000e+00
2.478700000000000070e-01,-4.299999999999999656e-02,-1.871570202152242901e-01,3.000000000000000000e+00
2.576600000000000001e-01,-4.605999999999999678e-02,-1.968225635623064018e-01,3.000000000000000000e+00
2.576600000000000001e-01,-4.605999999999999678e-02,-1.968225635623064018e-01,3.000000000000000000e+00
2.702800000000000202e-01,-4.995000000000000134e-02,-2.070026384416211729e-01,3.000000000000000000e+00
2.702800000000000202e-01,-4.995000000000000134e-02,-2.070026384416211729e-01,3.000000000000000000e+00
2.860800000000000010e-01,-5.403000000000000164e-02,-2.200258936614168104e-01,3.000000000000000000e+00
2.977099999999999747e-01,-5.781000000000000028e-02,-2.281037373901020904e-01,3.000000000000000000e+00
2.977099999999999747e-01,-5.781000000000000028e-02,-2.281037373901020904e-01,3.000000000000000000e+00
2.977099999999999747e-01,-5.781000000000000028e-02,-2.281037373901020904e-01,3.000000000000000000e+00
2.977099999999999747e-01,-5.781000000000000028e-02,-2.281037373901020904e-01,3.000000000000000000e+00
3.223599999999999799e-01,-6.576999999999999513e-02,-2.527739461616571592e-01,3.000000000000000000e+00
3.235899999999999888e-01,-6.617000000000000659e-02,-2.539375666871194204e-01,3.000000000000000000e+00
3.348800000000000110e-01,-7.009999999999999565e-02,-2.662859637538190216e-01,3.000000000000000000e+00
3.476299999999999946e-01,-7.460999999999999577e-02,-2.763070111332632806e-01,3.000000000000000000e+00
3.476299999999999946e-01,-7.460999999999999577e-02,-2.763070111332632806e-01,3.000000000000000000e+00
3.578999999999999959e-01,-7.917000000000000426e-02,-2.905718111563199701e-01,3.000000000000000000e+00
3.586699999999999888e-01,-7.951999999999999347e-02,-2.916753773250763682e-01,3.000000000000000000e+00
3.733299999999999952e-01,-8.480999999999999650e-02,-2.974730401992098372e-01,3.000000000000000000e+00
3.844699999999999784e-01,-8.969000000000000583e-02,-3.086139849952275749e-01,3.000000000000000000e+00
3.844699999999999784e-01,-8.969000000000000583e-02,-3.086139849952275749e-01,3.000000000000000000e+00
3.932100000000000040e-01,-9.453999999999999904e-02,-3.182103506551623995e-01,3.000000000000000000e+00
3.932100000000000040e-01,-9.453999999999999904e-02,-3.182103506551623995e-01,3.000000000000000000e+00
4.056799999999999851e-01,-1.004000000000000031e-01,-3.283239040546512832e-01,3.000000000000000000e+00
4.056799999999999851e-01,-1.004000000000000031e-01,-3.283239040546512832e-01,3.000000000000000000e+00
4.056799999999999851e-01,-1.004000000000000031e-01,-3.283239040546512832e-01,3.000000000000000000e+00
4.056799999999999851e-01,-1.004000000000000031e-01,-3.283239040546512832e-01,3.000000000000000000e+00
4.056799999999999851e-01,-1.004000000000000031e-01,-3.283239040546512832e-01,3.000000000000000000e+00
4.065900000000000070e-01,-1.008300000000000030e-01,-3.290502028861730932e-01,3.000000000000000000e+00
4.537300000000000222e-01,-1.241499999999999965e-01,-3.711982221361099787e-01,3.000000000000000000e+00
4.537300000000000222e-01,-1.241499999999999965e-01,-3.711982221361099787e-01,3.000000000000000000e+00
4.684599999999999875e-01,-1.304200000000000081e-01,-3.822516107914841199e-01,3.000000000000000000e+00
4.684599999999999875e-01,-1.304200000000000081e-01,-3.822516107914841199e-01,3.000000000000000000e+00
4.752799999999999803e-01,-1.353999999999999926e-01,-3.948519083937618301e-01,3.000000000000000000e+00
4.879800000000000249e-01,-1.418300000000000116e-01,-4.038544213903552116e-01,3.000000000000000000e+00
4.879800000000000249e-01,-1.418300000000000116e-01,-4.038544213903552116e-01,3.000000000000000000e+00
5.009400000000000519e-01,-1.482900000000000051e-01,-4.123665047254397864e-01,3.000000000000000000e+00
5.018899999999999473e-01,-1.487600000000000033e-01,-4.129885779275543345e-01,3.000000000000000000e+00
5.120900000000000452e-01,-1.543700000000000072e-01,-4.267563024407601269e-01,3.000000000000000000e+00
5.129099999999999770e-01,-1.548299999999999954e-01,-4.278548119710703923e-01,3.000000000000000000e+00
5.258500000000000396e-01,-1.610499999999999987e-01,-4.343268384851736719e-01,3.000000000000000000e+00
5.343799999999999661e-01,-1.671900000000000053e-01,-4.480905461880654306e-01,3.000000000000000000e+00
5.343799999999999661e-01,-1.671900000000000053e-01,-4.480905461880654306e-01,3.000000000000000000e+00
5.433700000000000196e-01,-1.733200000000000018e-01,-4.593793720080491805e-01,3.000000000000000000e+00
5.442399999999999460e-01,-1.739300000000000013e-01,-4.604458850787466195e-01,3.000000000000000000e+00
5.553099999999999703e-01,-1.803800000000000125e-01,-4.707022180646177612e-01,3.000000000000000000e+00
5.684299999999999908e-01,-1.880900000000000072e-01,-4.801289051362258031e-01,3.000000000000000000e+00
5.684299999999999908e-01,-1.880900000000000072e-01,-4.801289051362258031e-01,3.000000000000000000e+00
5.810100000000000264e-01,-1.955300000000000094e-01,-4.898891768608553687e-01,3.000000000000000000e+00
5.820699999999999763e-01,-1.961700000000000110e-01,-4.907146061898826073e-01,3.000000000000000000e+00
5.926599999999999646e-01,-2.035500000000000087e-01,-5.014931838290966892e-01,3.000000000000000000e+00
6.017099999999999671e-01,-2.109399999999999886e-01,-5.131617041244812549e-01,3.000000000000000000e+00
6.017099999999999671e-01,-2.109399999999999886e-01,-5.131617041244812549e-01,3.000000000000000000e+00
6.080499999999999794e-01,-2.177499999999999991e-01,-5.237589702694844807e-01,3.000000000000000000e+00
6.080499999999999794e-01,-2.177499999999999991e-01,-5.237589702694844807e-01,3.000000000000000000e+00
6.209200000000000275e-01,-2.259500000000000119e-01,-5.316118209116833526e-01,3.000000000000000000e+00
6.222400000000000153e-01,-2.267599999999999894e-01,-5.323549542667727064e-01,3.000000000000000000e+00
6.331700000000000106e-01,-2.340099999999999958e-01,-5.419562499357130081e-01,3.000000000000000000e+00
6.343100000000000405e-01,-2.347799999999999887e-01,-5.429612588731017597e-01,3.000000000000000000e+00
6.425699999999999745e-01,-2.416099999999999914e-01,-5.516495415200076691e-01,3.000000000000000000e+00
6.583900000000000308e-01,-2.568699999999999872e-01,-5.705009792957560499e-01,3.000000000000000000e+00
6.583900000000000308e-01,-2.568699999999999872e-01,-5.705009792957560499e-01,3.000000000000000000e+00
6.685699999999999976e-01,-2.653599999999999848e-01,-5.813449547605848977e-01,3.000000000000000000e+00
6.685699999999999976e-01,-2.653599999999999848e-01,-5.813449547605848977e-01,3.000000000000000000e+00
6.804299999999999793e-01,-2.742700000000000138e-01,-5.922063855401505927e-01,3.000000000000000000e+00
6.812799999999999967e-01,-2.749199999999999977e-01,-5.929855780431877443e-01,3.000000000000000000e+00
6.897699999999999942e-01,-2.821699999999999764e-01,-6.022604801008124564e-01,3.000000000000000000e+00
6.960899999999999865e-01,-2.896699999999999831e-01,-6.158061928973966870e-01,3.000000000000000000e+00
6.960899999999999865e-01,-2.896699999999999831e-01,-6.158061928973966870e-01,3.000000000000000000e+00
7.075299999999999923e-01,-2.982699999999999796e-01,-6.268700308909339602e-01,3.000000000000000000e+00
7.083500000000000352e-01,-2.988799999999999790e-01,-6.276165041658898769e-01,3.000000000000000000e+00
7.195200000000000484e-01,-3.073000000000000176e-01,-6.380619174065673693e-01,3.000000000000000000e+00
7.310600000000000431e-01,-3.147699999999999942e-01,-6.510290797951047148e-01,3.000000000000000000e+00
7.310600000000000431e-01,-3.147699999999999942e-01,-6.510290797951047148e-01,3.000000000000000000e+00
7.396099999999999897e-01,-3.233599999999999808e-01,-6.617800055404734483e-01,3.000000000000000000e+00
7.401999999999999691e-01,-3.239900000000000002e-01,-6.625342946019384671e-01,3.000000000000000000e+00
7.470400000000000373e-01,-3.323599999999999888e-01,-6.723630124397494967e-01,3.000000000000000000e+00
7.535600000000000076e-01,-3.409200000000000008e-01,-6.841011239182956949e-01,3.000000000000000000e+00
7.535600000000000076e-01,-3.409200000000000008e-01,-6.841011239182956949e-01,3.000000000000000000e+00
7.648399999999999643e-01,-3.509599999999999942e-01,-6.963872570009488339e-01,3.000000000000000000e+00
7.648399999999999643e-01,-3.509599999999999942e-01,-6.963872570009488339e-01,3.000000000000000000e+00
7.786100000000000243e-01,-3.620200000000000085e-01,-7.042222142906047200e-01,3.000000000000000000e+00
7.795400000000000107e-01,-3.627699999999999814e-01,-7.047277362343252749e-01,3.000000000000000000e+00
7.824499999999999789e-01,-3.700600000000000001e-01,-7.153630793120938636e-01,3.000000000000000000e+00
7.940800000000000081e-01,-3.800700000000000189e-01,-7.253310032305080313e-01,3.000000000000000000e+00
7.940800000000000081e-01,-3.800700000000000189e-01,-7.253310032305080313e-01,3.000000000000000000e+00
7.995200000000000085e-01,-3.883699999999999930e-01,-7.344108131906098569e-01,3.000000000000000000e+00
7.995200000000000085e-01,-3.883699999999999930e-01,-7.344108131906098569e-01,3.000000000000000000e+00
8.058400000000000007e-01,-3.968200000000000061e-01,-7.420628052874441716e-01,3.000000000000000000e+00
8.064799999999999747e-01,-3.976700000000000235e-01,-7.428129896725322867e-01,3.000000000000000000e+00
8.139600000000000168e-01,-4.062700000000000200e-01,-7.552152689021474075e-01,3.000000000000000000e+00
8.234399999999999498e-01,-4.162600000000000189e-01,-7.650715032016190964e-01,3.000000000000000000e+00
8.234399999999999498e-01,-4.162600000000000189e-01,-7.650715032016190964e-01,3.000000000000000000e+00
8.295400000000000551e-01,-4.256400000000000183e-01,-7.759507463913754011e-01,3.000000000000000000e+00
8.295400000000000551e-01,-4.256400000000000183e-01,-7.759507463913754011e-01,3.000000000000000000e+00
8.352500000000000480e-01,-4.346499999999999808e-01,-7.868839227663585456e-01,3.000000000000000000e+00
8.477900000000000436e-01,-4.458300000000000041e-01,-7.978189874131502712e-01,3.000000000000000000e+00
8.477900000000000436e-01,-4.458300000000000041e-01,-7.978189874131502712e-01,3.000000000000000000e+00
8.553600000000000092e-01,-4.551200000000000245e-01,-8.087867217634131523e-01,3.000000000000000000e+00
8.553600000000000092e-01,-4.551200000000000245e-01,-8.087867217634131523e-01,3.000000000000000000e+00
8.637899999999999467e-01,-4.655299999999999994e-01,-8.181815499273995540e-01,3.000000000000000000e+00
8.699700000000000211e-01,-4.753000000000000003e-01,-8.295060511483374199e-01,3.000000000000000000e+00
8.699700000000000211e-01,-4.753000000000000003e-01,-8.295060511483374199e-01,3.000000000000000000e+00
8.704600000000000115e-01,-4.761099999999999777e-01,-8.304587061322894481e-01,3.000000000000000000e+00
8.766699999999999493e-01,-4.860700000000000021e-01,-8.443794889239767398e-01,3.000000000000000000e+00
8.899799999999999933e-01,-5.079200000000000381e-01,-8.621249132773544099e-01,3.000000000000000000e+00
8.899799999999999933e-01,-5.079200000000000381e-01,-8.621249132773544099e-01,3.000000000000000000e+00
8.991700000000000248e-01,-5.200099999999999723e-01,-8.761176689991801991e-01,3.000000000000000000e+00
9.065699999999999870e-01,-5.312200000000000255e-01,-8.856183146680187690e-01,3.000000000000000000e+00
9.065699999999999870e-01,-5.312200000000000255e-01,-8.856183146680187690e-01,3.000000000000000000e+00
9.123799999999999688e-01,-5.417600000000000193e-01,-8.972449630135721499e-01,3.000000000000000000e+00
9.123799999999999688e-01,-5.417600000000000193e-01,-8.972449630135721499e-01,3.000000000000000000e+00
9.217899999999999983e-01,-5.533900000000000485e-01,-9.052523054780421408e-01,3.000000000000000000e+00
9.225100000000000522e-01,-5.542599999999999749e-01,-9.058196723868408018e-01,3.000000000000000000e+00
9.264599999999999502e-01,-5.632700000000000484e-01,-9.135474020428677733e-01,3.000000000000000000e+00
9.381199999999999539e-01,-5.765299999999999869e-01,-9.231901830124364938e-01,3.000000000000000000e+00
9.381199999999999539e-01,-5.765299999999999869e-01,-9.231901830124364938e-01,3.000000000000000000e+00
9.406400000000000317e-01,-5.862300000000000288e-01,-9.337728183818517769e-01,3.000000000000000000e+00
9.406400000000000317e-01,-5.862300000000000288e-01,-9.337728183818517769e-01,3.000000000000000000e+00
9.528299999999999548e-01,-5.984699999999999465e-01,-9.471440433991026309e-01,3.000000000000000000e+00
9.539499999999999647e-01,-5.995800000000000018e-01,-9.483292611621565449e-01,3.000000000000000000e+00
9.601600000000000135e-01,-6.101999999999999647e-01,-9.588028940589019555e-01,3.000000000000000000e+00
9.646299999999999875e-01,-6.206300000000000150e-01,-9.697045220031389468e-01,3.000000000000000000e+00
9.646299999999999875e-01,-6.206300000000000150e-01,-9.697045220031389468e-01,3.000000000000000000e+00
9.713899999999999757e-01,-6.318300000000000027e-01,-9.804605929251373198e-01,3.000000000000000000e+00
9.713899999999999757e-01,-6.318300000000000027e-01,-9.804605929251373198e-01,3.000000000000000000e+00
9.778000000000000025e-01,-6.434499999999999664e-01,-9.908121295456374655e-01,3.000000000000000000e+00
9.829900000000000304e-01,-6.541500000000000092e-01,-1.002938001414304336e+00,3.000000000000000000e+00
9.829900000000000304e-01,-6.541500000000000092e-01,-1.002938001414304336e+00,3.000000000000000000e+00
9.902400000000000091e-01,-6.671399999999999553e-01,-1.015878404487352338e+00,3.000000000000000000e+00
9.902400000000000091e-01,-6.671399999999999553e-01,-1.015878404487352338e+00,3.000000000000000000e+00
9.903999999999999471e-01,-6.765700000000000047e-01,-1.027286725953991287e+00,3.000000000000000000e+00
9.903600000000000181e-01,-6.773299999999999876e-01,-1.028216817638074598e+00,3.000000000000000000e+00
9.964499999999999469e-01,-6.891199999999999548e-01,-1.038064145698791352e+00,3.000000000000000000e+00
9.968900000000000539e-01,-6.899800000000000377e-01,-1.038775871750345026e+00,3.000000000000000000e+00
1.005400000000000071e+00,-7.023700000000000498e-01,-1.049501357900781695e+00,3.000000000000000000e+00
1.010569999999999968e+00,-7.139299999999999535e-01,-1.061147640042947593e+00,3.000000000000000000e+00
1.010569999999999968e+00,-7.139299999999999535e-01,-1.061147640042947593e+00,3.000000000000000000e+00
1.015330000000000066e+00,-7.257700000000000262e-01,-1.068258482898186479e+00,3.000000000000000000e+00
1.017370000000000108e+00,-7.366700000000000470e-01,-1.080391819934528819e+00,3.000000000000000000e+00
1.017370000000000108e+00,-7.366700000000000470e-01,-1.080391819934528819e+00,3.000000000000000000e+00
1.021079999999999988e+00,-7.484699999999999687e-01,-1.091058091758458026e+00,3.000000000000000000e+00
1.021079999999999988e+00,-7.484699999999999687e-01,-1.091058091758458026e+00,3.000000000000000000e+00
1.025530000000000053e+00,-7.604699999999999793e-01,-1.101871402489363660e+00,3.000000000000000000e+00
1.025919999999999943e+00,-7.615100000000000202e-01,-1.102802447351713955e+00,3.000000000000000000e+00
1.029120000000000035e+00,-7.724699999999999900e-01,-1.113344628937117609e+00,3.000000000000000000e+00
1.036620000000000097e+00,-7.865100000000000424e-01,-1.123103883518100199e+00,3.000000000000000000e+00
1.036620000000000097e+00,-7.865100000000000424e-01,-1.123103883518100199e+00,3.000000000000000000e+00
1.037910000000000110e+00,-7.970899999999999652e-01,-1.135408345309169675e+00,3.000000000000000000e+00
1.041490000000000027e+00,-8.093900000000000539e-01,-1.146771352734600180e+00,3.000000000000000000e+00
1.041490000000000027e+00,-8.093900000000000539e-01,-1.146771352734600180e+00,3.000000000000000000e+00
1.044950000000000045e+00,-8.211800000000000210e-01,-1.155331388788692681e+00,3.000000000000000000e+00
1.044950000000000045e+00,-8.211800000000000210e-01,-1.155331388788692681e+00,3.000000000000000000e+00
1.046890000000000098e+00,-8.324399999999999578e-01,-1.166096498877571719e+00,3.000000000000000000e+00
1.047050000000000036e+00,-8.334399999999999586e-01,-1.167062806458708080e+00,3.000000000000000000e+00
1.056449999999999889e+00,-8.482499999999999485e-01,-1.177858319746448279e+00,3.000000000000000000e+00
1.055439999999999934e+00,-8.586700000000000443e-01,-1.190901972186950930e+00,3.000000000000000000e+00
1.055439999999999934e+00,-8.586700000000000443e-01,-1.190901972186950930e+00,3.000000000000000000e+00
1.060859999999999914e+00,-8.719999999999999973e-01,-1.202939872897091700e+00,3.000000000000000000e+00
1.061430000000000096e+00,-8.732900000000000107e-01,-1.204063411302470410e+00,3.000000000000000000e+00
1.069539999999999935e+00,-8.874100000000000321e-01,-1.215172975122857713e+00,3.000000000000000000e+00
1.069260000000000099e+00,-8.981200000000000294e-01,-1.228248394400188070e+00,3.000000000000000000e+00
1.069260000000000099e+00,-8.981200000000000294e-01,-1.228248394400188070e+00,3.000000000000000000e+00
1.071059999999999901e+00,-9.103499999999999925e-01,-1.236635893459427704e+00,3.000000000000000000e+00
1.073110000000000008e+00,-9.228100000000000191e-01,-1.247993864048490442e+00,3.000000000000000000e+00
1.073110000000000008e+00,-9.228100000000000191e-01,-1.247993864048490442e+00,3.000000000000000000e+00
1.075660000000000061e+00,-9.354799999999999782e-01,-1.256655777115628592e+00,3.000000000000000000e+00
1.075660000000000061e+00,-9.354799999999999782e-01,-1.256655777115628592e+00,3.000000000000000000e+00
1.076330000000000009e+00,-9.474900000000000544e-01,-1.267436242594652596e+00,3.000000000000000000e+00
1.076330000000000009e+00,-9.474900000000000544e-01,-1.267436242594652596e+00,3.000000000000000000e+00
1.080850000000000088e+00,-9.616900000000000448e-01,-1.277760930856328914e+00,3.000000000000000000e+00
1.080850000000000088e+00,-9.616900000000000448e-01,-1.277760930856328914e+00,3.000000000000000000e+00
1.083399999999999919e+00,-9.857599999999999696e-01,-1.300946890255982202e+00,3.000000000000000000e+00
1.083590000000000053e+00,-9.876599999999999824e-01,-1.302786260935354212e+00,3.000000000000000000e+00
1.083269999999999955e+00,-9.958000000000000185e-01,-1.306855036337013720e+00,3.000000000000000000e+00
1.087849999999999984e+00,-1.005710000000000104e+00,-1.312657390956566195e+00,3.000000000000000000e+00
1.087849999999999984e+00,-1.005710000000000104e+00,-1.312657390956566195e+00,3.000000000000000000e+00
1.082289999999999974e+00,-1.007449999999999957e+00,-1.317229134733247431e+00,3.000000000000000000e+00
1.081720000000000015e+00,-1.007549999999999946e+00,-1.317619659789317943e+00,3.000000000000000000e+00
1.086500000000000021e+00,-1.014350000000000085e+00,-1.319396106390451129e+00,3.000000000000000000e+00
1.084580000000000100e+00,-1.017370000000000108e+00,-1.320575743469366792e+00,3.000000000000000000e+00
1.084580000000000100e+00,-1.017370000000000108e+00,-1.320575743469366792e+00,3.000000000000000000e+00
1.089650000000000007e+00,-1.022960000000000091e+00,-1.324806770338319284e+00,3.000000000000000000e+00
1.089650000000000007e+00,-1.022960000000000091e+00,-1.324806770338319284e+00,3.000000000000000000e+00
1.085139999999999993e+00,-1.021390000000000020e+00,-1.325879977416151601e+00,3.000000000000000000e+00
1.084610000000000074e+00,-1.021160000000000068e+00,-1.325949111868868213e+00,3.000000000000000000e+00
1.083830000000000071e+00,-1.020909999999999984e+00,-1.325509857001294423e+00,3.000000000000000000e+00
1.082840000000000025e+00,-1.019889999999999963e+00,-1.325708193146718505e+00,3.000000000000000000e+00
1.082840000000000025e+00,-1.019889999999999963e+00,-1.325708193146718505e+00,3.000000000000000000e+00
1.083739999999999926e+00,-1.019910000000000094e+00,-1.325200467495705414e+00,3.000000000000000000e+00
1.083739999999999926e+00,-1.019910000000000094e+00,-1.325200467495705414e+00,3.000000000000000000e+00
1.083900000000000086e+00,-1.019700000000000051e+00,-1.325070099132577228e+00,3.000000000000000000e+00
1.082089999999999996e+00,-1.018869999999999942e+00,-1.325007651740051751e+00,3.000000000000000000e+00
1.082089999999999996e+00,-1.018869999999999942e+00,-1.325007651740051751e+00,3.000000000000000000e+00
1.082729999999999970e+00,-1.019479999999999942e+00,-1.325592706021447631e+00,3.000000000000000000e+00
1.082810000000000050e+00,-1.019539999999999891e+00,-1.325650882135399611e+00,3.000000000000000000e+00
1.083550000000000013e+00,-1.020080000000000098e+00,-1.326156626441752362e+00,3.000000000000000000e+00
1.082940000000000014e+00,-1.019379999999999953e+00,-1.325629104377896494e+00,3.000000000000000000e+00
1.082940000000000014e+00,-1.019379999999999953e+00,-1.325629104377896494e+00,3.000000000000000000e+00
1.082869999999999999e+00,-1.019300000000000095e+00,-1.325567903991186514e+00,3.000000000000000000e+00
1.082869999999999999e+00,-1.019300000000000095e+00,-1.325567903991186514e+00,3.000000000000000000e+00
1.083749999999999991e+00,-1.019870000000000054e+00,-1.325184902159475930e+00,3.000000000000000000e+00
1.082950000000000079e+00,-1.019349999999999978e+00,-1.325529764616492523e+00,3.000000000000000000e+00
1.082950000000000079e+00,-1.019349999999999978e+00,-1.325529764616492523e+00,3.000000000000000000e+00
1.082950000000000079e+00,-1.019349999999999978e+00,-1.325529764616492523e+00,3.000000000000000000e+00
1.082869999999999999e+00,-1.019300000000000095e+00,-1.325567903991186514e+00,3.000000000000000000e+00
1.083599999999999897e+00,-1.019819999999999949e+00,-1.326065950260291393e+00,3.000000000000000000e+00
1.088670000000000027e+00,-1.022850000000000037e+00,-1.325770597244458004e+00,3.000000000000000000e+00
1.088670000000000027e+00,-1.022850000000000037e+00,-1.325770597244458004e+00,3.000000000000000000e+00
-7.200000000000000453e-04,1.700000000000000122e-04,0.000000000000000000e+00,3.000000000000000000e+00
-7.200000000000000453e-04,1.700000000000000122e-04,0.000000000000000000e+00,3.000000000000000000e+00
-6.700000000000000226e-04,-3.000000000000000076e-05,-1.386581622107671812e-03,3.000000000000000000e+00
-6.700000000000000226e-04,-3.000000000000000076e-05,-1.386581622107671812e-03,3.000000000000000000e+00
-1.059999999999999961e-03,2.000000000000000096e-04,-6.928038234868308365e-05,3.000000000000000000e+00
-1.090000000000000040e-03,2.100000000000000087e-04,4.165226394551826061e-05,3.000000000000000000e+00
4.000000000000000327e-05,6.999999999999999387e-05,3.713514579310893860e-04,3.000000000000000000e+00
4.299999999999999894e-04,-3.099999999999999999e-04,3.226559881580161131e-04,3.000000000000000000e+00
4.299999999999999894e-04,-3.099999999999999999e-04,3.226559881580161131e-04,3.000000000000000000e+00
5.699999999999999772e-04,-1.000000000000000082e-05,4.590249121770240072e-04,3.000000000000000000e+00
5.699999999999999772e-04,-1.000000000000000082e-05,4.590249121770240072e-04,3.000000000000000000e+00
5.800000000000000034e-04,1.000000000000000082e-05,4.691204536232114843e-04,3.000000000000000000e+00
-7.799999999999999859e-04,1.499999999999999869e-04,1.253714950315806581e-04,3.000000000000000000e+00
-7.799999999999999859e-04,1.499999999999999869e-04,1.253714950315806581e-04,3.000000000000000000e+00
-7.799999999999999859e-04,1.499999999999999869e-04,1.253714950315806581e-04,3.000000000000000000e+00
-1.219999999999999947e-03,1.299999999999999886e-04,1.432958138415719768e-04,3.000000000000000000e+00
-1.219999999999999947e-03,1.299999999999999886e-04,1.432958138415719768e-04,3.000000000000000000e+00
-7.399999999999999894e-04,1.299999999999999886e-04,-1.375317063770162360e-03,3.000000000000000000e+00
4.600000000000000139e-04,-1.800000000000000113e-04,-1.203641037029916545e-03,3.000000000000000000e+00
1.940000000000000101e-03,-2.300000000000000070e-04,-1.021592145684359961e-03,3.000000000000000000e+00
1.940000000000000101e-03,-2.300000000000000070e-04,-1.021592145684359961e-03,3.000000000000000000e+00
2.480000000000000000e-03,-4.000000000000000327e-05,1.939890287766548541e-03,3.000000000000000000e+00
5.309999999999999616e-03,-5.000000000000000240e-05,-2.416281631775367422e-03,3.000000000000000000e+00
5.309999999999999616e-03,-5.000000000000000240e-05,-2.416281631775367422e-03,3.000000000000000000e+00
1.010999999999999920e-02,-1.299999999999999886e-04,-2.410484772768858516e-03,3.000000000000000000e+00
1.010999999999999920e-02,-1.299999999999999886e-04,-2.410484772768858516e-03,3.000000000000000000e+00
1.706999999999999837e-02,-8.499999999999999526e-04,-4.041004822977863759e-03,3.000000000000000000e+00
1.760000000000000106e-02,-9.100000000000000016e-04,-4.174873829012899946e-03,3.000000000000000000e+00
2.327999999999999861e-02,-8.300000000000000086e-04,-8.011487853072983209e-03,3.000000000000000000e+00
2.887999999999999942e-02,-7.900000000000000121e-04,-1.139369562519652532e-02,3.000000000000000000e+00
2.887999999999999942e-02,-7.900000000000000121e-04,-1.139369562519652532e-02,3.000000000000000000e+00
3.846000000000000113e-02,-1.170000000000000033e-03,-1.284676593272819807e-02,3.000000000000000000e+00
3.846000000000000113e-02,-1.170000000000000033e-03,-1.284676593272819807e-02,3.000000000000000000e+00
4.499000000000000221e-02,-1.129999999999999928e-03,-1.660931140908687015e-02,3.000000000000000000e+00
5.519999999999999907e-02,-1.779999999999999898e-03,-2.145659533004926067e-02,3.000000000000000000e+00
5.519999999999999907e-02,-1.779999999999999898e-03,-2.145659533004926067e-02,3.000000000000000000e+00
6.165999999999999953e-02,-1.840000000000000056e-03,-2.899990101348916965e-02,3.000000000000000000e+00
6.165999999999999953e-02,-1.840000000000000056e-03,-2.899990101348916965e-02,3.000000000000000000e+00
7.557999999999999441e-02,-3.419999999999999863e-03,-3.580515038565958846e-02,3.000000000000000000e+00
7.671999999999999653e-02,-3.559999999999999797e-03,-3.632237664570153735e-02,3.000000000000000000e+00
8.290000000000000147e-02,-3.889999999999999795e-03,-4.232696329232648463e-02,3.000000000000000000e+00
8.340999999999999803e-02,-3.910000000000000281e-03,-4.281400731801538601e-02,3.000000000000000000e+00
9.750999999999999945e-02,-5.760000000000000363e-03,-4.785086469716981483e-02,3.000000000000000000e+00
1.058800000000000019e-01,-6.640000000000000069e-03,-5.600926947918824506e-02,3.000000000000000000e+00
1.058800000000000019e-01,-6.640000000000000069e-03,-5.600926947918824506e-02,3.000000000000000000e+00
1.214100000000000040e-01,-8.640000000000000110e-03,-6.280578654964365237e-02,3.000000000000000000e+00
1.226899999999999935e-01,-8.800000000000000530e-03,-6.332093297945193267e-02,3.000000000000000000e+00
1.303700000000000137e-01,-1.020000000000000073e-02,-7.342258101059152831e-02,3.000000000000000000e+00
1.430200000000000082e-01,-1.204000000000000035e-02,-7.853569840207358377e-02,3.000000000000000000e+00
1.430200000000000082e-01,-1.204000000000000035e-02,-7.853569840207358377e-02,3.000000000000000000e+00
1.565199999999999925e-01,-1.494000000000000015e-02,-9.014140277974624915e-02,3.000000000000000000e+00
1.565199999999999925e-01,-1.494000000000000015e-02,-9.014140277974624915e-02,3.000000000000000000e+00
1.679200000000000137e-01,-1.717000000000000123e-02,-1.007941917510782742e-01,3.000000000000000000e+00
1.688600000000000101e-01,-1.736000000000000043e-02,-1.016779576454137080e-01,3.000000000000000000e+00
1.814999999999999947e-01,-1.969999999999999876e-02,-1.100039817430039785e-01,3.000000000000000000e+00
1.948900000000000077e-01,-2.222999999999999976e-02,-1.205280595192824156e-01,3.000000000000000000e+00
1.948900000000000077e-01,-2.222999999999999976e-02,-1.205280595192824156e-01,3.000000000000000000e+00
2.068399999999999961e-01,-2.454999999999999891e-02,-1.284126821588289225e-01,3.000000000000000000e+00
2.076300000000000090e-01,-2.470999999999999933e-02,-1.289229412539956987e-01,3.000000000000000000e+00
2.230000000000000038e-01,-2.835999999999999979e-02,-1.371451302008475648e-01,3.000000000000000000e+00
2.317400000000000015e-01,-3.077999999999999833e-02,-1.455545986217915977e-01,3.000000000000000000e+00
2.317400000000000015e-01,-3.077999999999999833e-02,-1.455545986217915977e-01,3.000000000000000000e+00
2.441599999999999882e-01,-3.377000000000000141e-02,-1.594765692591940953e-01,3.000000000000000000e+00
2.441599999999999882e-01,-3.377000000000000141e-02,-1.594765692591940953e-01,3.000000000000000000e+00
2.579299999999999926e-01,-3.672999999999999876e-02,-1.663557658380145354e-01,3.000000000000000000e+00
2.727899999999999769e-01,-3.989000000000000185e-02,-1.765708928194465177e-01,3.000000000000000000e+00
2.727899999999999769e-01,-3.989000000000000185e-02,-1.765708928194465177e-01,3.000000000000000000e+00
2.843300000000000272e-01,-4.283000000000000002e-02,-1.884924422029948532e-01,3.000000000000000000e+00
2.843300000000000272e-01,-4.283000000000000002e-02,-1.884924422029948532e-01,3.000000000000000000e+00
3.049600000000000088e-01,-5.065000000000000058e-02,-2.103474081732819301e-01,3.000000000000000000e+00
3.068899999999999961e-01,-5.143999999999999961e-02,-2.122400056966427528e-01,3.000000000000000000e+00
3.177099999999999924e-01,-5.485999999999999904e-02,-2.186410560935668213e-01,3.000000000000000000e+00
3.299300000000000010e-01,-5.899000000000000077e-02,-2.334957703057786715e-01,3.000000000000000000e+00
3.299300000000000010e-01,-5.899000000000000077e-02,-2.334957703057786715e-01,3.000000000000000000e+00
3.398499999999999854e-01,-6.277000000000000635e-02,-2.430883882453860334e-01,3.000000000000000000e+00
3.398499999999999854e-01,-6.277000000000000635e-02,-2.430883882453860334e-01,3.000000000000000000e+00
3.589499999999999913e-01,-6.672999999999999765e-02,-2.553402420691274766e-01,3.000000000000000000e+00
3.589499999999999913e-01,-6.672999999999999765e-02,-2.553402420691274766e-01,3.000000000000000000e+00
3.751300000000000190e-01,-7.216999999999999804e-02,-2.627463531716338618e-01,3.000000000000000000e+00
3.864500000000000157e-01,-7.688000000000000389e-02,-2.735315539090624748e-01,3.000000000000000000e+00
3.864500000000000157e-01,-7.688000000000000389e-02,-2.735315539090624748e-01,3.000000000000000000e+00
3.979900000000000104e-01,-8.143999999999999850e-02,-2.826057210606350845e-01,3.000000000000000000e+00
3.979900000000000104e-01,-8.143999999999999850e-02,-2.826057210606350845e-01,3.000000000000000000e+00
4.046500000000000097e-01,-8.565000000000000391e-02,-2.935058671775787609e-01,3.000000000000000000e+00
4.190699999999999981e-01,-9.102000000000000368e-02,-3.028871270014901751e-01,3.000000000000000000e+00
4.190699999999999981e-01,-9.102000000000000368e-02,-3.028871270014901751e-01,3.000000000000000000e+00
4.318100000000000271e-01,-9.644999999999999407e-02,-3.144516534271978303e-01,3.000000000000000000e+00
4.318100000000000271e-01,-9.644999999999999407e-02,-3.144516534271978303e-01,3.000000000000000000e+00
4.432900000000000174e-01,-1.016800000000000065e-01,-3.218396811621950238e-01,3.000000000000000000e+00
4.549699999999999855e-01,-1.067700000000000038e-01,-3.369196531902927672e-01,3.000000000000000000e+00
4.549699999999999855e-01,-1.067700000000000038e-01,-3.369196531902927672e-01,3.000000000000000000e+00
4.671199999999999797e-01,-1.119700000000000001e-01,-3.492212180363891694e-01,3.000000000000000000e+00
4.671199999999999797e-01,-1.119700000000000001e-01,-3.492212180363891694e-01,3.000000000000000000e+00
4.803999999999999937e-01,-1.175299999999999956e-01,-3.593559404304156879e-01,3.000000000000000000e+00
4.910900000000000265e-01,-1.226499999999999951e-01,-3.689730987583732524e-01,3.000000000000000000e+00
4.910900000000000265e-01,-1.226499999999999951e-01,-3.689730987583732524e-01,3.000000000000000000e+00
5.036000000000000476e-01,-1.285399999999999876e-01,-3.814833090516494551e-01,3.000000000000000000e+00
5.036000000000000476e-01,-1.285399999999999876e-01,-3.814833090516494551e-01,3.000000000000000000e+00
5.166399999999999881e-01,-1.345699999999999952e-01,-3.918568177484026971e-01,3.000000000000000000e+00
5.166399999999999881e-01,-1.345699999999999952e-01,-3.918568177484026971e-01,3.000000000000000000e+00
5.278100000000000014e-01,-1.406000000000000028e-01,-4.000725530547306619e-01,3.000000000000000000e+00
5.288500000000000423e-01,-1.411900000000000099e-01,-4.008391475206583010e-01,3.000000000000000000e+00
5.386999999999999567e-01,-1.470700000000000063e-01,-4.145841721847348116e-01,3.000000000000000000e+00
5.456999999999999629e-01,-1.529600000000000126e-01,-4.270144763820834521e-01,3.000000000000000000e+00
5.456999999999999629e-01,-1.529600000000000126e-01,-4.270144763820834521e-01,3.000000000000000000e+00
5.587699999999999889e-01,-1.599200000000000066e-01,-4.356961719004457945e-01,3.000000000000000000e+00
5.699499999999999567e-01,-1.667599999999999916e-01,-4.443732588517027016e-01,3.000000000000000000e+00
5.699499999999999567e-01,-1.667599999999999916e-01,-4.443732588517027016e-01,3.000000000000000000e+00
5.864200000000000523e-01,-1.748899999999999899e-01,-4.521420161176702979e-01,3.000000000000000000e+00
5.878100000000000547e-01,-1.755599999999999938e-01,-4.527682719997917493e-01,3.000000000000000000e+00
5.941600000000000215e-01,-1.810700000000000087e-01,-4.622210185844887187e-01,3.000000000000000000e+00
6.015500000000000291e-01,-1.877199999999999980e-01,-4.719908647550443703e-01,3.000000000000000000e+00
6.015500000000000291e-01,-1.877199999999999980e-01,-4.719908647550443703e-01,3.000000000000000000e+00
6.120700000000000029e-01,-1.947399999999999964e-01,-4.851407125483683802e-01,3.000000000000000000e+00
6.120700000000000029e-01,-1.947399999999999964e-01,-4.851407125483683802e-01,3.000000000000000000e+00
6.279099999999999682e-01,-2.030599999999999905e-01,-4.953873791768061419e-01,3.000000000000000000e+00
6.350000000000000089e-01,-2.097299999999999998e-01,-5.062905920244223923e-01,3.000000000000000000e+00
6.350000000000000089e-01,-2.097299999999999998e-01,-5.062905920244223923e-01,3.000000000000000000e+00
6.474600000000000355e-01,-2.173799999999999899e-01,-5.156338690580506423e-01,3.000000000000000000e+00
6.474600000000000355e-01,-2.173799999999999899e-01,-5.156338690580506423e-01,3.000000000000000000e+00
6.607800000000000340e-01,-2.249599999999999933e-01,-5.250959652565955205e-01,3.000000000000000000e+00
6.728600000000000136e-01,-2.321400000000000130e-01,-5.366912984916315521e-01,3.000000000000000000e+00
6.728600000000000136e-01,-2.321400000000000130e-01,-5.366912984916315521e-01,3.000000000000000000e+00
6.879199999999999759e-01,-2.408099999999999963e-01,-5.434320447696117107e-01,3.000000000000000000e+00
6.879199999999999759e-01,-2.408099999999999963e-01,-5.434320447696117107e-01,3.000000000000000000e+00
6.899100000000000232e-01,-2.464699999999999946e-01,-5.570718734932823546e-01,3.000000000000000000e+00
6.900199999999999667e-01,-2.469399999999999928e-01,-5.583090362767173520e-01,3.000000000000000000e+00
7.016200000000000214e-01,-2.545600000000000085e-01,-5.677915673472283542e-01,3.000000000000000000e+00
7.103599999999999914e-01,-2.624099999999999766e-01,-5.791313313523536177e-01,3.000000000000000000e+00
7.103599999999999914e-01,-2.624099999999999766e-01,-5.791313313523536177e-01,3.000000000000000000e+00
7.237400000000000500e-01,-2.717300000000000271e-01,-5.925573065730206368e-01,3.000000000000000000e+00
7.248700000000000143e-01,-2.725199999999999845e-01,-5.936649595391854106e-01,3.000000000000000000e+00
7.321600000000000330e-01,-2.797999999999999932e-01,-6.047724700746355264e-01,3.000000000000000000e+00
7.328900000000000414e-01,-2.805300000000000016e-01,-6.058685764783779959e-01,3.000000000000000000e+00
7.427300000000000013e-01,-2.885499999999999732e-01,-6.133166892193863129e-01,3.000000000000000000e+00
7.523600000000000287e-01,-2.972400000000000042e-01,-6.226924775571421877e-01,3.000000000000000000e+00
7.523600000000000287e-01,-2.972400000000000042e-01,-6.226924775571421877e-01,3.000000000000000000e+00
7.610200000000000298e-01,-3.061200000000000032e-01,-6.326783586752539046e-01,3.000000000000000000e+00
7.610200000000000298e-01,-3.061200000000000032e-01,-6.326783586752539046e-01,3.000000000000000000e+00
7.735899999999999999e-01,-3.156599999999999961e-01,-6.464127686501301984e-01,3.000000000000000000e+00
7.806199999999999806e-01,-3.244299999999999962e-01,-6.564948775892124333e-01,3.000000000000000000e+00
7.806199999999999806e-01,-3.244299999999999962e-01,-6.564948775892124333e-01,3.000000000000000000e+00
7.891200000000000436e-01,-3.331500000000000017e-01,-6.661996877730009814e-01,3.000000000000000000e+00
7.891200000000000436e-01,-3.331500000000000017e-01,-6.661996877730009814e-01,3.000000000000000000e+00
7.957600000000000229e-01,-3.410900000000000043e-01,-6.783614848112832219e-01,3.000000000000000000e+00
7.962799999999999878e-01,-3.417299999999999782e-01,-6.793617873451753830e-01,3.000000000000000000e+00
8.097800000000000553e-01,-3.515499999999999736e-01,-6.859509817305786683e-01,3.000000000000000000e+00
8.131300000000000194e-01,-3.586300000000000043e-01,-6.987947445271945890e-01,3.000000000000000000e+00
8.131300000000000194e-01,-3.586300000000000043e-01,-6.987947445271945890e-01,3.000000000000000000e+00
8.273399999999999643e-01,-3.761999999999999789e-01,-7.162800292141273673e-01,3.000000000000000000e+00
8.287200000000000122e-01,-3.778799999999999937e-01,-7.178595064632624645e-01,3.000000000000000000e+00
8.379199999999999982e-01,-3.863800000000000012e-01,-7.260348820168600614e-01,3.000000000000000000e+00
8.437599999999999545e-01,-3.949300000000000033e-01,-7.356066382475325849e-01,3.000000000000000000e+00
8.437599999999999545e-01,-3.949300000000000033e-01,-7.356066382475325849e-01,3.000000000000000000e+00
8.524100000000000010e-01,-4.044699999999999962e-01,-7.493283142002318264e-01,3.000000000000000000e+00
8.531499999999999639e-01,-4.052799999999999736e-01,-7.504935306754407787e-01,3.000000000000000000e+00
8.658799999999999830e-01,-4.160699999999999954e-01,-7.625267447216923511e-01,3.000000000000000000e+00
8.708000000000000185e-01,-4.249399999999999844e-01,-7.729327902020817209e-01,3.000000000000000000e+00
8.708000000000000185e-01,-4.249399999999999844e-01,-7.729327902020817209e-01,3.000000000000000000e+00
8.791900000000000270e-01,-4.351300000000000168e-01,-7.818189649899597304e-01,3.000000000000000000e+00
8.791900000000000270e-01,-4.351300000000000168e-01,-7.818189649899597304e-01,3.000000000000000000e+00
8.871400000000000396e-01,-4.454099999999999726e-01,-7.936464023863361028e-01,3.000000000000000000e+00
8.877599999999999936e-01,-4.462300000000000155e-01,-7.945919058505630517e-01,3.000000000000000000e+00
8.945199999999999818e-01,-4.557499999999999885e-01,-8.046493134289529614e-01,3.000000000000000000e+00
8.945199999999999818e-01,-4.557499999999999885e-01,-8.046493134289529614e-01,3.000000000000000000e+00
9.051200000000000356e-01,-4.659900000000000153e-01,-8.176373476369860338e-01,3.000000000000000000e+00
9.143499999999999961e-01,-4.770099999999999896e-01,-8.307204596632608018e-01,3.000000000000000000e+00
9.151599999999999735e-01,-4.780200000000000005e-01,-8.318857806243911135e-01,3.000000000000000000e+00
9.185299999999999576e-01,-4.862799999999999900e-01,-8.408528317150335551e-01,3.000000000000000000e+00
9.267900000000000027e-01,-4.970200000000000173e-01,-8.503577938041286810e-01,3.000000000000000000e+00
9.267900000000000027e-01,-4.970200000000000173e-01,-8.503577938041286810e-01,3.000000000000000000e+00
9.377699999999999925e-01,-5.086600000000000010e-01,-8.611060588616002986e-01,3.000000000000000000e+00
9.377699999999999925e-01,-5.086600000000000010e-01,-8.611060588616002986e-01,3.000000000000000000e+00
9.430300000000000349e-01,-5.184400000000000119e-01,-8.696265167398834484e-01,3.000000000000000000e+00
9.430300000000000349e-01,-5.184400000000000119e-01,-8.696265167398834484e-01,3.000000000000000000e+00
9.544700000000000406e-01,-5.307199999999999696e-01,-8.799581951694209758e-01,3.000000000000000000e+00
9.581100000000000172e-01,-5.400099999999999900e-01,-8.903005071397208647e-01,3.000000000000000000e+00
9.581100000000000172e-01,-5.400099999999999900e-01,-8.903005071397208647e-01,3.000000000000000000e+00
9.680600000000000316e-01,-5.519899999999999807e-01,-9.019915844913968250e-01,3.000000000000000000e+00
9.680600000000000316e-01,-5.519899999999999807e-01,-9.019915844913968250e-01,3.000000000000000000e+00
9.707799999999999763e-01,-5.616299999999999626e-01,-9.126037528927449793e-01,3.000000000000000000e+00
9.709699999999999998e-01,-5.625700000000000145e-01,-9.136500468553035992e-01,3.000000000000000000e+00
9.758499999999999952e-01,-5.717299999999999605e-01,-9.272890487286006289e-01,3.000000000000000000e+00
9.925000000000000488e-01,-5.870199999999999863e-01,-9.396314310598533615e-01,3.000000000000000000e+00
9.925000000000000488e-01,-5.870199999999999863e-01,-9.396314310598533615e-01,3.000000000000000000e+00
9.925000000000000488e-01,-5.870199999999999863e-01,-9.396314310598533615e-01,3.000000000000000000e+00
9.940499999999999892e-01,-5.884200000000000541e-01,-9.406679075542563329e-01,3.000000000000000000e+00
1.001200000000000090e+00,-6.088099999999999623e-01,-9.609860491800262805e-01,3.000000000000000000e+00
1.001880000000000104e+00,-6.099099999999999522e-01,-9.619157773195300409e-01,3.000000000000000000e+00
1.008099999999999996e+00,-6.210700000000000109e-01,-9.714061147300985244e-01,3.000000000000000000e+00
1.014699999999999935e+00,-6.333299999999999486e-01,-9.857023135898576038e-01,3.000000000000000000e+00
1.014699999999999935e+00,-6.333299999999999486e-01,-9.857023135898576038e-01,3.000000000000000000e+00
1.014699999999999935e+00,-6.333299999999999486e-01,-9.857023135898576038e-01,3.000000000000000000e+00
1.016529999999999934e+00,-6.449899999999999523e-01,-9.990485066358701927e-01,3.000000000000000000e+00
1.025910000000000100e+00,-6.577800000000000313e-01,-1.010370900996230947e+00,3.000000000000000000e+00
1.026769999999999960e+00,-6.674600000000000533e-01,-1.020749293693652193e+00,3.000000000000000000e+00
1.026769999999999960e+00,-6.674600000000000533e-01,-1.020749293693652193e+00,3.000000000000000000e+00
1.033490000000000020e+00,-6.798699999999999743e-01,-1.031188053635536450e+00,3.000000000000000000e+00
1.033490000000000020e+00,-6.798699999999999743e-01,-1.031188053635536450e+00,3.000000000000000000e+00
1.033490000000000020e+00,-6.798699999999999743e-01,-1.031188053635536450e+00,3.000000000000000000e+00
1.044429999999999970e+00,-7.038799999999999502e-01,-1.050993064659212273e+00,3.000000000000000000e+00
1.053879999999999928e+00,-7.184399999999999675e-01,-1.060951930739353122e+00,3.000000000000000000e+00
1.050179999999999891e+00,-7.266500000000000181e-01,-1.073343398708070939e+00,3.000000000000000000e+00
1.050179999999999891e+00,-7.266500000000000181e-01,-1.073343398708070939e+00,3.000000000000000000e+00
1.050179999999999891e+00,-7.266500000000000181e-01,-1.073343398708070939e+00,3.000000000000000000e+00
1.050179999999999891e+00,-7.266500000000000181e-01,-1.073343398708070939e+00,3.000000000000000000e+00
1.065879999999999939e+00,-7.534899999999999931e-01,-1.095110088786610092e+00,3.000000000000000000e+00
1.068459999999999965e+00,-7.643999999999999684e-01,-1.108148166192681972e+00,3.000000000000000000e+00
1.068459999999999965e+00,-7.643999999999999684e-01,-1.108148166192681972e+00,3.000000000000000000e+00
1.072109999999999896e+00,-7.757800000000000251e-01,-1.119132301177331978e+00,3.000000000000000000e+00
1.072109999999999896e+00,-7.757800000000000251e-01,-1.119132301177331978e+00,3.000000000000000000e+00
1.077820000000000000e+00,-7.889199999999999546e-01,-1.131158106787387263e+00,3.000000000000000000e+00
1.078400000000000025e+00,-7.902299999999999880e-01,-1.132338703318735318e+00,3.000000000000000000e+00
1.082379999999999898e+00,-8.006199999999999983e-01,-1.143288739277341426e+00,3.000000000000000000e+00
1.085609999999999964e+00,-8.131800000000000139e-01,-1.154608663881097064e+00,3.000000000000000000e+00
1.085609999999999964e+00,-8.131800000000000139e-01,-1.154608663881097064e+00,3.000000000000000000e+00
1.086899999999999977e+00,-8.257700000000000040e-01,-1.163713541164125731e+00,3.000000000000000000e+00
1.086899999999999977e+00,-8.257700000000000040e-01,-1.163713541164125731e+00,3.000000000000000000e+00
1.086980000000000057e+00,-8.266200000000000214e-01,-1.164314612423469786e+00,3.000000000000000000e+00
1.094799999999999995e+00,-8.403699999999999504e-01,-1.176700498003364848e+00,3.000000000000000000e+00
1.098009999999999931e+00,-8.519700000000000051e-01,-1.186847060531066589e+00,3.000000000000000000e+00
1.098009999999999931e+00,-8.519700000000000051e-01,-1.186847060531066589e+00,3.000000000000000000e+00
1.100130000000000052e+00,-8.648200000000000331e-01,-1.198156441704509412e+00,3.000000000000000000e+00
1.100130000000000052e+00,-8.648200000000000331e-01,-1.198156441704509412e+00,3.000000000000000000e+00
1.103019999999999889e+00,-8.764199999999999768e-01,-1.209279747611730516e+00,3.000000000000000000e+00
1.101580000000000004e+00,-8.860200000000000298e-01,-1.222484083729895588e+00,3.000000000000000000e+00
1.108190000000000008e+00,-8.976899999999999880e-01,-1.227302039340779638e+00,3.000000000000000000e+00
1.108190000000000008e+00,-8.976899999999999880e-01,-1.227302039340779638e+00,3.000000000000000000e+00
1.111459999999999892e+00,-9.055299999999999461e-01,-1.235344740180237100e+00,3.000000000000000000e+00
1.110729999999999995e+00,-9.099800000000000111e-01,-1.237231821022689582e+00,3.000000000000000000e+00
1.109890000000000043e+00,-9.129899999999999682e-01,-1.238624929480515391e+00,3.000000000000000000e+00
1.109890000000000043e+00,-9.129899999999999682e-01,-1.238624929480515391e+00,3.000000000000000000e+00
1.108479999999999910e+00,-9.122900000000000453e-01,-1.238565317421814749e+00,3.000000000000000000e+00
1.111350000000000060e+00,-9.161899999999999489e-01,-1.241840180684529393e+00,3.000000000000000000e+00
1.111350000000000060e+00,-9.161899999999999489e-01,-1.241840180684529393e+00,3.000000000000000000e+00
1.110500000000000043e+00,-9.172200000000000353e-01,-1.241958996067766829e+00,3.000000000000000000e+00
1.113459999999999894e+00,-9.192000000000000171e-01,-1.243871593129283637e+00,3.000000000000000000e+00
1.113459999999999894e+00,-9.192000000000000171e-01,-1.243871593129283637e+00,3.000000000000000000e+00
1.108289999999999997e+00,-9.158899999999999819e-01,-1.240734258456201111e+00,3.000000000000000000e+00
1.111199999999999966e+00,-9.168800000000000283e-01,-1.242122386928813160e+00,3.000000000000000000e+00
1.111199999999999966e+00,-9.168800000000000283e-01,-1.242122386928813160e+00,3.000000000000000000e+00
1.107359999999999900e+00,-9.146699999999999831e-01,-1.243462755051548907e+00,3.000000000000000000e+00
1.114219999999999988e+00,-9.183099999999999596e-01,-1.244026724423290542e+00,3.000000000000000000e+00
1.114219999999999988e+00,-9.183099999999999596e-01,-1.244026724423290542e+00,3.000000000000000000e+00
1.114679999999999893e+00,-9.188199999999999701e-01,-1.244137630830664421e+00,3.000000000000000000e+00
1.111599999999999921e+00,-9.173299999999999788e-01,-1.242442467094084124e+00,3.000000000000000000e+00
1.111599999999999921e+00,-9.173299999999999788e-01,-1.242442467094084124e+00,3.000000000000000000e+00
1.111380000000000035e+00,-9.172200000000000353e-01,-1.242321359944245973e+00,3.000000000000000000e+00
1.110649999999999915e+00,-9.165299999999999558e-01,-1.242573566285462894e+00,3.000000000000000000e+00
1.110649999999999915e+00,-9.165299999999999558e-01,-1.242573566285462894e+00,3.000000000000000000e+00
1.111229999999999940e+00,-9.167300000000000448e-01,-1.242172524827331870e+00,3.000000000000000000e+00
1.111229999999999940e+00,-9.167300000000000448e-01,-1.242172524827331870e+00,3.000000000000000000e+00
1.110610000000000097e+00,-9.165200000000000014e-01,-1.241818587143065367e+00,3.000000000000000000e+00
1.110540000000000083e+00,-9.164999999999999813e-01,-1.241781796156175455e+00,3.000000000000000000e+00
1.110659999999999981e+00,-9.164799999999999613e-01,-1.241770046527797211e+00,3.000000000000000000e+00
1.111380000000000035e+00,-9.169399999999999773e-01,-1.242201797954787246e+00,3.000000000000000000e+00
1.111380000000000035e+00,-9.169399999999999773e-01,-1.242201797954787246e+00,3.000000000000000000e+00
1.111949999999999994e+00,-9.172000000000000153e-01,-1.241860522751312423e+00,3.000000000000000000e+00
1.111990000000000034e+00,-9.172200000000000353e-01,-1.241828693656419791e+00,3.000000000000000000e+00
1.111429999999999918e+00,-9.170099999999999918e-01,-1.241467098368703281e+00,3.000000000000000000e+00
1.111439999999999984e+00,-9.169800000000000173e-01,-1.242168657641279372e+00,3.000000000000000000e+00
1.111439999999999984e+00,-9.169800000000000173e-01,-1.242168657641279372e+00,3.000000000000000000e+00
1.111390000000000100e+00,-9.169399999999999773e-01,-1.241524396517755591e+00,3.000000000000000000e+00
1.111390000000000100e+00,-9.169399999999999773e-01,-1.241470031973280763e+00,3.000000000000000000e+00
1.111520000000000064e+00,-9.169699999999999518e-01,-1.241431162008032274e+00,3.000000000000000000e+00
1.111450000000000049e+00,-9.169699999999999518e-01,-1.242169686460861566e+00,3.000000000000000000e+00
1.111450000000000049e+00,-9.169699999999999518e-01,-1.242169686460861566e+00,3.000000000000000000e+00
1.114540000000000086e+00,-9.186299999999999466e-01,-1.240491143518241079e+00,3.000000000000000000e+00
1.114540000000000086e+00,-9.186299999999999466e-01,-1.240491143518241079e+00,3.000000000000000000e+00
1.113850000000000007e+00,-9.183999999999999941e-01,-1.243419874048325768e+00,3.000000000000000000e+00
-5.100000000000000366e-04,1.200000000000000030e-04,0.000000000000000000e+00,3.000000000000000000e+00
-5.100000000000000366e-04,1.200000000000000030e-04,0.000000000000000000e+00,3.000000000000000000e+00
2.599999999999999772e-04,-0.000000000000000000e+00,1.789269269899787648e-03,3.000000000000000000e+00
5.699999999999999772e-04,-1.700000000000000122e-04,4.074681398444105428e-04,3.000000000000000000e+00
5.699999999999999772e-04,-1.700000000000000122e-04,4.074681398444105428e-04,3.000000000000000000e+00
5.900000000000000296e-04,-1.800000000000000113e-04,2.571317880258591542e-04,3.000000000000000000e+00
-5.299999999999999807e-04,-3.000000000000000076e-05,-7.491040555171924083e-05,3.000000000000000000e+00
-7.100000000000000191e-04,1.200000000000000030e-04,1.201015258855730409e-03,3.000000000000000000e+00
-7.100000000000000191e-04,1.200000000000000030e-04,1.201015258855730409e-03,3.000000000000000000e+00
4.699999999999999859e-04,-1.600000000000000131e-04,3.480290963539240507e-04,3.000000000000000000e+00
5.900000000000000296e-04,-1.800000000000000113e-04,2.571317880258591542e-04,3.000000000000000000e+00
7.500000000000000156e-04,-1.000000000000000048e-04,1.613659881637769444e-04,3.000000000000000000e+00
-4.200000000000000174e-04,1.000000000000000048e-04,-1.482592333189752289e-03,3.000000000000000000e+00
-4.200000000000000174e-04,1.000000000000000048e-04,-1.482592333189752289e-03,3.000000000000000000e+00
-4.200000000000000174e-04,1.000000000000000048e-04,-1.482592333189752289e-03,3.000000000000000000e+00
2.419999999999999842e-03,1.399999999999999877e-04,-1.397840570349448029e-03,3.000000000000000000e+00
5.519999999999999733e-03,2.000000000000000096e-04,-4.224164938359092555e-03,3.000000000000000000e+00
5.519999999999999733e-03,2.000000000000000096e-04,-4.224164938359092555e-03,3.000000000000000000e+00
1.136000000000000031e-02,2.599999999999999772e-04,-5.548608031595058179e-03,3.000000000000000000e+00
1.756999999999999881e-02,-0.000000000000000000e+00,-7.785041614542117204e-03,3.000000000000000000e+00
1.756999999999999881e-02,-0.000000000000000000e+00,-7.785041614542117204e-03,3.000000000000000000e+00
2.639000000000000026e-02,-7.299999999999999632e-04,-1.562022711582273377e-02,3.000000000000000000e+00
2.639000000000000026e-02,-7.299999999999999632e-04,-1.562022711582273377e-02,3.000000000000000000e+00
4.014999999999999819e-02,-3.749999999999999861e-03,-3.032810024512773428e-02,3.000000000000000000e+00
4.134999999999999787e-02,-4.029999999999999728e-03,-3.156406300019636707e-02,3.000000000000000000e+00
4.907999999999999863e-02,-4.389999999999999805e-03,-3.675558068980056686e-02,3.000000000000000000e+00
6.060000000000000109e-02,-5.559999999999999838e-03,-4.506096411231515914e-02,3.000000000000000000e+00
6.060000000000000109e-02,-5.559999999999999838e-03,-4.506096411231515914e-02,3.000000000000000000e+00
7.160999999999999310e-02,-6.680000000000000174e-03,-5.416596145714373811e-02,3.000000000000000000e+00
7.160999999999999310e-02,-6.680000000000000174e-03,-5.416596145714373811e-02,3.000000000000000000e+00
9.032999999999999363e-02,-7.660000000000000142e-03,-6.260423891240669836e-02,3.000000000000000000e+00
9.032999999999999363e-02,-7.660000000000000142e-03,-6.260423891240669836e-02,3.000000000000000000e+00
1.024899999999999978e-01,-9.230000000000000357e-03,-7.363216268305870782e-02,3.000000000000000000e+00
1.033899999999999958e-01,-9.360000000000000264e-03,-7.450024683847460139e-02,3.000000000000000000e+00
1.160500000000000004e-01,-1.159999999999999920e-02,-8.301333986389136665e-02,3.000000000000000000e+00
1.160500000000000004e-01,-1.159999999999999920e-02,-8.301333986389136665e-02,3.000000000000000000e+00
1.253700000000000092e-01,-1.333999999999999943e-02,-9.528825213775267422e-02,3.000000000000000000e+00
1.394400000000000084e-01,-1.592000000000000012e-02,-1.070185609392189929e-01,3.000000000000000000e+00
1.394400000000000084e-01,-1.592000000000000012e-02,-1.070185609392189929e-01,3.000000000000000000e+00
1.535600000000000021e-01,-1.899999999999999953e-02,-1.188153083583646380e-01,3.000000000000000000e+00
1.535600000000000021e-01,-1.899999999999999953e-02,-1.188153083583646380e-01,3.000000000000000000e+00
1.551800000000000124e-01,-1.936999999999999833e-02,-1.201648578823119179e-01,3.000000000000000000e+00
1.639599999999999946e-01,-2.135000000000000092e-02,-1.283639572065449208e-01,3.000000000000000000e+00
1.789999999999999925e-01,-2.704000000000000153e-02,-1.442120968447746232e-01,3.000000000000000000e+00
1.789999999999999925e-01,-2.704000000000000153e-02,-1.442120968447746232e-01,3.000000000000000000e+00
1.924200000000000077e-01,-3.031000000000000014e-02,-1.573739764976885835e-01,3.000000000000000000e+00
1.934400000000000008e-01,-3.054000000000000117e-02,-1.583533439830259182e-01,3.000000000000000000e+00
2.055299999999999905e-01,-3.359000000000000180e-02,-1.655525182098957770e-01,3.000000000000000000e+00
2.214899999999999924e-01,-3.577000000000000318e-02,-1.737132432553512573e-01,3.000000000000000000e+00
2.214899999999999924e-01,-3.577000000000000318e-02,-1.737132432553512573e-01,3.000000000000000000e+00
2.386000000000000065e-01,-3.980999999999999817e-02,-1.871009729992861026e-01,3.000000000000000000e+00
2.421800000000000064e-01,-4.386000000000000315e-02,-1.943230335862292102e-01,3.000000000000000000e+00
2.421800000000000064e-01,-4.386000000000000315e-02,-1.943230335862292102e-01,3.000000000000000000e+00
2.554899999999999949e-01,-4.753999999999999893e-02,-2.091815167496642036e-01,3.000000000000000000e+00
2.624199999999999866e-01,-4.707000000000000073e-02,-2.109148712206397047e-01,3.000000000000000000e+00
2.624199999999999866e-01,-4.707000000000000073e-02,-2.109148712206397047e-01,3.000000000000000000e+00
2.731700000000000239e-01,-5.007999999999999952e-02,-2.182038796073208220e-01,3.000000000000000000e+00
2.858399999999999830e-01,-5.401000000000000245e-02,-2.314663845229795458e-01,3.000000000000000000e+00
2.858399999999999830e-01,-5.401000000000000245e-02,-2.314663845229795458e-01,3.000000000000000000e+00
3.022400000000000087e-01,-5.843999999999999889e-02,-2.442077078777335208e-01,3.000000000000000000e+00
3.134299999999999864e-01,-6.233999999999999958e-02,-2.562058798311466767e-01,3.000000000000000000e+00
3.271299999999999764e-01,-6.726000000000000034e-02,-2.708537071824956288e-01,3.000000000000000000e+00
3.271299999999999764e-01,-6.726000000000000034e-02,-2.708537071824956288e-01,3.000000000000000000e+00
3.295799999999999841e-01,-7.202000000000000068e-02,-2.827164838906991995e-01,3.000000000000000000e+00
3.430699999999999861e-01,-7.707999999999999574e-02,-2.952439597149665862e-01,3.000000000000000000e+00
3.430699999999999861e-01,-7.707999999999999574e-02,-2.952439597149665862e-01,3.000000000000000000e+00
3.500900000000000123e-01,-7.678999999999999715e-02,-2.974455626951387766e-01,3.000000000000000000e+00
3.636300000000000088e-01,-8.190000000000000058e-02,-3.027862440965244373e-01,3.000000000000000000e+00
3.643799999999999817e-01,-8.218999999999999917e-02,-3.030849691119050782e-01,3.000000000000000000e+00
3.720800000000000218e-01,-8.611000000000000598e-02,-3.125848165773877363e-01,3.000000000000000000e+00
3.854199999999999848e-01,-9.174999999999999822e-02,-3.204902092590341534e-01,3.000000000000000000e+00
3.862300000000000177e-01,-9.209000000000000519e-02,-3.209445671453354798e-01,3.000000000000000000e+00
3.936899999999999844e-01,-9.657000000000000306e-02,-3.313950682535147796e-01,3.000000000000000000e+00
3.980500000000000149e-01,-1.022399999999999975e-01,-3.420151076477547791e-01,3.000000000000000000e+00
4.124900000000000233e-01,-1.087299999999999933e-01,-3.519980619547968814e-01,3.000000000000000000e+00
4.124900000000000233e-01,-1.087299999999999933e-01,-3.519980619547968814e-01,3.000000000000000000e+00
4.186799999999999966e-01,-1.084100000000000064e-01,-3.532657424201396945e-01,3.000000000000000000e+00
4.284299999999999775e-01,-1.134099999999999969e-01,-3.640234983518098599e-01,3.000000000000000000e+00
4.284299999999999775e-01,-1.134099999999999969e-01,-3.640234983518098599e-01,3.000000000000000000e+00
4.401300000000000212e-01,-1.191299999999999998e-01,-3.755993570624338029e-01,3.000000000000000000e+00
4.503599999999999826e-01,-1.244600000000000012e-01,-3.856564087986579792e-01,3.000000000000000000e+00
4.503599999999999826e-01,-1.244600000000000012e-01,-3.856564087986579792e-01,3.000000000000000000e+00
4.644499999999999740e-01,-1.310499999999999998e-01,-3.983264569231416696e-01,3.000000000000000000e+00
4.743399999999999839e-01,-1.370399999999999952e-01,-4.102842068255949659e-01,3.000000000000000000e+00
4.748299999999999743e-01,-1.373499999999999999e-01,-4.108947155235361248e-01,3.000000000000000000e+00
4.807199999999999807e-01,-1.439900000000000069e-01,-4.217976905630271278e-01,3.000000000000000000e+00
4.913000000000000145e-01,-1.501699999999999979e-01,-4.358253186289406944e-01,3.000000000000000000e+00
4.913000000000000145e-01,-1.501699999999999979e-01,-4.358253186289406944e-01,3.000000000000000000e+00
5.033699999999999841e-01,-1.565999999999999892e-01,-4.467122363052490885e-01,3.000000000000000000e+00
5.042400000000000215e-01,-1.570699999999999874e-01,-4.474699781646465646e-01,3.000000000000000000e+00
5.153900000000000148e-01,-1.633900000000000075e-01,-4.577749242441870869e-01,3.000000000000000000e+00
5.244999999999999662e-01,-1.699499999999999900e-01,-4.698792941031335046e-01,3.000000000000000000e+00
5.244999999999999662e-01,-1.699499999999999900e-01,-4.698792941031335046e-01,3.000000000000000000e+00
5.325699999999999878e-01,-1.761099999999999888e-01,-4.784905400116971075e-01,3.000000000000000000e+00
5.331799999999999873e-01,-1.765899999999999970e-01,-4.791207407018264197e-01,3.000000000000000000e+00
5.451799999999999979e-01,-1.834199999999999997e-01,-4.872443123035434254e-01,3.000000000000000000e+00
5.556499999999999773e-01,-1.902699999999999947e-01,-4.959879811583134956e-01,3.000000000000000000e+00
5.556499999999999773e-01,-1.902699999999999947e-01,-4.959879811583134956e-01,3.000000000000000000e+00
5.651899999999999702e-01,-1.973900000000000099e-01,-5.063358188739967014e-01,3.000000000000000000e+00
5.651899999999999702e-01,-1.973900000000000099e-01,-5.063358188739967014e-01,3.000000000000000000e+00
5.777700000000000058e-01,-2.055899999999999950e-01,-5.164953053952003881e-01,3.000000000000000000e+00
5.893199999999999550e-01,-2.134699999999999931e-01,-5.277049841340009095e-01,3.000000000000000000e+00
5.893199999999999550e-01,-2.134699999999999931e-01,-5.277049841340009095e-01,3.000000000000000000e+00
5.961100000000000287e-01,-2.201500000000000123e-01,-5.378058411191242172e-01,3.000000000000000000e+00
5.965599999999999792e-01,-2.206200000000000105e-01,-5.385224568538355960e-01,3.000000000000000000e+00
6.042999999999999483e-01,-2.274100000000000010e-01,-5.486322167331497690e-01,3.000000000000000000e+00
6.190799999999999637e-01,-2.364100000000000090e-01,-5.596054922054273240e-01,3.000000000000000000e+00
6.190799999999999637e-01,-2.364100000000000090e-01,-5.596054922054273240e-01,3.000000000000000000e+00
6.280200000000000227e-01,-2.439900000000000124e-01,-5.707209986598213991e-01,3.000000000000000000e+00
6.280200000000000227e-01,-2.439900000000000124e-01,-5.707209986598213991e-01,3.000000000000000000e+00
6.429300000000000015e-01,-2.535299999999999776e-01,-5.816980203064919808e-01,3.000000000000000000e+00
6.478500000000000369e-01,-2.535499999999999976e-01,-5.839540440921677789e-01,3.000000000000000000e+00
6.478500000000000369e-01,-2.535499999999999976e-01,-5.839540440921677789e-01,3.000000000000000000e+00
6.641599999999999726e-01,-2.695299999999999918e-01,-6.057040338925097078e-01,3.000000000000000000e+00
6.696299999999999475e-01,-2.702600000000000002e-01,-6.086743444849256335e-01,3.000000000000000000e+00
6.696299999999999475e-01,-2.702600000000000002e-01,-6.086743444849256335e-01,3.000000000000000000e+00
6.804200000000000248e-01,-2.851299999999999946e-01,-6.299868385554024952e-01,3.000000000000000000e+00
6.804200000000000248e-01,-2.851299999999999946e-01,-6.299868385554024952e-01,3.000000000000000000e+00
6.909600000000000186e-01,-2.941799999999999971e-01,-6.432313175984158971e-01,3.000000000000000000e+00
6.917299999999999560e-01,-2.948100000000000165e-01,-6.441419448883481946e-01,3.000000000000000000e+00
6.957699999999999996e-01,-2.942699999999999760e-01,-6.444974571264240337e-01,3.000000000000000000e+00
7.110899999999999999e-01,-3.106300000000000172e-01,-6.632348066283931809e-01,3.000000000000000000e+00
7.110899999999999999e-01,-3.106300000000000172e-01,-6.632348066283931809e-01,3.000000000000000000e+00
7.175200000000000466e-01,-3.194799999999999862e-01,-6.728500143795795863e-01,3.000000000000000000e+00
7.179600000000000426e-01,-3.201200000000000156e-01,-6.735443732579530218e-01,3.000000000000000000e+00
7.288200000000000234e-01,-3.289000000000000257e-01,-6.840195285200895148e-01,3.000000000000000000e+00
7.332100000000000284e-01,-3.366299999999999848e-01,-6.905541681829127088e-01,3.000000000000000000e+00
7.332100000000000284e-01,-3.366299999999999848e-01,-6.905541681829127088e-01,3.000000000000000000e+00
7.438000000000000167e-01,-3.467199999999999727e-01,-7.059784192198160779e-01,3.000000000000000000e+00
7.447000000000000286e-01,-3.475500000000000256e-01,-7.072553339410255768e-01,3.000000000000000000e+00
8.528700000000000170e-01,-3.816399999999999793e-01,-7.522600127160964378e-01,3.000000000000000000e+00
7.670400000000000551e-01,-3.667099999999999804e-01,-7.332231935939923506e-01,3.000000000000000000e+00
7.670400000000000551e-01,-3.667099999999999804e-01,-7.332231935939923506e-01,3.000000000000000000e+00
7.677399999999999780e-01,-3.749600000000000155e-01,-7.410300368309292729e-01,3.000000000000000000e+00
7.677399999999999780e-01,-3.749600000000000155e-01,-7.410300368309292729e-01,3.000000000000000000e+00
7.711299999999999821e-01,-3.749199999999999755e-01,-7.426730039212782186e-01,3.000000000000000000e+00
7.871799999999999908e-01,-3.935899999999999954e-01,-7.606858375595981769e-01,3.000000000000000000e+00
7.871799999999999908e-01,-3.935899999999999954e-01,-7.606858375595981769e-01,3.000000000000000000e+00
7.934900000000000286e-01,-4.040599999999999747e-01,-7.741498360915367583e-01,3.000000000000000000e+00
7.938899999999999846e-01,-4.047899999999999832e-01,-7.751311020034524768e-01,3.000000000000000000e+00
7.967800000000000438e-01,-4.040599999999999747e-01,-7.760307627676501507e-01,3.000000000000000000e+00
8.060199999999999587e-01,-4.139900000000000246e-01,-7.870017639138844334e-01,3.000000000000000000e+00
8.060199999999999587e-01,-4.139900000000000246e-01,-7.870017639138844334e-01,3.000000000000000000e+00
8.158400000000000096e-01,-4.325700000000000101e-01,-8.124816433656214532e-01,3.000000000000000000e+00
8.166400000000000325e-01,-4.341200000000000059e-01,-8.145727275144605262e-01,3.000000000000000000e+00
8.237200000000000077e-01,-4.429699999999999749e-01,-8.201989443236316069e-01,3.000000000000000000e+00
8.317299999999999693e-01,-4.534400000000000097e-01,-8.339029232608268227e-01,3.000000000000000000e+00
8.317299999999999693e-01,-4.534400000000000097e-01,-8.339029232608268227e-01,3.000000000000000000e+00
8.402300000000000324e-01,-4.636899999999999911e-01,-8.433916274376787037e-01,3.000000000000000000e+00
8.402300000000000324e-01,-4.636899999999999911e-01,-8.433916274376787037e-01,3.000000000000000000e+00
8.450900000000000079e-01,-4.730599999999999805e-01,-8.561958010458158297e-01,3.000000000000000000e+00
8.548599999999999532e-01,-4.842899999999999983e-01,-8.638660333063158392e-01,3.000000000000000000e+00
8.548599999999999532e-01,-4.842899999999999983e-01,-8.638660333063158392e-01,3.000000000000000000e+00
8.610799999999999566e-01,-4.946099999999999941e-01,-8.753178956009864953e-01,3.000000000000000000e+00
8.610799999999999566e-01,-4.946099999999999941e-01,-8.753178956009864953e-01,3.000000000000000000e+00
8.667500000000000204e-01,-5.051999999999999824e-01,-8.867217201020850537e-01,3.000000000000000000e+00
8.743999999999999551e-01,-5.168700000000000516e-01,-8.996002688403872405e-01,3.000000000000000000e+00
8.743999999999999551e-01,-5.168700000000000516e-01,-8.996002688403872405e-01,3.000000000000000000e+00
8.793199999999999905e-01,-5.270700000000000385e-01,-9.110276363801947941e-01,3.000000000000000000e+00
8.793199999999999905e-01,-5.270700000000000385e-01,-9.110276363801947941e-01,3.000000000000000000e+00
8.889200000000000434e-01,-5.394499999999999851e-01,-9.196352527126983034e-01,3.000000000000000000e+00
8.965999999999999526e-01,-5.510300000000000198e-01,-9.320822703090937411e-01,3.000000000000000000e+00
8.965999999999999526e-01,-5.510300000000000198e-01,-9.320822703090937411e-01,3.000000000000000000e+00
9.020399999999999530e-01,-5.621500000000000385e-01,-9.445345365636725887e-01,3.000000000000000000e+00
9.020399999999999530e-01,-5.621500000000000385e-01,-9.445345365636725887e-01,3.000000000000000000e+00
9.109800000000000120e-01,-5.741699999999999582e-01,-9.562826075153481042e-01,3.000000000000000000e+00
9.206499999999999684e-01,-5.872800000000000242e-01,-9.672658297081763168e-01,3.000000000000000000e+00
9.206499999999999684e-01,-5.872800000000000242e-01,-9.672658297081763168e-01,3.000000000000000000e+00
9.256799999999999473e-01,-5.980199999999999960e-01,-9.795171667473050459e-01,3.000000000000000000e+00
9.260899999999999688e-01,-5.989400000000000279e-01,-9.805807819460991004e-01,3.000000000000000000e+00
9.308499999999999552e-01,-6.093899999999999872e-01,-9.899378685347260953e-01,3.000000000000000000e+00
9.389499999999999513e-01,-6.210299999999999709e-01,-1.002754262048974221e+00,3.000000000000000000e+00
9.389499999999999513e-01,-6.210299999999999709e-01,-1.002754262048974221e+00,3.000000000000000000e+00
9.419499999999999540e-01,-6.309200000000000363e-01,-1.012378731440539248e+00,3.000000000000000000e+00
9.421300000000000230e-01,-6.316300000000000248e-01,-1.013052653793381053e+00,3.000000000000000000e+00
9.484599999999999698e-01,-6.425800000000000400e-01,-1.022257064722858155e+00,3.000000000000000000e+00
9.540600000000000191e-01,-6.542099999999999582e-01,-1.033348258469686032e+00,3.000000000000000000e+00
9.540600000000000191e-01,-6.542099999999999582e-01,-1.033348258469686032e+00,3.000000000000000000e+00
9.631699999999999706e-01,-6.676900000000000057e-01,-1.045345256569469194e+00,3.000000000000000000e+00
9.638799999999999590e-01,-6.687100000000000266e-01,-1.046246895021712087e+00,3.000000000000000000e+00
9.638700000000000045e-01,-6.775799999999999601e-01,-1.055967733605521319e+00,3.000000000000000000e+00
9.714099999999999957e-01,-6.910300000000000331e-01,-1.068362410368689730e+00,3.000000000000000000e+00
9.714099999999999957e-01,-6.910300000000000331e-01,-1.068362410368689730e+00,3.000000000000000000e+00
9.736599999999999699e-01,-7.024799999999999933e-01,-1.081355591414074002e+00,3.000000000000000000e+00
9.737900000000000444e-01,-7.033199999999999452e-01,-1.082315578740392192e+00,3.000000000000000000e+00
9.808200000000000252e-01,-7.159499999999999753e-01,-1.093494052396189797e+00,3.000000000000000000e+00
9.859200000000000186e-01,-7.285700000000000509e-01,-1.105125872988737878e+00,3.000000000000000000e+00
9.859200000000000186e-01,-7.285700000000000509e-01,-1.105125872988737878e+00,3.000000000000000000e+00
9.870900000000000230e-01,-7.388299999999999867e-01,-1.113885371307475669e+00,3.000000000000000000e+00
9.871600000000000374e-01,-7.396700000000000497e-01,-1.114601603308422284e+00,3.000000000000000000e+00
9.917399999999999549e-01,-7.509900000000000464e-01,-1.124116456040710865e+00,3.000000000000000000e+00
9.921900000000000164e-01,-7.520999999999999908e-01,-1.125049067787914137e+00,3.000000000000000000e+00
9.928599999999999648e-01,-7.623199999999999976e-01,-1.137475037755763418e+00,3.000000000000000000e+00
9.971600000000000463e-01,-7.734499999999999709e-01,-1.150456251858441137e+00,3.000000000000000000e+00
9.971600000000000463e-01,-7.734499999999999709e-01,-1.150456251858441137e+00,3.000000000000000000e+00
9.975800000000000223e-01,-7.745699999999999807e-01,-1.151706385608458616e+00,3.000000000000000000e+00
1.002289999999999903e+00,-7.866600000000000259e-01,-1.161989456702219314e+00,3.000000000000000000e+00
1.005349999999999966e+00,-7.986600000000000366e-01,-1.176608377946126494e+00,3.000000000000000000e+00
1.009679999999999911e+00,-8.107199999999999962e-01,-1.188170167729538429e+00,3.000000000000000000e+00
1.009679999999999911e+00,-8.107199999999999962e-01,-1.188170167729538429e+00,3.000000000000000000e+00
1.010669999999999957e+00,-8.208999999999999631e-01,-1.197585281920197753e+00,3.000000000000000000e+00
1.010729999999999906e+00,-8.217499999999999805e-01,-1.198368972165222646e+00,3.000000000000000000e+00
1.017039999999999944e+00,-8.342500000000000471e-01,-1.207134085347352892e+00,3.000000000000000000e+00
1.017609999999999904e+00,-8.353899999999999659e-01,-1.207932131246053808e+00,3.000000000000000000e+00
1.019419999999999993e+00,-8.465899999999999537e-01,-1.218667248922066237e+00,3.000000000000000000e+00
1.022080000000000100e+00,-8.585599999999999898e-01,-1.229771454204460879e+00,3.000000000000000000e+00
1.022080000000000100e+00,-8.585599999999999898e-01,-1.229771454204460879e+00,3.000000000000000000e+00
1.028250000000000108e+00,-8.733699999999999797e-01,-1.243690463377936872e+00,3.000000000000000000e+00
1.028250000000000108e+00,-8.733699999999999797e-01,-1.243690463377936872e+00,3.000000000000000000e+00
1.025630000000000042e+00,-8.833600000000000341e-01,-1.253101637113200661e+00,3.000000000000000000e+00
1.031190000000000051e+00,-8.981799999999999784e-01,-1.267841435785363124e+00,3.000000000000000000e+00
1.031190000000000051e+00,-8.981799999999999784e-01,-1.267841435785363124e+00,3.000000000000000000e+00
1.033090000000000064e+00,-9.108699999999999575e-01,-1.279646990528990225e+00,3.000000000000000000e+00
1.033090000000000064e+00,-9.108699999999999575e-01,-1.279646990528990225e+00,3.000000000000000000e+00
1.033220000000000027e+00,-9.120300000000000074e-01,-1.280709094894166400e+00,3.000000000000000000e+00
1.036119999999999930e+00,-9.261800000000000033e-01,-1.289003233642867396e+00,3.000000000000000000e+00
1.042210000000000081e+00,-9.400399999999999867e-01,-1.299930703885773919e+00,3.000000000000000000e+00
1.040450000000000097e+00,-9.511399999999999855e-01,-1.310608984150148704e+00,3.000000000000000000e+00
1.040450000000000097e+00,-9.511399999999999855e-01,-1.310608984150148704e+00,3.000000000000000000e+00
1.037700000000000067e+00,-9.616000000000000103e-01,-1.322973269134383845e+00,3.000000000000000000e+00
1.037700000000000067e+00,-9.616000000000000103e-01,-1.322973269134383845e+00,3.000000000000000000e+00
1.037700000000000067e+00,-9.616000000000000103e-01,-1.322973269134383845e+00,3.000000000000000000e+00
1.037700000000000067e+00,-9.616000000000000103e-01,-1.322973269134383845e+00,3.000000000000000000e+00
1.044030000000000014e+00,-9.895000000000000462e-01,-1.348408368219844222e+00,3.000000000000000000e+00
1.044030000000000014e+00,-9.895000000000000462e-01,-1.348408368219844222e+00,3.000000000000000000e+00
1.041299999999999892e+00,-9.987700000000000466e-01,-1.363219171435493315e+00,3.000000000000000000e+00
1.043959999999999999e+00,-1.009970000000000034e+00,-1.370336905550678885e+00,3.000000000000000000e+00
1.043959999999999999e+00,-1.009970000000000034e+00,-1.370336905550678885e+00,3.000000000000000000e+00
1.045800000000000063e+00,-1.022650000000000059e+00,-1.378324015596266827e+00,3.000000000000000000e+00
1.045949999999999935e+00,-1.023800000000000043e+00,-1.379055772721197615e+00,3.000000000000000000e+00
1.046489999999999920e+00,-1.027660000000000018e+00,-1.384454091842057588e+00,3.000000000000000000e+00
1.045290000000000052e+00,-1.030040000000000067e+00,-1.386190299494435951e+00,3.000000000000000000e+00
1.045290000000000052e+00,-1.030040000000000067e+00,-1.386190299494435951e+00,3.000000000000000000e+00
1.047369999999999912e+00,-1.033109999999999973e+00,-1.385500574505605487e+00,3.000000000000000000e+00
1.047369999999999912e+00,-1.033109999999999973e+00,-1.385500574505605487e+00,3.000000000000000000e+00
1.047409999999999952e+00,-1.033649999999999958e+00,-1.385505293082222922e+00,3.000000000000000000e+00
1.047409999999999952e+00,-1.033649999999999958e+00,-1.385505293082222922e+00,3.000000000000000000e+00
1.044750000000000068e+00,-1.030960000000000099e+00,-1.386010153680756751e+00,3.000000000000000000e+00
1.044440000000000035e+00,-1.030640000000000001e+00,-1.386069372930470944e+00,3.000000000000000000e+00
1.044259999999999966e+00,-1.029919999999999947e+00,-1.386567976353278109e+00,3.000000000000000000e+00
1.044280000000000097e+00,-1.030270000000000019e+00,-1.386812323082690313e+00,3.000000000000000000e+00
1.044280000000000097e+00,-1.030270000000000019e+00,-1.386812323082690313e+00,3.000000000000000000e+00
1.046799999999999953e+00,-1.032249999999999890e+00,-1.388751393270126311e+00,3.000000000000000000e+00
1.046799999999999953e+00,-1.032249999999999890e+00,-1.388751393270126311e+00,3.000000000000000000e+00
1.043709999999999916e+00,-1.030259999999999954e+00,-1.386626526262353609e+00,3.000000000000000000e+00
1.043360000000000065e+00,-1.030030000000000001e+00,-1.386384252670383788e+00,3.000000000000000000e+00
1.044189999999999952e+00,-1.030280000000000085e+00,-1.386785252343920138e+00,3.000000000000000000e+00
1.043639999999999901e+00,-1.029870000000000063e+00,-1.386320075581042977e+00,3.000000000000000000e+00
1.043639999999999901e+00,-1.029870000000000063e+00,-1.386320075581042977e+00,3.000000000000000000e+00
1.043579999999999952e+00,-1.029830000000000023e+00,-1.386269317691138925e+00,3.000000000000000000e+00
1.044059999999999988e+00,-1.030340000000000034e+00,-1.386712773987666569e+00,3.000000000000000000e+00
1.044210000000000083e+00,-1.030540000000000012e+00,-1.386902197485684107e+00,3.000000000000000000e+00
1.044210000000000083e+00,-1.030540000000000012e+00,-1.386902197485684107e+00,3.000000000000000000e+00
1.043430000000000080e+00,-1.030080000000000107e+00,-1.386430807332916793e+00,3.000000000000000000e+00
1.043430000000000080e+00,-1.030080000000000107e+00,-1.386430807332916793e+00,3.000000000000000000e+00
1.047269999999999923e+00,-1.032450000000000090e+00,-1.385290960355003653e+00,3.000000000000000000e+00
1.044599999999999973e+00,-1.030529999999999946e+00,-1.386676989397175985e+00,3.000000000000000000e+00
1.044599999999999973e+00,-1.030529999999999946e+00,-1.386676989397175985e+00,3.000000000000000000e+00
1.046580000000000066e+00,-1.032059999999999977e+00,-1.384815616081544798e+00,3.000000000000000000e+00
1.046580000000000066e+00,-1.032059999999999977e+00,-1.384815616081544798e+00,3.000000000000000000e+00
1.044450000000000101e+00,-1.030710000000000015e+00,-1.386706597153652298e+00,3.000000000000000000e+00
1.044450000000000101e+00,-1.030710000000000015e+00,-1.386706597153652298e+00,3.000000000000000000e+00
1.044450000000000101e+00,-1.030710000000000015e+00,-1.386706597153652298e+00,3.000000000000000000e+00
1.044370000000000021e+00,-1.030419999999999892e+00,-1.385998591326200291e+00,3.000000000000000000e+00
1.046329999999999982e+00,-1.031800000000000050e+00,-1.388208594956311881e+00,3.000000000000000000e+00
1.046780000000000044e+00,-1.032200000000000006e+00,-1.384949172544450269e+00,3.000000000000000000e+00
1.046780000000000044e+00,-1.032200000000000006e+00,-1.384949172544450269e+00,3.000000000000000000e+00
1.041029999999999900e+00,-1.028559999999999919e+00,-1.384324690833044436e+00,3.000000000000000000e+00
1.041029999999999900e+00,-1.028559999999999919e+00,-1.384324690833044436e+00,3.000000000000000000e+00
1.043870000000000076e+00,-1.030329999999999968e+00,-1.386671063900611900e+00,3.000000000000000000e+00
-1.000000000000000048e-04,-1.000000000000000082e-05,0.000000000000000000e+00,3.000000000000000000e+00
-1.289999999999999914e-03,1.200000000000000030e-04,-3.287765597939876650e-04,3.000000000000000000e+00
-3.899999999999999929e-04,1.600000000000000131e-04,1.895936594424455814e-05,3.000000000000000000e+00
-3.899999999999999929e-04,1.600000000000000131e-04,1.895936594424455814e-05,3.000000000000000000e+00
-2.999999999999999737e-04,1.600000000000000131e-04,4.806268818845411440e-05,3.000000000000000000e+00
-2.999999999999999737e-04,1.600000000000000131e-04,4.806268818845411440e-05,3.000000000000000000e+00
-1.800000000000000113e-04,-3.000000000000000076e-05,1.603925997085942860e-05,3.000000000000000000e+00
-2.799999999999999755e-04,-6.000000000000000152e-05,1.843681490824847571e-03,3.000000000000000000e+00
-2.799999999999999755e-04,-6.000000000000000152e-05,1.843681490824847571e-03,3.000000000000000000e+00
7.200000000000000453e-04,-1.000000000000000048e-04,3.713331048826695562e-04,3.000000000000000000e+00
7.200000000000000453e-04,-1.000000000000000048e-04,3.713331048826695562e-04,3.000000000000000000e+00
9.300000000000000541e-04,-9.000000000000000567e-05,2.202524191548375118e-04,3.000000000000000000e+00
9.300000000000000541e-04,-9.000000000000000567e-05,2.202524191548375118e-04,3.000000000000000000e+00
-1.000000000000000048e-04,9.000000000000000567e-05,1.657383395418124579e-03,3.000000000000000000e+00
-1.700000000000000122e-04,1.000000000000000048e-04,1.762921916956523491e-03,3.000000000000000000e+00
2.850000000000000103e-03,-4.000000000000000192e-04,-2.761718802066423940e-03,3.000000000000000000e+00
6.870000000000000238e-03,-5.199999999999999544e-04,-7.455824208800525266e-03,3.000000000000000000e+00
6.870000000000000238e-03,-5.199999999999999544e-04,-7.455824208800525266e-03,3.000000000000000000e+00
1.493000000000000056e-02,-1.379999999999999933e-03,-7.905859447201679657e-03,3.000000000000000000e+00
1.562000000000000020e-02,-1.449999999999999900e-03,-7.919255935421386228e-03,3.000000000000000000e+00
1.944999999999999854e-02,-1.639999999999999965e-03,-1.488157393480455878e-02,3.000000000000000000e+00
2.668999999999999845e-02,-2.309999999999999987e-03,-1.942969721642030106e-02,3.000000000000000000e+00
2.668999999999999845e-02,-2.309999999999999987e-03,-1.942969721642030106e-02,3.000000000000000000e+00
2.668999999999999845e-02,-2.309999999999999987e-03,-1.942969721642030106e-02,3.000000000000000000e+00
2.735999999999999890e-02,-2.380000000000000171e-03,-1.981330971090450657e-02,3.000000000000000000e+00
2.735999999999999890e-02,-2.380000000000000171e-03,-1.981330971090450657e-02,3.000000000000000000e+00
2.735999999999999890e-02,-2.380000000000000171e-03,-1.981330971090450657e-02,3.000000000000000000e+00
5.176000000000000045e-02,-3.380000000000000192e-03,-3.521475109537072767e-02,3.000000000000000000e+00
5.176000000000000045e-02,-3.380000000000000192e-03,-3.521475109537072767e-02,3.000000000000000000e+00
7.639999999999999569e-02,-6.740000000000000331e-03,-4.776815447982081519e-02,3.000000000000000000e+00
7.742999999999999883e-02,-6.870000000000000238e-03,-4.812402096926086253e-02,3.000000000000000000e+00
8.347000000000000253e-02,-7.910000000000000364e-03,-5.905404457689625991e-02,3.000000000000000000e+00
8.393000000000000460e-02,-7.990000000000000574e-03,-5.986489210383131448e-02,3.000000000000000000e+00
9.764000000000000457e-02,-9.950000000000000511e-03,-6.610455049202616784e-02,3.000000000000000000e+00
1.067499999999999977e-01,-1.161000000000000053e-02,-7.442848605353735714e-02,3.000000000000000000e+00
1.067499999999999977e-01,-1.161000000000000053e-02,-7.442848605353735714e-02,3.000000000000000000e+00
1.073599999999999971e-01,-1.171999999999999952e-02,-7.502534659720601351e-02,3.000000000000000000e+00
1.233000000000000068e-01,-1.397999999999999937e-02,-8.287625768216097533e-02,3.000000000000000000e+00
1.233000000000000068e-01,-1.397999999999999937e-02,-8.287625768216097533e-02,3.000000000000000000e+00
1.458899999999999919e-01,-1.816999999999999865e-02,-1.044778603562992320e-01,3.000000000000000000e+00
1.466899999999999871e-01,-1.831999999999999948e-02,-1.051283638544683041e-01,3.000000000000000000e+00
1.566800000000000137e-01,-2.052000000000000005e-02,-1.150113534085786399e-01,3.000000000000000000e+00
1.566800000000000137e-01,-2.052000000000000005e-02,-1.150113534085786399e-01,3.000000000000000000e+00
1.574000000000000121e-01,-2.068000000000000047e-02,-1.157227847074424193e-01,3.000000000000000000e+00
1.718300000000000105e-01,-2.342999999999999944e-02,-1.253430774615771348e-01,3.000000000000000000e+00
1.718300000000000105e-01,-2.342999999999999944e-02,-1.253430774615771348e-01,3.000000000000000000e+00
1.947299999999999864e-01,-2.806000000000000161e-02,-1.451304659061816438e-01,3.000000000000000000e+00
1.947299999999999864e-01,-2.806000000000000161e-02,-1.451304659061816438e-01,3.000000000000000000e+00
1.947299999999999864e-01,-2.806000000000000161e-02,-1.451304659061816438e-01,3.000000000000000000e+00
1.947299999999999864e-01,-2.806000000000000161e-02,-1.451304659061816438e-01,3.000000000000000000e+00
1.947299999999999864e-01,-2.806000000000000161e-02,-1.451304659061816438e-01,3.000000000000000000e+00
1.947299999999999864e-01,-2.806000000000000161e-02,-1.451304659061816438e-01,3.000000000000000000e+00
1.947299999999999864e-01,-2.806000000000000161e-02,-1.451304659061816438e-01,3.000000000000000000e+00
1.955500000000000016e-01,-2.824000000000000121e-02,-1.458633457737529004e-01,3.000000000000000000e+00
1.955500000000000016e-01,-2.824000000000000121e-02,-1.458633457737529004e-01,3.000000000000000000e+00
2.481700000000000017e-01,-3.973999999999999755e-02,-1.809204973216547718e-01,3.000000000000000000e+00
2.717499999999999916e-01,-4.703999999999999848e-02,-2.032760872508614092e-01,3.000000000000000000e+00
2.841099999999999737e-01,-5.084999999999999937e-02,-2.171664277190670789e-01,3.000000000000000000e+00
2.841099999999999737e-01,-5.084999999999999937e-02,-2.171664277190670789e-01,3.000000000000000000e+00
2.972799999999999887e-01,-5.492999999999999966e-02,-2.267148875474108427e-01,3.000000000000000000e+00
2.972799999999999887e-01,-5.492999999999999966e-02,-2.267148875474108427e-01,3.000000000000000000e+00
3.098699999999999788e-01,-5.934999999999999998e-02,-2.390933657154297454e-01,3.000000000000000000e+00
3.108699999999999797e-01,-5.970999999999999919e-02,-2.400942427443904514e-01,3.000000000000000000e+00
3.224500000000000144e-01,-6.383999999999999397e-02,-2.502058011491023470e-01,3.000000000000000000e+00
3.342800000000000216e-01,-6.862999999999999656e-02,-2.631248979694021384e-01,3.000000000000000000e+00
3.342800000000000216e-01,-6.862999999999999656e-02,-2.631248979694021384e-01,3.000000000000000000e+00
3.453600000000000003e-01,-7.327999999999999792e-02,-2.749546790246093497e-01,3.000000000000000000e+00
3.460900000000000087e-01,-7.359999999999999876e-02,-2.757199271739132485e-01,3.000000000000000000e+00
3.566300000000000026e-01,-7.775999999999999579e-02,-2.899831320804381884e-01,3.000000000000000000e+00
3.694000000000000061e-01,-8.301999999999999658e-02,-2.984307946750169860e-01,3.000000000000000000e+00
3.694000000000000061e-01,-8.301999999999999658e-02,-2.984307946750169860e-01,3.000000000000000000e+00
3.827699999999999991e-01,-8.830999999999999961e-02,-3.060230874881864627e-01,3.000000000000000000e+00
3.838799999999999990e-01,-8.874999999999999556e-02,-3.066495570716431529e-01,3.000000000000000000e+00
3.911100000000000132e-01,-9.266000000000000625e-02,-3.170412181316821232e-01,3.000000000000000000e+00
4.015000000000000235e-01,-9.690999999999999615e-02,-3.266401525479192269e-01,3.000000000000000000e+00
4.015000000000000235e-01,-9.690999999999999615e-02,-3.266401525479192269e-01,3.000000000000000000e+00
4.145800000000000041e-01,-1.021500000000000047e-01,-3.348226135554008276e-01,3.000000000000000000e+00
4.145800000000000041e-01,-1.021500000000000047e-01,-3.348226135554008276e-01,3.000000000000000000e+00
4.145800000000000041e-01,-1.021500000000000047e-01,-3.348226135554008276e-01,3.000000000000000000e+00
4.412300000000000111e-01,-1.133900000000000047e-01,-3.590755729363713789e-01,3.000000000000000000e+00
4.412300000000000111e-01,-1.133900000000000047e-01,-3.590755729363713789e-01,3.000000000000000000e+00
4.515600000000000169e-01,-1.191099999999999937e-01,-3.695480336282742639e-01,3.000000000000000000e+00
4.620900000000000007e-01,-1.250900000000000067e-01,-3.835385928336897954e-01,3.000000000000000000e+00
4.620900000000000007e-01,-1.250900000000000067e-01,-3.835385928336897954e-01,3.000000000000000000e+00
4.763100000000000112e-01,-1.319400000000000017e-01,-3.968728513421775350e-01,3.000000000000000000e+00
4.763100000000000112e-01,-1.319400000000000017e-01,-3.968728513421775350e-01,3.000000000000000000e+00
4.894700000000000162e-01,-1.384100000000000052e-01,-4.062942085885549170e-01,3.000000000000000000e+00
4.904600000000000071e-01,-1.389100000000000057e-01,-4.069885357197466913e-01,3.000000000000000000e+00
4.986200000000000077e-01,-1.446399999999999908e-01,-4.184064759186504334e-01,3.000000000000000000e+00
5.095300000000000384e-01,-1.514900000000000135e-01,-4.316772548075075155e-01,3.000000000000000000e+00
5.095300000000000384e-01,-1.514900000000000135e-01,-4.316772548075075155e-01,3.000000000000000000e+00
5.215300000000000491e-01,-1.585000000000000020e-01,-4.430608993007833507e-01,3.000000000000000000e+00
5.224699999999999900e-01,-1.590399999999999869e-01,-4.439271051000446278e-01,3.000000000000000000e+00
5.314900000000000180e-01,-1.652399999999999980e-01,-4.536544870516757144e-01,3.000000000000000000e+00
5.426800000000000512e-01,-1.718300000000000105e-01,-4.649364296878407687e-01,3.000000000000000000e+00
5.426800000000000512e-01,-1.718300000000000105e-01,-4.649364296878407687e-01,3.000000000000000000e+00
5.426800000000000512e-01,-1.718300000000000105e-01,-4.649364296878407687e-01,3.000000000000000000e+00
5.435900000000000176e-01,-1.723699999999999954e-01,-4.658576196259107682e-01,3.000000000000000000e+00
5.599600000000000133e-01,-1.843299999999999939e-01,-4.857368934281132145e-01,3.000000000000000000e+00
5.756700000000000150e-01,-1.929099999999999981e-01,-4.973343922415494056e-01,3.000000000000000000e+00
5.756700000000000150e-01,-1.929099999999999981e-01,-4.973343922415494056e-01,3.000000000000000000e+00
5.767299999999999649e-01,-1.934800000000000131e-01,-4.980523192272178767e-01,3.000000000000000000e+00
5.767299999999999649e-01,-1.934800000000000131e-01,-4.980523192272178767e-01,3.000000000000000000e+00
5.767299999999999649e-01,-1.934800000000000131e-01,-4.980523192272178767e-01,3.000000000000000000e+00
6.074100000000000055e-01,-2.134500000000000008e-01,-5.273008420037946786e-01,3.000000000000000000e+00
6.074100000000000055e-01,-2.134500000000000008e-01,-5.273008420037946786e-01,3.000000000000000000e+00
6.158599999999999630e-01,-2.207800000000000040e-01,-5.389582355892850174e-01,3.000000000000000000e+00
6.158599999999999630e-01,-2.207800000000000040e-01,-5.389582355892850174e-01,3.000000000000000000e+00
6.318300000000000027e-01,-2.372700000000000087e-01,-5.622961135403845567e-01,3.000000000000000000e+00
6.318300000000000027e-01,-2.372700000000000087e-01,-5.622961135403845567e-01,3.000000000000000000e+00
6.429300000000000015e-01,-2.459899999999999864e-01,-5.751667776608740956e-01,3.000000000000000000e+00
6.441200000000000259e-01,-2.468799999999999883e-01,-5.764971304767665394e-01,3.000000000000000000e+00
6.593599999999999461e-01,-2.540100000000000136e-01,-5.871034526261138531e-01,3.000000000000000000e+00
6.606199999999999850e-01,-2.546300000000000230e-01,-5.879785544065235792e-01,3.000000000000000000e+00
6.695999999999999730e-01,-2.625399999999999956e-01,-6.003145452170854934e-01,3.000000000000000000e+00
6.805499999999999883e-01,-2.717600000000000016e-01,-6.109875392673156380e-01,3.000000000000000000e+00
6.805499999999999883e-01,-2.717600000000000016e-01,-6.109875392673156380e-01,3.000000000000000000e+00
6.849699999999999678e-01,-2.798200000000000132e-01,-6.271437381611429940e-01,3.000000000000000000e+00
6.961000000000000520e-01,-2.890300000000000091e-01,-6.386328758409740569e-01,3.000000000000000000e+00
6.961000000000000520e-01,-2.890300000000000091e-01,-6.386328758409740569e-01,3.000000000000000000e+00
7.061300000000000354e-01,-2.977199999999999847e-01,-6.514623312694753920e-01,3.000000000000000000e+00
7.061300000000000354e-01,-2.977199999999999847e-01,-6.514623312694753920e-01,3.000000000000000000e+00
7.114500000000000268e-01,-3.054100000000000148e-01,-6.610392037755988826e-01,3.000000000000000000e+00
7.118700000000000028e-01,-3.060599999999999987e-01,-6.618222974424027294e-01,3.000000000000000000e+00
7.259600000000000497e-01,-3.154899999999999927e-01,-6.714440300320455579e-01,3.000000000000000000e+00
7.331299999999999484e-01,-3.236600000000000033e-01,-6.834359203828231921e-01,3.000000000000000000e+00
7.331299999999999484e-01,-3.236600000000000033e-01,-6.834359203828231921e-01,3.000000000000000000e+00
7.428799999999999848e-01,-3.327999999999999847e-01,-6.921934397069493539e-01,3.000000000000000000e+00
7.428799999999999848e-01,-3.327999999999999847e-01,-6.921934397069493539e-01,3.000000000000000000e+00
7.437099999999999822e-01,-3.335699999999999776e-01,-6.928938331642596760e-01,3.000000000000000000e+00
7.532799999999999496e-01,-3.422499999999999987e-01,-7.036530464716080902e-01,3.000000000000000000e+00
7.598200000000000509e-01,-3.506799999999999917e-01,-7.159596721243242090e-01,3.000000000000000000e+00
7.702400000000000357e-01,-3.604200000000000181e-01,-7.280737377070083394e-01,3.000000000000000000e+00
7.702400000000000357e-01,-3.604200000000000181e-01,-7.280737377070083394e-01,3.000000000000000000e+00
7.747800000000000242e-01,-3.689700000000000202e-01,-7.382199304838238385e-01,3.000000000000000000e+00
7.747800000000000242e-01,-3.689700000000000202e-01,-7.382199304838238385e-01,3.000000000000000000e+00
7.747800000000000242e-01,-3.689700000000000202e-01,-7.382199304838238385e-01,3.000000000000000000e+00
7.917699999999999738e-01,-3.881600000000000050e-01,-7.616577525550763950e-01,3.000000000000000000e+00
7.917699999999999738e-01,-3.881600000000000050e-01,-7.616577525550763950e-01,3.000000000000000000e+00
8.031399999999999650e-01,-3.990000000000000213e-01,-7.715099964517403430e-01,3.000000000000000000e+00
8.041800000000000059e-01,-3.999800000000000022e-01,-7.723911302115921140e-01,3.000000000000000000e+00
8.080600000000000005e-01,-4.084400000000000253e-01,-7.845421608471753183e-01,3.000000000000000000e+00
8.146900000000000253e-01,-4.183200000000000252e-01,-7.987426459702837711e-01,3.000000000000000000e+00
8.146900000000000253e-01,-4.183200000000000252e-01,-7.987426459702837711e-01,3.000000000000000000e+00
8.225700000000000234e-01,-4.288399999999999990e-01,-8.116589306947463722e-01,3.000000000000000000e+00
8.233500000000000263e-01,-4.298899999999999944e-01,-8.129227349767040867e-01,3.000000000000000000e+00
8.282699999999999507e-01,-4.391599999999999948e-01,-8.239832305500669474e-01,3.000000000000000000e+00
8.370999999999999552e-01,-4.498199999999999976e-01,-8.329526911021084556e-01,3.000000000000000000e+00
8.370999999999999552e-01,-4.498199999999999976e-01,-8.329526911021084556e-01,3.000000000000000000e+00
8.426900000000000501e-01,-4.595099999999999740e-01,-8.443188761483407800e-01,3.000000000000000000e+00
8.426900000000000501e-01,-4.595099999999999740e-01,-8.443188761483407800e-01,3.000000000000000000e+00
8.517299999999999871e-01,-4.701600000000000223e-01,-8.568276203971153526e-01,3.000000000000000000e+00
8.609400000000000386e-01,-4.810400000000000231e-01,-8.653215131068376920e-01,3.000000000000000000e+00
8.609400000000000386e-01,-4.810400000000000231e-01,-8.653215131068376920e-01,3.000000000000000000e+00
8.686199999999999477e-01,-4.920300000000000229e-01,-8.745059072945754464e-01,3.000000000000000000e+00
8.686199999999999477e-01,-4.920300000000000229e-01,-8.745059072945754464e-01,3.000000000000000000e+00
8.768500000000000183e-01,-5.033600000000000296e-01,-8.875597716309505669e-01,3.000000000000000000e+00
8.775300000000000322e-01,-5.043100000000000360e-01,-8.886532434999996344e-01,3.000000000000000000e+00
8.819700000000000317e-01,-5.133600000000000385e-01,-8.995344834981867654e-01,3.000000000000000000e+00
8.869899999999999451e-01,-5.238500000000000378e-01,-9.146404571545758699e-01,3.000000000000000000e+00
8.869899999999999451e-01,-5.238500000000000378e-01,-9.146404571545758699e-01,3.000000000000000000e+00
8.938700000000000534e-01,-5.349800000000000111e-01,-9.249486090676052319e-01,3.000000000000000000e+00
8.944499999999999673e-01,-5.359099999999999975e-01,-9.257686641658720017e-01,3.000000000000000000e+00
9.062500000000000000e-01,-5.481399999999999606e-01,-9.378615803583773003e-01,3.000000000000000000e+00
9.160899999999999599e-01,-5.605499999999999927e-01,-9.471227588657977758e-01,3.000000000000000000e+00
9.160899999999999599e-01,-5.605499999999999927e-01,-9.471227588657977758e-01,3.000000000000000000e+00
9.199399999999999800e-01,-5.711100000000000065e-01,-9.592021790493761024e-01,3.000000000000000000e+00
9.199399999999999800e-01,-5.711100000000000065e-01,-9.592021790493761024e-01,3.000000000000000000e+00
9.283400000000000540e-01,-5.943800000000000194e-01,-9.837941742436331349e-01,3.000000000000000000e+00
9.421800000000000175e-01,-6.101900000000000102e-01,-9.961383392026738059e-01,3.000000000000000000e+00
9.421800000000000175e-01,-6.101900000000000102e-01,-9.961383392026738059e-01,3.000000000000000000e+00
9.433899999999999508e-01,-6.114800000000000235e-01,-9.971020067580750323e-01,3.000000000000000000e+00
9.457799999999999541e-01,-6.212900000000000089e-01,-1.009145265050603202e+00,3.000000000000000000e+00
9.454599999999999671e-01,-6.306000000000000494e-01,-1.019779709082328178e+00,3.000000000000000000e+00
9.454099999999999726e-01,-6.313999999999999613e-01,-1.020683459846436936e+00,3.000000000000000000e+00
9.524399999999999533e-01,-6.430099999999999705e-01,-1.031951171343692186e+00,3.000000000000000000e+00
9.532000000000000473e-01,-6.442900000000000293e-01,-1.033180948985671144e+00,3.000000000000000000e+00
9.576900000000000412e-01,-6.551299999999999901e-01,-1.042691922329335386e+00,3.000000000000000000e+00
9.644800000000000040e-01,-6.669899999999999718e-01,-1.053319984423402023e+00,3.000000000000000000e+00
9.644800000000000040e-01,-6.669899999999999718e-01,-1.053319984423402023e+00,3.000000000000000000e+00
9.671899999999999942e-01,-6.776499999999999746e-01,-1.062493497464311876e+00,3.000000000000000000e+00
9.674000000000000377e-01,-6.785999999999999810e-01,-1.063305814225055324e+00,3.000000000000000000e+00
9.748499999999999943e-01,-6.909199999999999786e-01,-1.075443097186158159e+00,3.000000000000000000e+00
9.771100000000000341e-01,-7.019999999999999574e-01,-1.087972673040013216e+00,3.000000000000000000e+00
9.771100000000000341e-01,-7.019999999999999574e-01,-1.087972673040013216e+00,3.000000000000000000e+00
9.841800000000000548e-01,-7.152699999999999614e-01,-1.100662720556630392e+00,3.000000000000000000e+00
9.841800000000000548e-01,-7.152699999999999614e-01,-1.100662720556630392e+00,3.000000000000000000e+00
9.848299999999999832e-01,-7.164199999999999458e-01,-1.101744694867724972e+00,3.000000000000000000e+00
9.939299999999999802e-01,-7.397399999999999531e-01,-1.125193738875780669e+00,3.000000000000000000e+00
9.939299999999999802e-01,-7.397399999999999531e-01,-1.125193738875780669e+00,3.000000000000000000e+00
9.959000000000000075e-01,-7.506199999999999539e-01,-1.134989772295449839e+00,3.000000000000000000e+00
9.959000000000000075e-01,-7.506199999999999539e-01,-1.134989772295449839e+00,3.000000000000000000e+00
9.959000000000000075e-01,-7.506199999999999539e-01,-1.134989772295449839e+00,3.000000000000000000e+00
9.959000000000000075e-01,-7.506199999999999539e-01,-1.134989772295449839e+00,3.000000000000000000e+00
1.003500000000000059e+00,-7.746399999999999952e-01,-1.163410351784980312e+00,3.000000000000000000e+00
1.007609999999999895e+00,-7.885199999999999987e-01,-1.171272218726587377e+00,3.000000000000000000e+00
1.007609999999999895e+00,-7.885199999999999987e-01,-1.171272218726587377e+00,3.000000000000000000e+00
1.007609999999999895e+00,-7.885199999999999987e-01,-1.171272218726587377e+00,3.000000000000000000e+00
1.007929999999999993e+00,-7.896800000000000486e-01,-1.171869788877432095e+00,3.000000000000000000e+00
1.015470000000000095e+00,-8.138999999999999568e-01,-1.202273567415407252e+00,3.000000000000000000e+00
1.016469999999999985e+00,-8.254500000000000171e-01,-1.213556950762523678e+00,3.000000000000000000e+00
1.016469999999999985e+00,-8.254500000000000171e-01,-1.213556950762523678e+00,3.000000000000000000e+00
1.019169999999999909e+00,-8.381699999999999706e-01,-1.224810273865283516e+00,3.000000000000000000e+00
1.019390000000000018e+00,-8.391699999999999715e-01,-1.225683309225330975e+00,3.000000000000000000e+00
1.023320000000000007e+00,-8.516799999999999926e-01,-1.235007550094293194e+00,3.000000000000000000e+00
1.024710000000000010e+00,-8.634100000000000108e-01,-1.245180386764656477e+00,3.000000000000000000e+00
1.024710000000000010e+00,-8.634100000000000108e-01,-1.245180386764656477e+00,3.000000000000000000e+00
1.029220000000000024e+00,-8.768799999999999928e-01,-1.255639784370642831e+00,3.000000000000000000e+00
1.029579999999999940e+00,-8.779200000000000337e-01,-1.256439224256807430e+00,3.000000000000000000e+00
1.030040000000000067e+00,-8.888000000000000345e-01,-1.266609485828809056e+00,3.000000000000000000e+00
1.032669999999999977e+00,-9.019200000000000550e-01,-1.280199170915526041e+00,3.000000000000000000e+00
1.032669999999999977e+00,-9.019200000000000550e-01,-1.280199170915526041e+00,3.000000000000000000e+00
1.032839999999999980e+00,-9.142299999999999871e-01,-1.292590021190050953e+00,3.000000000000000000e+00
1.034040000000000070e+00,-9.265900000000000247e-01,-1.304593631913417262e+00,3.000000000000000000e+00
1.034040000000000070e+00,-9.265900000000000247e-01,-1.304593631913417262e+00,3.000000000000000000e+00
1.034040000000000070e+00,-9.265900000000000247e-01,-1.304593631913417262e+00,3.000000000000000000e+00
1.034040000000000070e+00,-9.265900000000000247e-01,-1.304593631913417262e+00,3.000000000000000000e+00
1.034149999999999903e+00,-9.276999999999999691e-01,-1.305661638736860697e+00,3.000000000000000000e+00
1.042440000000000033e+00,-9.669699999999999962e-01,-1.339608176412105722e+00,3.000000000000000000e+00
1.042440000000000033e+00,-9.669699999999999962e-01,-1.339608176412105722e+00,3.000000000000000000e+00
1.040259999999999962e+00,-9.785700000000000509e-01,-1.354452871109108170e+00,3.000000000000000000e+00
1.040259999999999962e+00,-9.785700000000000509e-01,-1.354452871109108170e+00,3.000000000000000000e+00
1.038189999999999946e+00,-9.901999999999999691e-01,-1.367928813770818763e+00,3.000000000000000000e+00
1.038040000000000074e+00,-9.911299999999999555e-01,-1.368973214729340526e+00,3.000000000000000000e+00
1.041160000000000085e+00,-1.004769999999999941e+00,-1.384893765797054810e+00,3.000000000000000000e+00
1.044070000000000054e+00,-1.017539999999999889e+00,-1.397455090751876572e+00,3.000000000000000000e+00
1.044070000000000054e+00,-1.017539999999999889e+00,-1.397455090751876572e+00,3.000000000000000000e+00
1.041130000000000111e+00,-1.024410000000000043e+00,-1.401439025159105789e+00,3.000000000000000000e+00
1.047069999999999945e+00,-1.034499999999999975e+00,-1.406941254113209361e+00,3.000000000000000000e+00
1.047069999999999945e+00,-1.034499999999999975e+00,-1.406941254113209361e+00,3.000000000000000000e+00
1.044799999999999951e+00,-1.039080000000000004e+00,-1.408792608390960988e+00,3.000000000000000000e+00
1.044799999999999951e+00,-1.039080000000000004e+00,-1.408792608390960988e+00,3.000000000000000000e+00
1.042140000000000066e+00,-1.041989999999999972e+00,-1.413832891098978806e+00,3.000000000000000000e+00
1.041940000000000088e+00,-1.042210000000000081e+00,-1.414238316786287086e+00,3.000000000000000000e+00
1.047050000000000036e+00,-1.048599999999999977e+00,-1.415659704204063507e+00,3.000000000000000000e+00
1.044110000000000094e+00,-1.048329999999999984e+00,-1.417699370131478620e+00,3.000000000000000000e+00
1.044110000000000094e+00,-1.048329999999999984e+00,-1.417699370131478620e+00,3.000000000000000000e+00
1.043849999999999945e+00,-1.048270000000000035e+00,-1.417847262440746547e+00,3.000000000000000000e+00
1.046319999999999917e+00,-1.050380000000000091e+00,-1.415739331632170472e+00,3.000000000000000000e+00
1.044100000000000028e+00,-1.048219999999999930e+00,-1.417596189384400018e+00,3.000000000000000000e+00
1.041360000000000063e+00,-1.045840000000000103e+00,-1.415627901325230198e+00,3.000000000000000000e+00
1.041360000000000063e+00,-1.045840000000000103e+00,-1.415627901325230198e+00,3.000000000000000000e+00
1.047060000000000102e+00,-1.048920000000000075e+00,-1.415758619905626237e+00,3.000000000000000000e+00
1.047490000000000032e+00,-1.049160000000000093e+00,-1.415782557754489357e+00,3.000000000000000000e+00
1.046790000000000109e+00,-1.048699999999999966e+00,-1.415193009769280197e+00,3.000000000000000000e+00
1.044159999999999977e+00,-1.047420000000000018e+00,-1.417333684852315256e+00,3.000000000000000000e+00
1.044159999999999977e+00,-1.047420000000000018e+00,-1.417333684852315256e+00,3.000000000000000000e+00
1.042340000000000044e+00,-1.046399999999999997e+00,-1.415306226455677496e+00,3.000000000000000000e+00
1.042340000000000044e+00,-1.046399999999999997e+00,-1.415306226455677496e+00,3.000000000000000000e+00
1.043120000000000047e+00,-1.046780000000000044e+00,-1.416749758724185737e+00,3.000000000000000000e+00
1.043199999999999905e+00,-1.046820000000000084e+00,-1.416884786684847519e+00,3.000000000000000000e+00
1.042450000000000099e+00,-1.046110000000000095e+00,-1.415157098130221280e+00,3.000000000000000000e+00
1.045009999999999994e+00,-1.047609999999999930e+00,-1.416969971416073948e+00,3.000000000000000000e+00
1.045009999999999994e+00,-1.047609999999999930e+00,-1.416969971416073948e+00,3.000000000000000000e+00
1.045870000000000077e+00,-1.048170000000000046e+00,-1.417684344456207945e+00,3.000000000000000000e+00
1.045870000000000077e+00,-1.048170000000000046e+00,-1.417684344456207945e+00,3.000000000000000000e+00
1.041579999999999950e+00,-1.045619999999999994e+00,-1.415544986969407226e+00,3.000000000000000000e+00
1.044569999999999999e+00,-1.047660000000000036e+00,-1.417921093803697241e+00,3.000000000000000000e+00
1.044569999999999999e+00,-1.047660000000000036e+00,-1.417921093803697241e+00,3.000000000000000000e+00
1.042569999999999997e+00,-1.046189999999999953e+00,-1.415250611977544093e+00,3.000000000000000000e+00
1.042569999999999997e+00,-1.046189999999999953e+00,-1.415250611977544093e+00,3.000000000000000000e+00
1.046429999999999971e+00,-1.048480000000000079e+00,-1.415131765172390255e+00,3.000000000000000000e+00
1.046729999999999938e+00,-1.048659999999999926e+00,-1.415139390358086890e+00,3.000000000000000000e+00
1.044359999999999955e+00,-1.047230000000000105e+00,-1.417234258212577647e+00,3.000000000000000000e+00
1.047320000000000029e+00,-1.049260000000000081e+00,-1.415968911252849516e+00,3.000000000000000000e+00
1.047320000000000029e+00,-1.049260000000000081e+00,-1.415968911252849516e+00,3.000000000000000000e+00
1.045390000000000041e+00,-1.047860000000000014e+00,-1.417014077410836848e+00,3.000000000000000000e+00
1.045390000000000041e+00,-1.047860000000000014e+00,-1.417014077410836848e+00,3.000000000000000000e+00
1.044180000000000108e+00,-1.047379999999999978e+00,-1.417472435695371846e+00,3.000000000000000000e+00
1.045109999999999983e+00,-1.047690000000000010e+00,-1.417145803282437999e+00,3.000000000000000000e+00
6.899999999999999667e-04,-2.100000000000000087e-04,0.000000000000000000e+00,3.000000000000000000e+00
6.899999999999999667e-04,-2.100000000000000087e-04,0.000000000000000000e+00,3.000000000000000000e+00
6.700000000000000226e-04,-2.200000000000000078e-04,-8.557540405093795079e-06,3.000000000000000000e+00
-3.200000000000000262e-04,9.000000000000000567e-05,-1.767699404929074609e-03,3.000000000000000000e+00
5.500000000000000331e-04,-6.000000000000000152e-05,-3.588385945703073720e-04,3.000000000000000000e+00
5.500000000000000331e-04,-6.000000000000000152e-05,-3.588385945703073720e-04,3.000000000000000000e+00
-5.999999999999999474e-04,9.000000000000000567e-05,1.195996851839468272e-03,3.000000000000000000e+00
8.099999999999999561e-04,-1.700000000000000122e-04,-1.371430363068278872e-03,3.000000000000000000e+00
8.099999999999999561e-04,-1.700000000000000122e-04,-1.371430363068278872e-03,3.000000000000000000e+00
7.399999999999999894e-04,6.999999999999999387e-05,3.110133648228730410e-06,3.000000000000000000e+00
7.399999999999999894e-04,6.999999999999999387e-05,3.110133648228730410e-06,3.000000000000000000e+00
7.399999999999999894e-04,6.999999999999999387e-05,3.110133648228730410e-06,3.000000000000000000e+00
7.399999999999999894e-04,6.999999999999999387e-05,3.110133648228730410e-06,3.000000000000000000e+00
1.440000000000000091e-03,1.000000000000000082e-05,1.935044083200988980e-03,3.000000000000000000e+00
1.440000000000000091e-03,1.000000000000000082e-05,1.935044083200988980e-03,3.000000000000000000e+00
4.859999999999999737e-03,1.600000000000000131e-04,-1.467394328218576353e-03,3.000000000000000000e+00
5.179999999999999709e-03,1.800000000000000113e-04,-1.776603919138339304e-03,3.000000000000000000e+00
1.176999999999999921e-02,-8.000000000000000383e-04,-5.565970788011370511e-03,3.000000000000000000e+00
1.240999999999999916e-02,-8.999999999999999754e-04,-5.931639286881141074e-03,3.000000000000000000e+00
1.949999999999999997e-02,-1.649999999999999991e-03,-1.218238972621629203e-02,3.000000000000000000e+00
2.537999999999999978e-02,-2.099999999999999870e-03,-1.540059358151486292e-02,3.000000000000000000e+00
2.537999999999999978e-02,-2.099999999999999870e-03,-1.540059358151486292e-02,3.000000000000000000e+00
3.828000000000000153e-02,-2.399999999999999790e-03,-2.017047294400706528e-02,3.000000000000000000e+00
3.828000000000000153e-02,-2.399999999999999790e-03,-2.017047294400706528e-02,3.000000000000000000e+00
4.732999999999999707e-02,-3.020000000000000115e-03,-2.422652190557410268e-02,3.000000000000000000e+00
4.732999999999999707e-02,-3.020000000000000115e-03,-2.422652190557410268e-02,3.000000000000000000e+00
5.730999999999999983e-02,-3.710000000000000190e-03,-3.036299500823379238e-02,3.000000000000000000e+00
5.730999999999999983e-02,-3.710000000000000190e-03,-3.036299500823379238e-02,3.000000000000000000e+00
3.660000000000000059e-02,-3.629999999999999980e-03,-2.290888192618141875e-02,3.000000000000000000e+00
6.822999999999999898e-02,-5.400000000000000286e-03,-2.072033416756829602e-02,3.000000000000000000e+00
6.421000000000000318e-02,-4.460000000000000422e-03,-4.765410298392883798e-02,3.000000000000000000e+00
8.791999999999999815e-02,-7.680000000000000195e-03,-5.645036544638686732e-02,3.000000000000000000e+00
8.791999999999999815e-02,-7.680000000000000195e-03,-5.645036544638686732e-02,3.000000000000000000e+00
9.987999999999999656e-02,-8.800000000000000530e-03,-6.287323932362358370e-02,3.000000000000000000e+00
9.987999999999999656e-02,-8.800000000000000530e-03,-6.287323932362358370e-02,3.000000000000000000e+00
1.155599999999999961e-01,-1.097000000000000058e-02,-7.256855811048947003e-02,3.000000000000000000e+00
1.155599999999999961e-01,-1.097000000000000058e-02,-7.256855811048947003e-02,3.000000000000000000e+00
1.293400000000000105e-01,-1.566000000000000031e-02,-8.937902828284756407e-02,3.000000000000000000e+00
1.305399999999999894e-01,-1.610999999999999932e-02,-9.088660055108335745e-02,3.000000000000000000e+00
1.417700000000000071e-01,-1.805999999999999966e-02,-1.011929888196469729e-01,3.000000000000000000e+00
1.547699999999999909e-01,-1.983000000000000040e-02,-1.086080310311573205e-01,3.000000000000000000e+00
1.547699999999999909e-01,-1.983000000000000040e-02,-1.086080310311573205e-01,3.000000000000000000e+00
1.688399999999999901e-01,-2.241999999999999896e-02,-1.192491979521294043e-01,3.000000000000000000e+00
1.688399999999999901e-01,-2.241999999999999896e-02,-1.192491979521294043e-01,3.000000000000000000e+00
1.784699999999999898e-01,-2.475000000000000117e-02,-1.295128218324930469e-01,3.000000000000000000e+00
1.919899999999999940e-01,-2.747000000000000136e-02,-1.408509658065605352e-01,3.000000000000000000e+00
1.919899999999999940e-01,-2.747000000000000136e-02,-1.408509658065605352e-01,3.000000000000000000e+00
1.919899999999999940e-01,-2.747000000000000136e-02,-1.408509658065605352e-01,3.000000000000000000e+00
1.919899999999999940e-01,-2.747000000000000136e-02,-1.408509658065605352e-01,3.000000000000000000e+00
1.919899999999999940e-01,-2.747000000000000136e-02,-1.408509658065605352e-01,3.000000000000000000e+00
1.919899999999999940e-01,-2.747000000000000136e-02,-1.408509658065605352e-01,3.000000000000000000e+00
1.919899999999999940e-01,-2.747000000000000136e-02,-1.408509658065605352e-01,3.000000000000000000e+00
2.489699999999999969e-01,-3.864999999999999686e-02,-1.766514441647364375e-01,3.000000000000000000e+00
2.489699999999999969e-01,-3.864999999999999686e-02,-1.766514441647364375e-01,3.000000000000000000e+00
2.500899999999999790e-01,-3.896000000000000157e-02,-1.773765187358601059e-01,3.000000000000000000e+00
2.600100000000000189e-01,-4.225999999999999895e-02,-1.885182743596296728e-01,3.000000000000000000e+00
2.745699999999999807e-01,-4.592999999999999861e-02,-1.963773067210563827e-01,3.000000000000000000e+00
2.745699999999999807e-01,-4.592999999999999861e-02,-1.963773067210563827e-01,3.000000000000000000e+00
2.848800000000000221e-01,-4.968999999999999806e-02,-2.114754700702409229e-01,3.000000000000000000e+00
3.001499999999999724e-01,-5.378999999999999754e-02,-2.198582199404080784e-01,3.000000000000000000e+00
3.001499999999999724e-01,-5.378999999999999754e-02,-2.198582199404080784e-01,3.000000000000000000e+00
3.101400000000000268e-01,-5.752999999999999781e-02,-2.352497470478274733e-01,3.000000000000000000e+00
3.101400000000000268e-01,-5.752999999999999781e-02,-2.352497470478274733e-01,3.000000000000000000e+00
3.246999999999999886e-01,-6.192000000000000282e-02,-2.451777012643678033e-01,3.000000000000000000e+00
3.259799999999999920e-01,-6.230999999999999733e-02,-2.459825057553020888e-01,3.000000000000000000e+00
3.362100000000000088e-01,-6.654999999999999805e-02,-2.600947961594702873e-01,3.000000000000000000e+00
3.466000000000000192e-01,-7.108000000000000429e-02,-2.715864256805698984e-01,3.000000000000000000e+00
3.466000000000000192e-01,-7.108000000000000429e-02,-2.715864256805698984e-01,3.000000000000000000e+00
3.591900000000000093e-01,-7.555000000000000604e-02,-2.834337287686580220e-01,3.000000000000000000e+00
3.591900000000000093e-01,-7.555000000000000604e-02,-2.834337287686580220e-01,3.000000000000000000e+00
3.706099999999999950e-01,-7.996999999999999942e-02,-2.911941012376297322e-01,3.000000000000000000e+00
3.869900000000000007e-01,-8.509999999999999509e-02,-3.021799486911979082e-01,3.000000000000000000e+00
3.869900000000000007e-01,-8.509999999999999509e-02,-3.021799486911979082e-01,3.000000000000000000e+00
3.934400000000000119e-01,-8.920000000000000151e-02,-3.119769821546495292e-01,3.000000000000000000e+00
3.934400000000000119e-01,-8.920000000000000151e-02,-3.119769821546495292e-01,3.000000000000000000e+00
4.038399999999999768e-01,-9.414999999999999758e-02,-3.221199384535339272e-01,3.000000000000000000e+00
4.046000000000000152e-01,-9.450999999999999679e-02,-3.228304945495170108e-01,3.000000000000000000e+00
4.144900000000000251e-01,-9.897000000000000242e-02,-3.301470451598806921e-01,3.000000000000000000e+00
4.274800000000000266e-01,-1.045100000000000057e-01,-3.403701636902147221e-01,3.000000000000000000e+00
4.274800000000000266e-01,-1.045100000000000057e-01,-3.403701636902147221e-01,3.000000000000000000e+00
4.437699999999999978e-01,-1.106300000000000061e-01,-3.475481855062995673e-01,3.000000000000000000e+00
4.437699999999999978e-01,-1.106300000000000061e-01,-3.475481855062995673e-01,3.000000000000000000e+00
4.450899999999999856e-01,-1.111199999999999966e-01,-3.480980500278951228e-01,3.000000000000000000e+00
4.639099999999999890e-01,-1.225699999999999984e-01,-3.738587346510275911e-01,3.000000000000000000e+00
4.639099999999999890e-01,-1.225699999999999984e-01,-3.738587346510275911e-01,3.000000000000000000e+00
4.753200000000000203e-01,-1.286499999999999866e-01,-3.866844773728456142e-01,3.000000000000000000e+00
4.760800000000000032e-01,-1.290699999999999903e-01,-3.875487811552857931e-01,3.000000000000000000e+00
4.877000000000000224e-01,-1.345500000000000029e-01,-3.974018764883396893e-01,3.000000000000000000e+00
5.002499999999999725e-01,-1.410599999999999909e-01,-4.088444010608207613e-01,3.000000000000000000e+00
5.002499999999999725e-01,-1.410599999999999909e-01,-4.088444010608207613e-01,3.000000000000000000e+00
5.158899999999999597e-01,-1.542000000000000037e-01,-4.309807176955139374e-01,3.000000000000000000e+00
5.170000000000000151e-01,-1.551500000000000101e-01,-4.325072680115917834e-01,3.000000000000000000e+00
5.277100000000000124e-01,-1.615199999999999969e-01,-4.424704917833702233e-01,3.000000000000000000e+00
5.393200000000000216e-01,-1.678900000000000114e-01,-4.542946770191045869e-01,3.000000000000000000e+00
5.393200000000000216e-01,-1.678900000000000114e-01,-4.542946770191045869e-01,3.000000000000000000e+00
5.490699999999999470e-01,-1.742900000000000005e-01,-4.649906777105069500e-01,3.000000000000000000e+00
5.490699999999999470e-01,-1.742900000000000005e-01,-4.649906777105069500e-01,3.000000000000000000e+00
5.603599999999999692e-01,-1.805799999999999905e-01,-4.767310580614536608e-01,3.000000000000000000e+00
5.695099999999999607e-01,-1.868200000000000138e-01,-4.835832213271166191e-01,3.000000000000000000e+00
5.695099999999999607e-01,-1.868200000000000138e-01,-4.835832213271166191e-01,3.000000000000000000e+00
5.842000000000000526e-01,-1.941799999999999915e-01,-4.939324931086797599e-01,3.000000000000000000e+00
5.842000000000000526e-01,-1.941799999999999915e-01,-4.939324931086797599e-01,3.000000000000000000e+00
5.973699999999999566e-01,-2.019299999999999984e-01,-5.034696155371334303e-01,3.000000000000000000e+00
5.983300000000000285e-01,-2.025000000000000133e-01,-5.041688382420197456e-01,3.000000000000000000e+00
6.051100000000000367e-01,-2.086800000000000044e-01,-5.124802758388121715e-01,3.000000000000000000e+00
6.160499999999999865e-01,-2.162199999999999955e-01,-5.247387833873388141e-01,3.000000000000000000e+00
6.160499999999999865e-01,-2.162199999999999955e-01,-5.247387833873388141e-01,3.000000000000000000e+00
6.246500000000000385e-01,-2.235000000000000042e-01,-5.360299379908334272e-01,3.000000000000000000e+00
6.253499999999999615e-01,-2.241100000000000037e-01,-5.369584410580413580e-01,3.000000000000000000e+00
6.365199999999999747e-01,-2.319299999999999973e-01,-5.423019674329150330e-01,3.000000000000000000e+00
6.447000000000000508e-01,-2.399900000000000089e-01,-5.584996389057733657e-01,3.000000000000000000e+00
6.447000000000000508e-01,-2.399900000000000089e-01,-5.584996389057733657e-01,3.000000000000000000e+00
6.578100000000000058e-01,-2.483200000000000129e-01,-5.674324074838567045e-01,3.000000000000000000e+00
6.578100000000000058e-01,-2.483200000000000129e-01,-5.674324074838567045e-01,3.000000000000000000e+00
6.674200000000000133e-01,-2.561499999999999888e-01,-5.774244887238004775e-01,3.000000000000000000e+00
6.754200000000000204e-01,-2.639000000000000234e-01,-5.886555315247831155e-01,3.000000000000000000e+00
6.754200000000000204e-01,-2.639000000000000234e-01,-5.886555315247831155e-01,3.000000000000000000e+00
6.929800000000000404e-01,-2.723499999999999810e-01,-6.015569869181681684e-01,3.000000000000000000e+00
6.929800000000000404e-01,-2.723499999999999810e-01,-6.015569869181681684e-01,3.000000000000000000e+00
7.010499999999999510e-01,-2.807200000000000251e-01,-6.140285235834139765e-01,3.000000000000000000e+00
7.104300000000000059e-01,-2.885099999999999887e-01,-6.267457692061748631e-01,3.000000000000000000e+00
7.104300000000000059e-01,-2.885099999999999887e-01,-6.267457692061748631e-01,3.000000000000000000e+00
7.180400000000000116e-01,-2.964100000000000068e-01,-6.386341080588140429e-01,3.000000000000000000e+00
7.180400000000000116e-01,-2.964100000000000068e-01,-6.386341080588140429e-01,3.000000000000000000e+00
7.276500000000000190e-01,-3.046099999999999919e-01,-6.475797902126517736e-01,3.000000000000000000e+00
7.365300000000000180e-01,-3.126800000000000135e-01,-6.575663216201428352e-01,3.000000000000000000e+00
7.365300000000000180e-01,-3.126800000000000135e-01,-6.575663216201428352e-01,3.000000000000000000e+00
7.492499999999999716e-01,-3.215999999999999970e-01,-6.668578311951961490e-01,3.000000000000000000e+00
7.492499999999999716e-01,-3.215999999999999970e-01,-6.668578311951961490e-01,3.000000000000000000e+00
7.576699999999999546e-01,-3.301899999999999835e-01,-6.770790084671828302e-01,3.000000000000000000e+00
7.615899999999999892e-01,-3.376799999999999802e-01,-6.886373856801198956e-01,3.000000000000000000e+00
7.615899999999999892e-01,-3.376799999999999802e-01,-6.886373856801198956e-01,3.000000000000000000e+00
7.734799999999999454e-01,-3.477600000000000136e-01,-6.990262632238887219e-01,3.000000000000000000e+00
7.734799999999999454e-01,-3.477600000000000136e-01,-6.990262632238887219e-01,3.000000000000000000e+00
7.814400000000000235e-01,-3.572299999999999920e-01,-7.095621784213087535e-01,3.000000000000000000e+00
7.820399999999999574e-01,-3.579800000000000204e-01,-7.103987990701937649e-01,3.000000000000000000e+00
7.897199999999999775e-01,-3.663699999999999735e-01,-7.226634383895559344e-01,3.000000000000000000e+00
7.989600000000000035e-01,-3.761399999999999744e-01,-7.324085485511202531e-01,3.000000000000000000e+00
7.989600000000000035e-01,-3.761399999999999744e-01,-7.324085485511202531e-01,3.000000000000000000e+00
8.045700000000000074e-01,-3.852599999999999913e-01,-7.405751745694894028e-01,3.000000000000000000e+00
8.045700000000000074e-01,-3.852599999999999913e-01,-7.405751745694894028e-01,3.000000000000000000e+00
8.147699999999999942e-01,-3.955899999999999972e-01,-7.524352695417273473e-01,3.000000000000000000e+00
8.155499999999999972e-01,-3.963599999999999901e-01,-7.533220703377156990e-01,3.000000000000000000e+00
8.199300000000000477e-01,-4.043900000000000272e-01,-7.654073951074085169e-01,3.000000000000000000e+00
8.300499999999999545e-01,-4.153800000000000270e-01,-7.766078944670147255e-01,3.000000000000000000e+00
8.300499999999999545e-01,-4.153800000000000270e-01,-7.766078944670147255e-01,3.000000000000000000e+00
8.344000000000000306e-01,-4.240200000000000080e-01,-7.865213412775177160e-01,3.000000000000000000e+00
8.346999999999999975e-01,-4.246599999999999819e-01,-7.872543133171985286e-01,3.000000000000000000e+00
8.438600000000000545e-01,-4.341900000000000204e-01,-7.986255931819677967e-01,3.000000000000000000e+00
8.522800000000000376e-01,-4.446700000000000097e-01,-8.082596026140217438e-01,3.000000000000000000e+00
8.522800000000000376e-01,-4.446700000000000097e-01,-8.082596026140217438e-01,3.000000000000000000e+00
8.522800000000000376e-01,-4.446700000000000097e-01,-8.082596026140217438e-01,3.000000000000000000e+00
8.621999999999999664e-01,-4.557700000000000085e-01,-8.222360719527831430e-01,3.000000000000000000e+00
8.679900000000000393e-01,-4.642000000000000015e-01,-8.319778088851919051e-01,3.000000000000000000e+00
8.787899999999999601e-01,-4.752299999999999858e-01,-8.427464693187652900e-01,3.000000000000000000e+00
8.787899999999999601e-01,-4.752299999999999858e-01,-8.427464693187652900e-01,3.000000000000000000e+00
8.844400000000000039e-01,-4.845800000000000107e-01,-8.514881569431909103e-01,3.000000000000000000e+00
8.844400000000000039e-01,-4.845800000000000107e-01,-8.514881569431909103e-01,3.000000000000000000e+00
8.922299999999999676e-01,-4.952099999999999835e-01,-8.620402324402667293e-01,3.000000000000000000e+00
8.922299999999999676e-01,-4.952099999999999835e-01,-8.620402324402667293e-01,3.000000000000000000e+00
8.976800000000000335e-01,-5.053999999999999604e-01,-8.725453722752742891e-01,3.000000000000000000e+00
9.101200000000000401e-01,-5.179700000000000415e-01,-8.855172829048759686e-01,3.000000000000000000e+00
9.101200000000000401e-01,-5.179700000000000415e-01,-8.855172829048759686e-01,3.000000000000000000e+00
9.156900000000000039e-01,-5.289300000000000113e-01,-8.976004109831603461e-01,3.000000000000000000e+00
9.160300000000000109e-01,-5.296899999999999942e-01,-8.984397095470130212e-01,3.000000000000000000e+00
9.281899999999999595e-01,-5.418100000000000138e-01,-9.081656896574250570e-01,3.000000000000000000e+00
9.300699999999999523e-01,-5.514700000000000157e-01,-9.185266499371828042e-01,3.000000000000000000e+00
9.300699999999999523e-01,-5.514700000000000157e-01,-9.185266499371828042e-01,3.000000000000000000e+00
9.361099999999999977e-01,-5.626499999999999835e-01,-9.312528348408479761e-01,3.000000000000000000e+00
9.366299999999999626e-01,-5.635700000000000154e-01,-9.323019396372115297e-01,3.000000000000000000e+00
9.418199999999999905e-01,-5.741199999999999637e-01,-9.424205576731538025e-01,3.000000000000000000e+00
9.512699999999999489e-01,-5.866999999999999993e-01,-9.535544790782826130e-01,3.000000000000000000e+00
9.512699999999999489e-01,-5.866999999999999993e-01,-9.535544790782826130e-01,3.000000000000000000e+00
9.636400000000000521e-01,-6.007099999999999662e-01,-9.643159964694979491e-01,3.000000000000000000e+00
9.636400000000000521e-01,-6.007099999999999662e-01,-9.643159964694979491e-01,3.000000000000000000e+00
9.597499999999999920e-01,-6.082100000000000284e-01,-9.781825445102280137e-01,3.000000000000000000e+00
9.701899999999999968e-01,-6.211900000000000199e-01,-9.883357198033317914e-01,3.000000000000000000e+00
9.701899999999999968e-01,-6.211900000000000199e-01,-9.883357198033317914e-01,3.000000000000000000e+00
9.721600000000000241e-01,-6.307099999999999929e-01,-9.992858436467563221e-01,3.000000000000000000e+00
9.721600000000000241e-01,-6.307099999999999929e-01,-9.992858436467563221e-01,3.000000000000000000e+00
9.814000000000000501e-01,-6.431900000000000395e-01,-1.012060588724183363e+00,3.000000000000000000e+00
9.839200000000000168e-01,-6.532000000000000028e-01,-1.020967990934664948e+00,3.000000000000000000e+00
9.839200000000000168e-01,-6.532000000000000028e-01,-1.020967990934664948e+00,3.000000000000000000e+00
9.864699999999999580e-01,-6.632000000000000117e-01,-1.033513536565623836e+00,3.000000000000000000e+00
9.864699999999999580e-01,-6.632000000000000117e-01,-1.033513536565623836e+00,3.000000000000000000e+00
9.930600000000000538e-01,-6.753500000000000059e-01,-1.044483861482852882e+00,3.000000000000000000e+00
9.983100000000000307e-01,-6.868600000000000261e-01,-1.055711537442998837e+00,3.000000000000000000e+00
9.983100000000000307e-01,-6.868600000000000261e-01,-1.055711537442998837e+00,3.000000000000000000e+00
1.004269999999999996e+00,-6.992899999999999672e-01,-1.068440237303573070e+00,3.000000000000000000e+00
1.004269999999999996e+00,-6.992899999999999672e-01,-1.068440237303573070e+00,3.000000000000000000e+00
1.008299999999999974e+00,-7.110400000000000054e-01,-1.082720966209877567e+00,3.000000000000000000e+00
1.012399999999999967e+00,-7.231400000000000050e-01,-1.090814041246332300e+00,3.000000000000000000e+00
1.012399999999999967e+00,-7.231400000000000050e-01,-1.090814041246332300e+00,3.000000000000000000e+00
1.016939999999999955e+00,-7.353800000000000336e-01,-1.104778391256725056e+00,3.000000000000000000e+00
1.016939999999999955e+00,-7.353800000000000336e-01,-1.104778391256725056e+00,3.000000000000000000e+00
1.022189999999999932e+00,-7.482199999999999962e-01,-1.114399486371294490e+00,3.000000000000000000e+00
1.022610000000000019e+00,-7.492699999999999916e-01,-1.115142465208648126e+00,3.000000000000000000e+00
1.029029999999999889e+00,-7.623299999999999521e-01,-1.127244316215176401e+00,3.000000000000000000e+00
1.032030000000000003e+00,-7.745699999999999807e-01,-1.142105955579461929e+00,3.000000000000000000e+00
1.032030000000000003e+00,-7.745699999999999807e-01,-1.142105955579461929e+00,3.000000000000000000e+00
1.033809999999999896e+00,-7.865100000000000424e-01,-1.153774134043732857e+00,3.000000000000000000e+00
1.036699999999999955e+00,-7.983700000000000241e-01,-1.165574071154756419e+00,3.000000000000000000e+00
1.036699999999999955e+00,-7.983700000000000241e-01,-1.165574071154756419e+00,3.000000000000000000e+00
1.043160000000000087e+00,-8.120199999999999640e-01,-1.178249284861171864e+00,3.000000000000000000e+00
1.043160000000000087e+00,-8.120199999999999640e-01,-1.178249284861171864e+00,3.000000000000000000e+00
1.049309999999999965e+00,-8.252699999999999481e-01,-1.187874855723576761e+00,3.000000000000000000e+00
1.049309999999999965e+00,-8.252699999999999481e-01,-1.187874855723576761e+00,3.000000000000000000e+00
1.052030000000000021e+00,-8.368499999999999828e-01,-1.199269539731818934e+00,3.000000000000000000e+00
1.056089999999999973e+00,-8.608799999999999786e-01,-1.220124536823393280e+00,3.000000000000000000e+00
1.056089999999999973e+00,-8.608799999999999786e-01,-1.220124536823393280e+00,3.000000000000000000e+00
1.058370000000000033e+00,-8.740599999999999481e-01,-1.232373229828401584e+00,3.000000000000000000e+00
1.058370000000000033e+00,-8.740599999999999481e-01,-1.232373229828401584e+00,3.000000000000000000e+00
1.066030000000000033e+00,-8.889700000000000379e-01,-1.244767163519987063e+00,3.000000000000000000e+00
1.066559999999999953e+00,-8.899899999999999478e-01,-1.245598789181533883e+00,3.000000000000000000e+00
1.066419999999999924e+00,-9.007899999999999796e-01,-1.256969302846524306e+00,3.000000000000000000e+00
1.071649999999999991e+00,-9.149899999999999700e-01,-1.270491355793164523e+00,3.000000000000000000e+00
1.071649999999999991e+00,-9.149899999999999700e-01,-1.270491355793164523e+00,3.000000000000000000e+00
1.069160000000000110e+00,-9.261099999999999888e-01,-1.285736947926724438e+00,3.000000000000000000e+00
1.073530000000000095e+00,-9.401599999999999957e-01,-1.296450571985330535e+00,3.000000000000000000e+00
1.073530000000000095e+00,-9.401599999999999957e-01,-1.296450571985330535e+00,3.000000000000000000e+00
1.072319999999999940e+00,-9.395599999999999508e-01,-1.297137252925293582e+00,3.000000000000000000e+00
1.072330000000000005e+00,-9.512000000000000455e-01,-1.309038636697261504e+00,3.000000000000000000e+00
1.072340000000000071e+00,-9.521800000000000264e-01,-1.310025503180250572e+00,3.000000000000000000e+00
1.073790000000000022e+00,-9.644200000000000550e-01,-1.322237011501116166e+00,3.000000000000000000e+00
1.072189999999999976e+00,-9.744399999999999729e-01,-1.336446629256846430e+00,3.000000000000000000e+00
1.071700000000000097e+00,-9.832699999999999774e-01,-1.341636360217828505e+00,3.000000000000000000e+00
1.071700000000000097e+00,-9.832699999999999774e-01,-1.341636360217828505e+00,3.000000000000000000e+00
1.073399999999999910e+00,-9.906500000000000306e-01,-1.345636485537911264e+00,3.000000000000000000e+00
1.073399999999999910e+00,-9.906500000000000306e-01,-1.345636485537911264e+00,3.000000000000000000e+00
1.076629999999999976e+00,-9.975100000000000078e-01,-1.350756152065890170e+00,3.000000000000000000e+00
1.076240000000000085e+00,-9.974699999999999678e-01,-1.350497131171098930e+00,3.000000000000000000e+00
1.073269999999999946e+00,-9.996500000000000385e-01,-1.354852889991940090e+00,3.000000000000000000e+00
1.073090000000000099e+00,-9.997899999999999565e-01,-1.355133075530948972e+00,3.000000000000000000e+00
1.071520000000000028e+00,-1.001980000000000093e+00,-1.356391863525251873e+00,3.000000000000000000e+00
1.077250000000000041e+00,-1.006539999999999990e+00,-1.357171894039378435e+00,3.000000000000000000e+00
1.077730000000000077e+00,-1.006899999999999906e+00,-1.357229055459012512e+00,3.000000000000000000e+00
1.075979999999999936e+00,-1.005719999999999947e+00,-1.354935406245530993e+00,3.000000000000000000e+00
1.075979999999999936e+00,-1.005719999999999947e+00,-1.354935406245530993e+00,3.000000000000000000e+00
1.075979999999999936e+00,-1.005719999999999947e+00,-1.354935406245530993e+00,3.000000000000000000e+00
1.075979999999999936e+00,-1.005719999999999947e+00,-1.354935406245530993e+00,3.000000000000000000e+00
1.075849999999999973e+00,-1.005640000000000089e+00,-1.354768683768400761e+00,3.000000000000000000e+00
1.075849999999999973e+00,-1.005640000000000089e+00,-1.354768683768400761e+00,3.000000000000000000e+00
1.075849999999999973e+00,-1.005640000000000089e+00,-1.354768683768400761e+00,3.000000000000000000e+00
1.075849999999999973e+00,-1.005640000000000089e+00,-1.354768683768400761e+00,3.000000000000000000e+00
1.075849999999999973e+00,-1.005640000000000089e+00,-1.354768683768400761e+00,3.000000000000000000e+00
1.075849999999999973e+00,-1.005640000000000089e+00,-1.354768683768400761e+00,3.000000000000000000e+00
1.075760000000000050e+00,-1.004809999999999981e+00,-1.355448369240079609e+00,3.000000000000000000e+00
1.075760000000000050e+00,-1.004809999999999981e+00,-1.355448369240079609e+00,3.000000000000000000e+00
1.072319999999999940e+00,-1.002950000000000008e+00,-1.357137563067841057e+00,3.000000000000000000e+00
1.072319999999999940e+00,-1.002950000000000008e+00,-1.357137563067841057e+00,3.000000000000000000e+00
1.072319999999999940e+00,-1.002950000000000008e+00,-1.357137563067841057e+00,3.000000000000000000e+00
1.072319999999999940e+00,-1.002950000000000008e+00,-1.357137563067841057e+00,3.000000000000000000e+00
1.072319999999999940e+00,-1.002950000000000008e+00,-1.357137563067841057e+00,3.000000000000000000e+00
1.072319999999999940e+00,-1.002950000000000008e+00,-1.357137563067841057e+00,3.000000000000000000e+00
1.072319999999999940e+00,-1.002950000000000008e+00,-1.357137563067841057e+00,3.000000000000000000e+00
1.072319999999999940e+00,-1.002950000000000008e+00,-1.357137563067841057e+00,3.000000000000000000e+00
1.072319999999999940e+00,-1.002950000000000008e+00,-1.357137563067841057e+00,3.000000000000000000e+00
1.072319999999999940e+00,-1.002950000000000008e+00,-1.357137563067841057e+00,3.000000000000000000e+00
1.072319999999999940e+00,-1.002950000000000008e+00,-1.357137563067841057e+00,3.000000000000000000e+00
1.077630000000000088e+00,-1.005889999999999951e+00,-1.356753672175186942e+00,3.000000000000000000e+00
1.075960000000000027e+00,-1.004930000000000101e+00,-1.355588890382794842e+00,3.000000000000000000e+00
1.075960000000000027e+00,-1.004930000000000101e+00,-1.355588890382794842e+00,3.000000000000000000e+00
1.075960000000000027e+00,-1.004930000000000101e+00,-1.355588890382794842e+00,3.000000000000000000e+00
1.075960000000000027e+00,-1.004930000000000101e+00,-1.355588890382794842e+00,3.000000000000000000e+00
1.075509999999999966e+00,-1.004399999999999959e+00,-1.355509615685458913e+00,3.000000000000000000e+00
1.075769999999999893e+00,-1.004790000000000072e+00,-1.355440604519868364e+00,3.000000000000000000e+00
1.075769999999999893e+00,-1.004790000000000072e+00,-1.355440604519868364e+00,3.000000000000000000e+00
1.075769999999999893e+00,-1.004790000000000072e+00,-1.355440604519868364e+00,3.000000000000000000e+00
1.072300000000000031e+00,-1.002890000000000059e+00,-1.357149223359726209e+00,3.000000000000000000e+00
1.072300000000000031e+00,-1.002890000000000059e+00,-1.357149223359726209e+00,3.000000000000000000e+00
-3.400000000000000244e-04,-0.000000000000000000e+00,0.000000000000000000e+00,3.000000000000000000e+00
-3.400000000000000244e-04,-0.000000000000000000e+00,0.000000000000000000e+00,3.000000000000000000e+00
7.900000000000000121e-04,-2.100000000000000087e-04,-1.669229181589045171e-03,3.000000000000000000e+00
-1.200000000000000030e-04,-9.000000000000000567e-05,-1.568241279950070670e-03,3.000000000000000000e+00
-1.200000000000000030e-04,-9.000000000000000567e-05,-1.568241279950070670e-03,3.000000000000000000e+00
7.900000000000000121e-04,4.000000000000000327e-05,2.387406713960759774e-04,3.000000000000000000e+00
7.900000000000000121e-04,4.000000000000000327e-05,2.387406713960759774e-04,3.000000000000000000e+00
1.020000000000000073e-03,-8.000000000000000654e-05,-1.216664398567682661e-03,3.000000000000000000e+00
1.020000000000000073e-03,-8.000000000000000654e-05,-1.216664398567682661e-03,3.000000000000000000e+00
8.800000000000000313e-04,-1.200000000000000030e-04,1.813492320767351364e-04,3.000000000000000000e+00
-1.399999999999999877e-04,-8.000000000000000654e-05,-1.404185557100625249e-03,3.000000000000000000e+00
-1.399999999999999877e-04,-8.000000000000000654e-05,-1.404185557100625249e-03,3.000000000000000000e+00
-1.490000000000000005e-03,1.499999999999999869e-04,-1.926955440134398706e-04,3.000000000000000000e+00
-1.490000000000000005e-03,1.499999999999999869e-04,-1.926955440134398706e-04,3.000000000000000000e+00
1.110000000000000092e-03,4.000000000000000327e-05,-1.334084143885690393e-04,3.000000000000000000e+00
1.110000000000000092e-03,4.000000000000000327e-05,-1.334084143885690393e-04,3.000000000000000000e+00
4.769999999999999934e-03,3.000000000000000076e-05,-1.213991149444726761e-03,3.000000000000000000e+00
4.769999999999999934e-03,3.000000000000000076e-05,-1.213991149444726761e-03,3.000000000000000000e+00
6.890000000000000291e-03,2.100000000000000087e-04,-3.553032642928924748e-03,3.000000000000000000e+00
1.566000000000000031e-02,-5.100000000000000366e-04,-8.889918846087202162e-03,3.000000000000000000e+00
1.566000000000000031e-02,-5.100000000000000366e-04,-8.889918846087202162e-03,3.000000000000000000e+00
2.197999999999999954e-02,-8.199999999999999824e-04,-1.261487219753491817e-02,3.000000000000000000e+00
2.197999999999999954e-02,-8.199999999999999824e-04,-1.261487219753491817e-02,3.000000000000000000e+00
2.918000000000000108e-02,-9.700000000000000505e-04,-1.750938112332530577e-02,3.000000000000000000e+00
4.007000000000000145e-02,-1.959999999999999937e-03,-1.960892381895553219e-02,3.000000000000000000e+00
4.007000000000000145e-02,-1.959999999999999937e-03,-1.960892381895553219e-02,3.000000000000000000e+00
4.769000000000000322e-02,-2.779999999999999919e-03,-2.880369838327656237e-02,3.000000000000000000e+00
4.769000000000000322e-02,-2.779999999999999919e-03,-2.880369838327656237e-02,3.000000000000000000e+00
5.510000000000000314e-02,-3.609999999999999928e-03,-3.551410503712191385e-02,3.000000000000000000e+00
5.510000000000000314e-02,-3.609999999999999928e-03,-3.551410503712191385e-02,3.000000000000000000e+00
6.894000000000000128e-02,-4.499999999999999660e-03,-3.894303057852945005e-02,3.000000000000000000e+00
7.025000000000000688e-02,-4.570000000000000277e-03,-3.922257862978408005e-02,3.000000000000000000e+00
7.734000000000000596e-02,-5.400000000000000286e-03,-4.840903550085891988e-02,3.000000000000000000e+00
9.284000000000000585e-02,-8.999999999999999320e-03,-6.713402752068635404e-02,3.000000000000000000e+00
9.284000000000000585e-02,-8.999999999999999320e-03,-6.713402752068635404e-02,3.000000000000000000e+00
1.053800000000000014e-01,-1.088000000000000078e-02,-7.572227946142533195e-02,3.000000000000000000e+00
1.053800000000000014e-01,-1.088000000000000078e-02,-7.572227946142533195e-02,3.000000000000000000e+00
1.053800000000000014e-01,-1.088000000000000078e-02,-7.572227946142533195e-02,3.000000000000000000e+00
1.053800000000000014e-01,-1.088000000000000078e-02,-7.572227946142533195e-02,3.000000000000000000e+00
1.395099999999999951e-01,-1.387999999999999998e-02,-9.405395730935736665e-02,3.000000000000000000e+00
1.395099999999999951e-01,-1.387999999999999998e-02,-9.405395730935736665e-02,3.000000000000000000e+00
1.519099999999999895e-01,-1.641000000000000097e-02,-1.057705027895387007e-01,3.000000000000000000e+00
1.587200000000000000e-01,-1.847000000000000031e-02,-1.202635858158713350e-01,3.000000000000000000e+00
1.587200000000000000e-01,-1.847000000000000031e-02,-1.202635858158713350e-01,3.000000000000000000e+00
1.768200000000000049e-01,-2.187000000000000055e-02,-1.301669156137146288e-01,3.000000000000000000e+00
1.768200000000000049e-01,-2.187000000000000055e-02,-1.301669156137146288e-01,3.000000000000000000e+00
1.788200000000000067e-01,-2.223999999999999935e-02,-1.311390779580060562e-01,3.000000000000000000e+00
1.875199999999999922e-01,-2.430999999999999828e-02,-1.396669101325694329e-01,3.000000000000000000e+00
2.000099999999999933e-01,-2.753999999999999851e-02,-1.490057962299089211e-01,3.000000000000000000e+00
2.010699999999999987e-01,-2.781000000000000139e-02,-1.497822047737144002e-01,3.000000000000000000e+00
2.010699999999999987e-01,-2.781000000000000139e-02,-1.497822047737144002e-01,3.000000000000000000e+00
2.010699999999999987e-01,-2.781000000000000139e-02,-1.497822047737144002e-01,3.000000000000000000e+00
2.010699999999999987e-01,-2.781000000000000139e-02,-1.497822047737144002e-01,3.000000000000000000e+00
2.010699999999999987e-01,-2.781000000000000139e-02,-1.497822047737144002e-01,3.000000000000000000e+00
2.010699999999999987e-01,-2.781000000000000139e-02,-1.497822047737144002e-01,3.000000000000000000e+00
2.010699999999999987e-01,-2.781000000000000139e-02,-1.497822047737144002e-01,3.000000000000000000e+00
2.010699999999999987e-01,-2.781000000000000139e-02,-1.497822047737144002e-01,3.000000000000000000e+00
2.010699999999999987e-01,-2.781000000000000139e-02,-1.497822047737144002e-01,3.000000000000000000e+00
2.010699999999999987e-01,-2.781000000000000139e-02,-1.497822047737144002e-01,3.000000000000000000e+00
2.010699999999999987e-01,-2.781000000000000139e-02,-1.497822047737144002e-01,3.000000000000000000e+00
2.867799999999999794e-01,-5.047999999999999710e-02,-2.191601201356396245e-01,3.000000000000000000e+00
2.867799999999999794e-01,-5.047999999999999710e-02,-2.191601201356396245e-01,3.000000000000000000e+00
3.083500000000000130e-01,-5.947000000000000203e-02,-2.435458207191707192e-01,3.000000000000000000e+00
3.212099999999999955e-01,-6.395000000000000684e-02,-2.570108776365778169e-01,3.000000000000000000e+00
3.212099999999999955e-01,-6.395000000000000684e-02,-2.570108776365778169e-01,3.000000000000000000e+00
3.321600000000000108e-01,-6.809999999999999387e-02,-2.679994615805691427e-01,3.000000000000000000e+00
3.321600000000000108e-01,-6.809999999999999387e-02,-2.679994615805691427e-01,3.000000000000000000e+00
3.448499999999999899e-01,-7.265000000000000624e-02,-2.796497187006707352e-01,3.000000000000000000e+00
3.458499999999999908e-01,-7.302000000000000157e-02,-2.805590864442483179e-01,3.000000000000000000e+00
3.550300000000000122e-01,-7.734000000000000596e-02,-2.930572202781981939e-01,3.000000000000000000e+00
3.717699999999999894e-01,-8.351000000000000090e-02,-3.036108140635142005e-01,3.000000000000000000e+00
3.717699999999999894e-01,-8.351000000000000090e-02,-3.036108140635142005e-01,3.000000000000000000e+00
3.833799999999999986e-01,-8.860999999999999432e-02,-3.131101641935328250e-01,3.000000000000000000e+00
3.842599999999999905e-01,-8.901000000000000578e-02,-3.138542493828095914e-01,3.000000000000000000e+00
3.918499999999999761e-01,-9.325999999999999568e-02,-3.241172677779642353e-01,3.000000000000000000e+00
4.050000000000000266e-01,-9.893000000000000405e-02,-3.311995325478852559e-01,3.000000000000000000e+00
4.050000000000000266e-01,-9.893000000000000405e-02,-3.311995325478852559e-01,3.000000000000000000e+00
4.163600000000000079e-01,-1.043300000000000061e-01,-3.407621917668611222e-01,3.000000000000000000e+00
4.170499999999999763e-01,-1.046699999999999992e-01,-3.413800242093208981e-01,3.000000000000000000e+00
4.279100000000000126e-01,-1.098299999999999971e-01,-3.524565949766998441e-01,3.000000000000000000e+00
4.390100000000000113e-01,-1.154599999999999932e-01,-3.620863564762875075e-01,3.000000000000000000e+00
4.390100000000000113e-01,-1.154599999999999932e-01,-3.620863564762875075e-01,3.000000000000000000e+00
4.567200000000000149e-01,-1.201799999999999952e-01,-3.736911027963120691e-01,3.000000000000000000e+00
4.567200000000000149e-01,-1.201799999999999952e-01,-3.736911027963120691e-01,3.000000000000000000e+00
4.709300000000000153e-01,-1.262199999999999989e-01,-3.862312799331044100e-01,3.000000000000000000e+00
4.719800000000000106e-01,-1.266899999999999971e-01,-3.871792632836666970e-01,3.000000000000000000e+00
4.804200000000000137e-01,-1.325600000000000112e-01,-3.984234864353989880e-01,3.000000000000000000e+00
4.915100000000000025e-01,-1.386600000000000055e-01,-4.116134547407531707e-01,3.000000000000000000e+00
4.915100000000000025e-01,-1.386600000000000055e-01,-4.116134547407531707e-01,3.000000000000000000e+00
5.036699999999999511e-01,-1.446099999999999886e-01,-4.218270828401980421e-01,3.000000000000000000e+00
5.036699999999999511e-01,-1.446099999999999886e-01,-4.218270828401980421e-01,3.000000000000000000e+00
5.144100000000000339e-01,-1.504399999999999904e-01,-4.329008720162599300e-01,3.000000000000000000e+00
5.144100000000000339e-01,-1.504399999999999904e-01,-4.329008720162599300e-01,3.000000000000000000e+00
5.266100000000000225e-01,-1.569399999999999962e-01,-4.433555961748888996e-01,3.000000000000000000e+00
5.363599999999999479e-01,-1.636400000000000077e-01,-4.547848727467836971e-01,3.000000000000000000e+00
5.363599999999999479e-01,-1.636400000000000077e-01,-4.547848727467836971e-01,3.000000000000000000e+00
5.440199999999999481e-01,-1.703300000000000092e-01,-4.691955219354013717e-01,3.000000000000000000e+00
5.440199999999999481e-01,-1.703300000000000092e-01,-4.691955219354013717e-01,3.000000000000000000e+00
5.595599999999999463e-01,-1.778299999999999881e-01,-4.771735721731130142e-01,3.000000000000000000e+00
5.731199999999999628e-01,-1.853899999999999992e-01,-4.870552133384551396e-01,3.000000000000000000e+00
5.731199999999999628e-01,-1.853899999999999992e-01,-4.870552133384551396e-01,3.000000000000000000e+00
5.823800000000000088e-01,-1.924500000000000099e-01,-4.979126832596991736e-01,3.000000000000000000e+00
5.823800000000000088e-01,-1.924500000000000099e-01,-4.979126832596991736e-01,3.000000000000000000e+00
5.921699999999999742e-01,-1.996699999999999864e-01,-5.071467773772095899e-01,3.000000000000000000e+00
5.928999999999999826e-01,-2.002200000000000091e-01,-5.078251248025110742e-01,3.000000000000000000e+00
6.045099999999999918e-01,-2.074600000000000055e-01,-5.172235678184454732e-01,3.000000000000000000e+00
6.054599999999999982e-01,-2.080599999999999949e-01,-5.179974815099888108e-01,3.000000000000000000e+00
6.121900000000000119e-01,-2.141299999999999870e-01,-5.254662295861715071e-01,3.000000000000000000e+00
6.254399999999999959e-01,-2.218700000000000117e-01,-5.340214504496990644e-01,3.000000000000000000e+00
6.254399999999999959e-01,-2.218700000000000117e-01,-5.340214504496990644e-01,3.000000000000000000e+00
6.359000000000000208e-01,-2.299400000000000055e-01,-5.434835281413774588e-01,3.000000000000000000e+00
6.465600000000000236e-01,-2.377400000000000069e-01,-5.554795620181991467e-01,3.000000000000000000e+00
6.465600000000000236e-01,-2.377400000000000069e-01,-5.554795620181991467e-01,3.000000000000000000e+00
6.574200000000000044e-01,-2.459399999999999920e-01,-5.678287022826394859e-01,3.000000000000000000e+00
6.574200000000000044e-01,-2.459399999999999920e-01,-5.678287022826394859e-01,3.000000000000000000e+00
6.677800000000000402e-01,-2.538199999999999901e-01,-5.805425677833156994e-01,3.000000000000000000e+00
6.677800000000000402e-01,-2.538199999999999901e-01,-5.805425677833156994e-01,3.000000000000000000e+00
6.686199999999999921e-01,-2.544699999999999740e-01,-5.815782640258825298e-01,3.000000000000000000e+00
6.686199999999999921e-01,-2.544699999999999740e-01,-5.815782640258825298e-01,3.000000000000000000e+00
6.927400000000000224e-01,-2.785500000000000198e-01,-6.115130597658968714e-01,3.000000000000000000e+00
7.028900000000000148e-01,-2.868499999999999939e-01,-6.238673315322300628e-01,3.000000000000000000e+00
7.028900000000000148e-01,-2.868499999999999939e-01,-6.238673315322300628e-01,3.000000000000000000e+00
7.137900000000000356e-01,-2.960900000000000198e-01,-6.379822626131577135e-01,3.000000000000000000e+00
7.137900000000000356e-01,-2.960900000000000198e-01,-6.379822626131577135e-01,3.000000000000000000e+00
7.145200000000000440e-01,-2.967299999999999938e-01,-6.389362577454503755e-01,3.000000000000000000e+00
7.256000000000000227e-01,-3.040100000000000025e-01,-6.517754591593870606e-01,3.000000000000000000e+00
7.356599999999999806e-01,-3.122400000000000175e-01,-6.621948289487562533e-01,3.000000000000000000e+00
7.421600000000000419e-01,-3.206499999999999906e-01,-6.718569116451509338e-01,3.000000000000000000e+00
7.421600000000000419e-01,-3.206499999999999906e-01,-6.718569116451509338e-01,3.000000000000000000e+00
7.421600000000000419e-01,-3.206499999999999906e-01,-6.718569116451509338e-01,3.000000000000000000e+00
7.542100000000000470e-01,-3.303900000000000170e-01,-6.814785399735528992e-01,3.000000000000000000e+00
7.639099999999999779e-01,-3.395000000000000240e-01,-6.897771498145187641e-01,3.000000000000000000e+00
7.639099999999999779e-01,-3.395000000000000240e-01,-6.897771498145187641e-01,3.000000000000000000e+00
7.709599999999999786e-01,-3.485900000000000110e-01,-7.020615389490690861e-01,3.000000000000000000e+00
7.802000000000000046e-01,-3.577899999999999969e-01,-7.107345873497733502e-01,3.000000000000000000e+00
7.802000000000000046e-01,-3.577899999999999969e-01,-7.107345873497733502e-01,3.000000000000000000e+00
7.802000000000000046e-01,-3.577899999999999969e-01,-7.107345873497733502e-01,3.000000000000000000e+00
7.802000000000000046e-01,-3.577899999999999969e-01,-7.107345873497733502e-01,3.000000000000000000e+00
7.932599999999999651e-01,-3.755999999999999894e-01,-7.343808576714720981e-01,3.000000000000000000e+00
8.063900000000000512e-01,-3.865899999999999892e-01,-7.474734065011123807e-01,3.000000000000000000e+00
8.063900000000000512e-01,-3.865899999999999892e-01,-7.474734065011123807e-01,3.000000000000000000e+00
8.117699999999999916e-01,-3.950199999999999823e-01,-7.569783049762264238e-01,3.000000000000000000e+00
8.117699999999999916e-01,-3.950199999999999823e-01,-7.569783049762264238e-01,3.000000000000000000e+00
8.189999999999999503e-01,-4.045900000000000052e-01,-7.687493376573640846e-01,3.000000000000000000e+00
8.194599999999999662e-01,-4.052000000000000046e-01,-7.694838696763351971e-01,3.000000000000000000e+00
8.251699999999999591e-01,-4.139499999999999846e-01,-7.793096402684754898e-01,3.000000000000000000e+00
8.257100000000000550e-01,-4.147799999999999820e-01,-7.802368032678516085e-01,3.000000000000000000e+00
8.363399999999999723e-01,-4.247199999999999864e-01,-7.902563038098771031e-01,3.000000000000000000e+00
8.480699999999999905e-01,-4.443400000000000127e-01,-8.135916425667298890e-01,3.000000000000000000e+00
8.480699999999999905e-01,-4.443400000000000127e-01,-8.135916425667298890e-01,3.000000000000000000e+00
8.572300000000000475e-01,-4.557200000000000140e-01,-8.245941602836645012e-01,3.000000000000000000e+00
8.572300000000000475e-01,-4.557200000000000140e-01,-8.245941602836645012e-01,3.000000000000000000e+00
8.668299999999999894e-01,-4.668300000000000227e-01,-8.375962156263333513e-01,3.000000000000000000e+00
8.674399999999999888e-01,-4.675400000000000111e-01,-8.384194610844887263e-01,3.000000000000000000e+00
8.752699999999999925e-01,-4.774999999999999800e-01,-8.503431003595294246e-01,3.000000000000000000e+00
8.758099999999999774e-01,-4.781900000000000039e-01,-8.511650242527699639e-01,3.000000000000000000e+00
8.817300000000000137e-01,-4.875300000000000189e-01,-8.612843522284201470e-01,3.000000000000000000e+00
8.823199999999999932e-01,-4.884600000000000053e-01,-8.622879360063697707e-01,3.000000000000000000e+00
8.880099999999999660e-01,-4.962400000000000144e-01,-8.711818509869283522e-01,3.000000000000000000e+00
8.960299999999999931e-01,-5.072499999999999787e-01,-8.804784288069640308e-01,3.000000000000000000e+00
8.967300000000000271e-01,-5.082100000000000506e-01,-8.812678095400883205e-01,3.000000000000000000e+00
9.059199999999999475e-01,-5.191299999999999804e-01,-8.915337474549515084e-01,3.000000000000000000e+00
9.068500000000000449e-01,-5.202499999999999902e-01,-8.925817232687478509e-01,3.000000000000000000e+00
9.159300000000000219e-01,-5.311700000000000310e-01,-8.997827509149715075e-01,3.000000000000000000e+00
9.210700000000000554e-01,-5.421700000000000408e-01,-9.114884588144721578e-01,3.000000000000000000e+00
9.210700000000000554e-01,-5.421700000000000408e-01,-9.114884588144721578e-01,3.000000000000000000e+00
9.284400000000000430e-01,-5.535999999999999810e-01,-9.252605362643909759e-01,3.000000000000000000e+00
9.290000000000000480e-01,-5.544799999999999729e-01,-9.263035582104864885e-01,3.000000000000000000e+00
9.324000000000000066e-01,-5.636799999999999589e-01,-9.374220905115415725e-01,3.000000000000000000e+00
9.414700000000000291e-01,-5.757299999999999640e-01,-9.457833971464160161e-01,3.000000000000000000e+00
9.414700000000000291e-01,-5.757299999999999640e-01,-9.457833971464160161e-01,3.000000000000000000e+00
9.516799999999999704e-01,-5.886700000000000266e-01,-9.572970051576403794e-01,3.000000000000000000e+00
9.523700000000000498e-01,-5.895399999999999530e-01,-9.580850982521207371e-01,3.000000000000000000e+00
9.543800000000000061e-01,-5.987099999999999644e-01,-9.690591460556634562e-01,3.000000000000000000e+00
9.615399999999999503e-01,-6.105800000000000116e-01,-9.831562132160096557e-01,3.000000000000000000e+00
9.615399999999999503e-01,-6.105800000000000116e-01,-9.831562132160096557e-01,3.000000000000000000e+00
9.665700000000000403e-01,-6.216699999999999449e-01,-9.953827543563252833e-01,3.000000000000000000e+00
9.665700000000000403e-01,-6.216699999999999449e-01,-9.953827543563252833e-01,3.000000000000000000e+00
9.727000000000000091e-01,-6.330000000000000071e-01,-1.006971185443711114e+00,3.000000000000000000e+00
9.727000000000000091e-01,-6.330000000000000071e-01,-1.006971185443711114e+00,3.000000000000000000e+00
9.809299999999999686e-01,-6.455600000000000227e-01,-1.015087621539399798e+00,3.000000000000000000e+00
9.842699999999999783e-01,-6.562500000000000000e-01,-1.027593865561910791e+00,3.000000000000000000e+00
9.842699999999999783e-01,-6.562500000000000000e-01,-1.027593865561910791e+00,3.000000000000000000e+00
9.899000000000000021e-01,-6.680199999999999472e-01,-1.038445920741730921e+00,3.000000000000000000e+00
9.899000000000000021e-01,-6.680199999999999472e-01,-1.038445920741730921e+00,3.000000000000000000e+00
9.966300000000000159e-01,-6.805200000000000138e-01,-1.049685323694026895e+00,3.000000000000000000e+00
9.966300000000000159e-01,-6.805200000000000138e-01,-1.049685323694026895e+00,3.000000000000000000e+00
1.004320000000000102e+00,-6.932000000000000384e-01,-1.061267846129060999e+00,3.000000000000000000e+00
1.003830000000000000e+00,-7.032800000000000162e-01,-1.069636606083223640e+00,3.000000000000000000e+00
1.003830000000000000e+00,-7.032800000000000162e-01,-1.069636606083223640e+00,3.000000000000000000e+00
1.010059999999999958e+00,-7.163399999999999768e-01,-1.078265510853888109e+00,3.000000000000000000e+00
1.014559999999999906e+00,-7.284100000000000019e-01,-1.092351443233301467e+00,3.000000000000000000e+00
1.014559999999999906e+00,-7.284100000000000019e-01,-1.092351443233301467e+00,3.000000000000000000e+00
1.016219999999999901e+00,-7.394199999999999662e-01,-1.105497414068176365e+00,3.000000000000000000e+00
1.016219999999999901e+00,-7.394199999999999662e-01,-1.105497414068176365e+00,3.000000000000000000e+00
1.022520000000000095e+00,-7.529700000000000282e-01,-1.115371901212595995e+00,3.000000000000000000e+00
1.022960000000000091e+00,-7.538799999999999946e-01,-1.116008421784155935e+00,3.000000000000000000e+00
1.026810000000000000e+00,-7.649000000000000243e-01,-1.126153615933185304e+00,3.000000000000000000e+00
1.031230000000000091e+00,-7.771599999999999620e-01,-1.137445127117103549e+00,3.000000000000000000e+00
1.031230000000000091e+00,-7.771599999999999620e-01,-1.137445127117103549e+00,3.000000000000000000e+00
1.032380000000000075e+00,-7.882000000000000117e-01,-1.151607809642435587e+00,3.000000000000000000e+00
1.032380000000000075e+00,-7.882000000000000117e-01,-1.151607809642435587e+00,3.000000000000000000e+00
1.043619999999999992e+00,-8.150899999999999812e-01,-1.171360464971516802e+00,3.000000000000000000e+00
1.043619999999999992e+00,-8.150899999999999812e-01,-1.171360464971516802e+00,3.000000000000000000e+00
1.043449999999999989e+00,-8.264599999999999724e-01,-1.185514840351181265e+00,3.000000000000000000e+00
1.049469999999999903e+00,-8.395099999999999785e-01,-1.198631055408360346e+00,3.000000000000000000e+00
1.049469999999999903e+00,-8.395099999999999785e-01,-1.198631055408360346e+00,3.000000000000000000e+00
1.052110000000000101e+00,-8.512699999999999712e-01,-1.209012220475385035e+00,3.000000000000000000e+00
1.052110000000000101e+00,-8.512699999999999712e-01,-1.209012220475385035e+00,3.000000000000000000e+00
1.057290000000000063e+00,-8.647500000000000187e-01,-1.221819287095379014e+00,3.000000000000000000e+00
1.057290000000000063e+00,-8.647500000000000187e-01,-1.221819287095379014e+00,3.000000000000000000e+00
1.059770000000000101e+00,-8.767500000000000293e-01,-1.233238074280861074e+00,3.000000000000000000e+00
1.059989999999999988e+00,-8.779599999999999627e-01,-1.234390225869225866e+00,3.000000000000000000e+00
1.060170000000000057e+00,-8.881299999999999750e-01,-1.247131954758293082e+00,3.000000000000000000e+00
1.066159999999999997e+00,-9.031900000000000484e-01,-1.255900233714256853e+00,3.000000000000000000e+00
1.066159999999999997e+00,-9.031900000000000484e-01,-1.255900233714256853e+00,3.000000000000000000e+00
1.062060000000000004e+00,-9.130599999999999827e-01,-1.267261284331984372e+00,3.000000000000000000e+00
1.062060000000000004e+00,-9.130599999999999827e-01,-1.267261284331984372e+00,3.000000000000000000e+00
1.070759999999999934e+00,-9.299399999999999888e-01,-1.277920040311667726e+00,3.000000000000000000e+00
1.070920000000000094e+00,-9.418100000000000360e-01,-1.291101218492016978e+00,3.000000000000000000e+00
1.070920000000000094e+00,-9.418100000000000360e-01,-1.291101218492016978e+00,3.000000000000000000e+00
1.069860000000000033e+00,-9.532599999999999962e-01,-1.303723551365982170e+00,3.000000000000000000e+00
1.069860000000000033e+00,-9.532599999999999962e-01,-1.303723551365982170e+00,3.000000000000000000e+00
1.072089999999999987e+00,-9.668900000000000272e-01,-1.311846002698018987e+00,3.000000000000000000e+00
1.072089999999999987e+00,-9.668900000000000272e-01,-1.311846002698018987e+00,3.000000000000000000e+00
1.077530000000000099e+00,-9.817299999999999915e-01,-1.324400547908550108e+00,3.000000000000000000e+00
1.077530000000000099e+00,-9.817299999999999915e-01,-1.324400547908550108e+00,3.000000000000000000e+00
1.077530000000000099e+00,-9.817299999999999915e-01,-1.324400547908550108e+00,3.000000000000000000e+00
1.077530000000000099e+00,-9.817299999999999915e-01,-1.324400547908550108e+00,3.000000000000000000e+00
1.077530000000000099e+00,-9.817299999999999915e-01,-1.324400547908550108e+00,3.000000000000000000e+00
1.077530000000000099e+00,-9.817299999999999915e-01,-1.324400547908550108e+00,3.000000000000000000e+00
1.077530000000000099e+00,-9.817299999999999915e-01,-1.324400547908550108e+00,3.000000000000000000e+00
1.077530000000000099e+00,-9.817299999999999915e-01,-1.324400547908550108e+00,3.000000000000000000e+00
1.077620000000000022e+00,-1.021770000000000067e+00,-1.362339073889215602e+00,3.000000000000000000e+00
1.077620000000000022e+00,-1.021770000000000067e+00,-1.362339073889215602e+00,3.000000000000000000e+00
1.081460000000000088e+00,-1.025900000000000034e+00,-1.361337694773473883e+00,3.000000000000000000e+00
1.081460000000000088e+00,-1.025900000000000034e+00,-1.361337694773473883e+00,3.000000000000000000e+00
1.077530000000000099e+00,-1.024180000000000090e+00,-1.359247572454065800e+00,3.000000000000000000e+00
1.077530000000000099e+00,-1.024180000000000090e+00,-1.359247572454065800e+00,3.000000000000000000e+00
1.081499999999999906e+00,-1.026610000000000023e+00,-1.361129459342237835e+00,3.000000000000000000e+00
1.081499999999999906e+00,-1.026610000000000023e+00,-1.361129459342237835e+00,3.000000000000000000e+00
1.076959999999999917e+00,-1.023600000000000065e+00,-1.362497060612924304e+00,3.000000000000000000e+00
1.080459999999999976e+00,-1.025479999999999947e+00,-1.361634587520896167e+00,3.000000000000000000e+00
1.080459999999999976e+00,-1.025479999999999947e+00,-1.361634587520896167e+00,3.000000000000000000e+00
1.081050000000000066e+00,-1.025800000000000045e+00,-1.361489992218649414e+00,3.000000000000000000e+00
1.081050000000000066e+00,-1.025800000000000045e+00,-1.361489992218649414e+00,3.000000000000000000e+00
1.077039999999999997e+00,-1.023239999999999927e+00,-1.362427105854620901e+00,3.000000000000000000e+00
1.077039999999999997e+00,-1.023239999999999927e+00,-1.362427105854620901e+00,3.000000000000000000e+00
1.073890000000000011e+00,-1.021619999999999973e+00,-1.360797751991515314e+00,3.000000000000000000e+00
1.076279999999999903e+00,-1.022899999999999920e+00,-1.362360956033662918e+00,3.000000000000000000e+00
1.076279999999999903e+00,-1.022899999999999920e+00,-1.362360956033662918e+00,3.000000000000000000e+00
1.080619999999999914e+00,-1.025539999999999896e+00,-1.361587297586076106e+00,3.000000000000000000e+00
1.080619999999999914e+00,-1.025539999999999896e+00,-1.361587297586076106e+00,3.000000000000000000e+00
1.081960000000000033e+00,-1.026329999999999965e+00,-1.361191832314425421e+00,3.000000000000000000e+00
1.082049999999999956e+00,-1.026380000000000070e+00,-1.361163664050629274e+00,3.000000000000000000e+00
1.081120000000000081e+00,-1.025800000000000045e+00,-1.361472428934375367e+00,3.000000000000000000e+00
1.081250000000000044e+00,-1.025870000000000060e+00,-1.360650948182337228e+00,3.000000000000000000e+00
1.081250000000000044e+00,-1.025870000000000060e+00,-1.360650948182337228e+00,3.000000000000000000e+00
1.080359999999999987e+00,-1.025309999999999944e+00,-1.360861960035988361e+00,3.000000000000000000e+00
1.080359999999999987e+00,-1.025309999999999944e+00,-1.360861960035988361e+00,3.000000000000000000e+00
1.077010000000000023e+00,-1.023220000000000018e+00,-1.362360321083874171e+00,3.000000000000000000e+00
1.077010000000000023e+00,-1.023220000000000018e+00,-1.362360321083874171e+00,3.000000000000000000e+00
1.076549999999999896e+00,-1.023039999999999949e+00,-1.362524281652044644e+00,3.000000000000000000e+00
1.076549999999999896e+00,-1.023039999999999949e+00,-1.362524281652044644e+00,3.000000000000000000e+00
1.083839999999999915e+00,-1.027430000000000065e+00,-1.359976897756712155e+00,3.000000000000000000e+00
1.081239999999999979e+00,-1.025789999999999980e+00,-1.361220231049513396e+00,3.000000000000000000e+00
1.081239999999999979e+00,-1.025789999999999980e+00,-1.361220231049513396e+00,3.000000000000000000e+00
1.077290000000000081e+00,-1.023619999999999974e+00,-1.359041698081235428e+00,3.000000000000000000e+00
1.077039999999999997e+00,-1.023479999999999945e+00,-1.358882936112775441e+00,3.000000000000000000e+00
1.079960000000000031e+00,-1.025339999999999918e+00,-1.360841611068880797e+00,3.000000000000000000e+00
-1.379999999999999933e-03,1.499999999999999869e-04,0.000000000000000000e+00,3.000000000000000000e+00
-2.500000000000000052e-04,-6.999999999999999387e-05,4.608170641337905934e-04,3.000000000000000000e+00
-2.500000000000000052e-04,-6.999999999999999387e-05,4.608170641337905934e-04,3.000000000000000000e+00
-4.000000000000000192e-04,-1.000000000000000082e-05,5.421962634589820584e-05,3.000000000000000000e+00
-4.000000000000000192e-04,-1.000000000000000082e-05,5.421962634589820584e-05,3.000000000000000000e+00
-6.000000000000000152e-05,6.000000000000000152e-05,2.263882667164230918e-04,3.000000000000000000e+00
-6.000000000000000152e-05,6.000000000000000152e-05,2.263882667164230918e-04,3.000000000000000000e+00
-2.599999999999999772e-04,-3.000000000000000076e-05,1.923142852704933219e-03,3.000000000000000000e+00
-2.799999999999999755e-04,-4.000000000000000327e-05,2.060957114652408207e-03,3.000000000000000000e+00
1.110000000000000092e-03,-1.100000000000000039e-04,4.632261469370835532e-04,3.000000000000000000e+00
9.000000000000000567e-05,-1.000000000000000048e-04,1.786504148851480794e-04,3.000000000000000000e+00
9.000000000000000567e-05,-1.000000000000000048e-04,1.786504148851480794e-04,3.000000000000000000e+00
9.000000000000000567e-05,-1.000000000000000048e-04,1.786504148851480794e-04,3.000000000000000000e+00
-2.100000000000000087e-04,2.000000000000000164e-05,5.628333974768137205e-04,3.000000000000000000e+00
1.469999999999999953e-03,-1.200000000000000030e-04,4.368358878728354215e-04,3.000000000000000000e+00
1.469999999999999953e-03,-1.200000000000000030e-04,4.368358878728354215e-04,3.000000000000000000e+00
3.269999999999999903e-03,4.000000000000000327e-05,-1.429507524419906805e-03,3.000000000000000000e+00
3.269999999999999903e-03,4.000000000000000327e-05,-1.429507524419906805e-03,3.000000000000000000e+00
1.051999999999999984e-02,-7.900000000000000121e-04,-1.091662800913616865e-02,3.000000000000000000e+00
1.118000000000000070e-02,-8.800000000000000313e-04,-1.174263240470790025e-02,3.000000000000000000e+00
1.907000000000000015e-02,-1.490000000000000005e-03,-1.470108887892550981e-02,3.000000000000000000e+00
2.002999999999999919e-02,-1.559999999999999972e-03,-1.505561865899332497e-02,3.000000000000000000e+00
2.573999999999999899e-02,-1.979999999999999989e-03,-2.172113979589624169e-02,3.000000000000000000e+00
4.062000000000000333e-02,-2.020000000000000094e-03,-2.834522146085471928e-02,3.000000000000000000e+00
4.062000000000000333e-02,-2.020000000000000094e-03,-2.834522146085471928e-02,3.000000000000000000e+00
5.083000000000000018e-02,-3.010000000000000089e-03,-3.651726950215172102e-02,3.000000000000000000e+00
5.083000000000000018e-02,-3.010000000000000089e-03,-3.651726950215172102e-02,3.000000000000000000e+00
5.888000000000000178e-02,-3.769999999999999914e-03,-4.280088302538075790e-02,3.000000000000000000e+00
5.888000000000000178e-02,-3.769999999999999914e-03,-4.280088302538075790e-02,3.000000000000000000e+00
7.328999999999999404e-02,-5.340000000000000129e-03,-4.869022437386729546e-02,3.000000000000000000e+00
7.453999999999999515e-02,-5.470000000000000036e-03,-4.917125096413169777e-02,3.000000000000000000e+00
8.158999999999999586e-02,-6.450000000000000004e-03,-5.999149873229118329e-02,3.000000000000000000e+00
9.635000000000000508e-02,-8.649999999999999703e-03,-6.906442466822067250e-02,3.000000000000000000e+00
9.635000000000000508e-02,-8.649999999999999703e-03,-6.906442466822067250e-02,3.000000000000000000e+00
1.049900000000000000e-01,-1.044999999999999922e-02,-7.954940294515902566e-02,3.000000000000000000e+00
1.049900000000000000e-01,-1.044999999999999922e-02,-7.954940294515902566e-02,3.000000000000000000e+00
1.055100000000000066e-01,-1.056999999999999953e-02,-8.022842745162067635e-02,3.000000000000000000e+00
1.238199999999999995e-01,-1.643000000000000016e-02,-9.740384571498300614e-02,3.000000000000000000e+00
1.383699999999999930e-01,-1.896000000000000116e-02,-1.069788899712755259e-01,3.000000000000000000e+00
1.383699999999999930e-01,-1.896000000000000116e-02,-1.069788899712755259e-01,3.000000000000000000e+00
1.483700000000000019e-01,-2.138999999999999929e-02,-1.183794365548388322e-01,3.000000000000000000e+00
1.610000000000000042e-01,-2.393999999999999947e-02,-1.262406405273421850e-01,3.000000000000000000e+00
1.610000000000000042e-01,-2.393999999999999947e-02,-1.262406405273421850e-01,3.000000000000000000e+00
1.618799999999999961e-01,-2.410999999999999949e-02,-1.267628026182475998e-01,3.000000000000000000e+00
1.766000000000000070e-01,-2.727999999999999869e-02,-1.389364847173613082e-01,3.000000000000000000e+00
1.862399999999999889e-01,-2.998999999999999930e-02,-1.504186116537092888e-01,3.000000000000000000e+00
2.001400000000000123e-01,-3.314000000000000279e-02,-1.601767849689044731e-01,3.000000000000000000e+00
2.001400000000000123e-01,-3.314000000000000279e-02,-1.601767849689044731e-01,3.000000000000000000e+00
2.013300000000000090e-01,-3.341999999999999832e-02,-1.609741121115334794e-01,3.000000000000000000e+00
2.235699999999999910e-01,-3.905999999999999750e-02,-1.803649448891845031e-01,3.000000000000000000e+00
2.235699999999999910e-01,-3.905999999999999750e-02,-1.803649448891845031e-01,3.000000000000000000e+00
2.246599999999999986e-01,-3.930999999999999772e-02,-1.810131683396681013e-01,3.000000000000000000e+00
2.246599999999999986e-01,-3.930999999999999772e-02,-1.810131683396681013e-01,3.000000000000000000e+00
2.514799999999999813e-01,-4.569000000000000145e-02,-1.993514001220302589e-01,3.000000000000000000e+00
2.514799999999999813e-01,-4.569000000000000145e-02,-1.993514001220302589e-01,3.000000000000000000e+00
2.626299999999999746e-01,-4.900999999999999801e-02,-2.095041608392875787e-01,3.000000000000000000e+00
2.635299999999999865e-01,-4.927999999999999742e-02,-2.103419133141490593e-01,3.000000000000000000e+00
2.635299999999999865e-01,-4.927999999999999742e-02,-2.103419133141490593e-01,3.000000000000000000e+00
2.635299999999999865e-01,-4.927999999999999742e-02,-2.103419133141490593e-01,3.000000000000000000e+00
2.959600000000000009e-01,-5.584000000000000075e-02,-2.322861834185584173e-01,3.000000000000000000e+00
3.083699999999999775e-01,-6.053000000000000047e-02,-2.463430065572710659e-01,3.000000000000000000e+00
3.094399999999999928e-01,-6.097000000000000336e-02,-2.476519761486834503e-01,3.000000000000000000e+00
3.204699999999999771e-01,-6.501999999999999447e-02,-2.601193814768400503e-01,3.000000000000000000e+00
3.343499999999999805e-01,-7.004000000000000503e-02,-2.751653040956376639e-01,3.000000000000000000e+00
3.343499999999999805e-01,-7.004000000000000503e-02,-2.751653040956376639e-01,3.000000000000000000e+00
3.456799999999999873e-01,-7.478999999999999537e-02,-2.839283278845015079e-01,3.000000000000000000e+00
3.456799999999999873e-01,-7.478999999999999537e-02,-2.839283278845015079e-01,3.000000000000000000e+00
3.567799999999999860e-01,-7.979999999999999594e-02,-2.983885624979374374e-01,3.000000000000000000e+00
3.578100000000000169e-01,-8.026999999999999413e-02,-2.997708989268471069e-01,3.000000000000000000e+00
3.698299999999999921e-01,-8.534999999999999531e-02,-3.071833252244121071e-01,3.000000000000000000e+00
3.809600000000000208e-01,-9.075999999999999346e-02,-3.172480890784066809e-01,3.000000000000000000e+00
3.809600000000000208e-01,-9.075999999999999346e-02,-3.172480890784066809e-01,3.000000000000000000e+00
3.929099999999999815e-01,-9.576999999999999402e-02,-3.290018548507360197e-01,3.000000000000000000e+00
3.929099999999999815e-01,-9.576999999999999402e-02,-3.290018548507360197e-01,3.000000000000000000e+00
4.055799999999999961e-01,-1.014199999999999963e-01,-3.390603964587461938e-01,3.000000000000000000e+00
4.139599999999999946e-01,-1.064200000000000007e-01,-3.469216982428575680e-01,3.000000000000000000e+00
4.139599999999999946e-01,-1.064200000000000007e-01,-3.469216982428575680e-01,3.000000000000000000e+00
4.252500000000000169e-01,-1.118999999999999995e-01,-3.600363432969200805e-01,3.000000000000000000e+00
4.252500000000000169e-01,-1.118999999999999995e-01,-3.600363432969200805e-01,3.000000000000000000e+00
4.403900000000000037e-01,-1.178799999999999987e-01,-3.698296182798025966e-01,3.000000000000000000e+00
4.417499999999999760e-01,-1.184199999999999975e-01,-3.706568038500287487e-01,3.000000000000000000e+00
4.538099999999999912e-01,-1.235799999999999954e-01,-3.783644505357423582e-01,3.000000000000000000e+00
4.656399999999999983e-01,-1.291599999999999970e-01,-3.906150890146921628e-01,3.000000000000000000e+00
4.656399999999999983e-01,-1.291599999999999970e-01,-3.906150890146921628e-01,3.000000000000000000e+00
4.762600000000000167e-01,-1.350899999999999879e-01,-4.008299886681437330e-01,3.000000000000000000e+00
4.762600000000000167e-01,-1.350899999999999879e-01,-4.008299886681437330e-01,3.000000000000000000e+00
4.865599999999999925e-01,-1.417599999999999971e-01,-4.154080198209488817e-01,3.000000000000000000e+00
4.985100000000000087e-01,-1.484399999999999886e-01,-4.271762343602269474e-01,3.000000000000000000e+00
4.985100000000000087e-01,-1.484399999999999886e-01,-4.271762343602269474e-01,3.000000000000000000e+00
5.109000000000000208e-01,-1.551899999999999946e-01,-4.425732853082438578e-01,3.000000000000000000e+00
5.109000000000000208e-01,-1.551899999999999946e-01,-4.425732853082438578e-01,3.000000000000000000e+00
5.209700000000000442e-01,-1.618999999999999884e-01,-4.532545567825944643e-01,3.000000000000000000e+00
5.218800000000000106e-01,-1.625199999999999978e-01,-4.542015983174880200e-01,3.000000000000000000e+00
5.381599999999999717e-01,-1.768699999999999994e-01,-4.747856722542038166e-01,3.000000000000000000e+00
5.505499999999999838e-01,-1.852999999999999925e-01,-4.877399242137464008e-01,3.000000000000000000e+00
5.505499999999999838e-01,-1.852999999999999925e-01,-4.877399242137464008e-01,3.000000000000000000e+00
5.640300000000000313e-01,-1.930600000000000094e-01,-4.959219237622389809e-01,3.000000000000000000e+00
5.640300000000000313e-01,-1.930600000000000094e-01,-4.959219237622389809e-01,3.000000000000000000e+00
5.733300000000000063e-01,-2.000099999999999933e-01,-5.069481123421607505e-01,3.000000000000000000e+00
5.856999999999999984e-01,-2.077499999999999902e-01,-5.170112400322512958e-01,3.000000000000000000e+00
5.856999999999999984e-01,-2.077499999999999902e-01,-5.170112400322512958e-01,3.000000000000000000e+00
5.868499999999999828e-01,-2.084600000000000064e-01,-5.179045836484771348e-01,3.000000000000000000e+00
5.945099999999999829e-01,-2.145900000000000030e-01,-5.282902849699826486e-01,3.000000000000000000e+00
6.042100000000000248e-01,-2.220100000000000129e-01,-5.382212122595688708e-01,3.000000000000000000e+00
6.049200000000000133e-01,-2.225499999999999978e-01,-5.389285335154067047e-01,3.000000000000000000e+00
6.161799999999999500e-01,-2.295200000000000018e-01,-5.475309088397785073e-01,3.000000000000000000e+00
6.265100000000000113e-01,-2.354900000000000049e-01,-5.592838627970276866e-01,3.000000000000000000e+00
6.265100000000000113e-01,-2.354900000000000049e-01,-5.592838627970276866e-01,3.000000000000000000e+00
6.390200000000000324e-01,-2.434199999999999975e-01,-5.680847135960575001e-01,3.000000000000000000e+00
6.390200000000000324e-01,-2.434199999999999975e-01,-5.680847135960575001e-01,3.000000000000000000e+00
6.474999999999999645e-01,-2.508199999999999874e-01,-5.797122151230809095e-01,3.000000000000000000e+00
6.481000000000000094e-01,-2.513699999999999823e-01,-5.805864635594017997e-01,3.000000000000000000e+00
6.610800000000000010e-01,-2.600600000000000134e-01,-5.917191221397136713e-01,3.000000000000000000e+00
6.716999999999999638e-01,-2.687599999999999989e-01,-6.046102215180269024e-01,3.000000000000000000e+00
6.716999999999999638e-01,-2.687599999999999989e-01,-6.046102215180269024e-01,3.000000000000000000e+00
6.821000000000000396e-01,-2.774099999999999899e-01,-6.173814848361302010e-01,3.000000000000000000e+00
6.908800000000000496e-01,-2.856400000000000050e-01,-6.278126126767489268e-01,3.000000000000000000e+00
6.908800000000000496e-01,-2.856400000000000050e-01,-6.278126126767489268e-01,3.000000000000000000e+00
7.005299999999999860e-01,-2.944899999999999740e-01,-6.411207409204711105e-01,3.000000000000000000e+00
7.005299999999999860e-01,-2.944899999999999740e-01,-6.411207409204711105e-01,3.000000000000000000e+00
7.112600000000000033e-01,-3.043199999999999794e-01,-6.522244004441124510e-01,3.000000000000000000e+00
7.120499999999999607e-01,-3.050399999999999778e-01,-6.530166737049496462e-01,3.000000000000000000e+00
7.167499999999999982e-01,-3.128400000000000070e-01,-6.664843905675614799e-01,3.000000000000000000e+00
7.260799999999999477e-01,-3.219799999999999884e-01,-6.761160615273853480e-01,3.000000000000000000e+00
7.260799999999999477e-01,-3.219799999999999884e-01,-6.761160615273853480e-01,3.000000000000000000e+00
7.328700000000000214e-01,-3.302800000000000180e-01,-6.876851361505873506e-01,3.000000000000000000e+00
7.333699999999999664e-01,-3.309000000000000274e-01,-6.885667790500772378e-01,3.000000000000000000e+00
7.441299999999999581e-01,-3.400099999999999789e-01,-6.973124869192619535e-01,3.000000000000000000e+00
7.574100000000000277e-01,-3.504399999999999737e-01,-7.069384412480086421e-01,3.000000000000000000e+00
7.574100000000000277e-01,-3.504399999999999737e-01,-7.069384412480086421e-01,3.000000000000000000e+00
7.649599999999999733e-01,-3.588299999999999823e-01,-7.173623989956425806e-01,3.000000000000000000e+00
7.649599999999999733e-01,-3.588299999999999823e-01,-7.173623989956425806e-01,3.000000000000000000e+00
7.724299999999999500e-01,-3.680100000000000038e-01,-7.284987733806607135e-01,3.000000000000000000e+00
7.779800000000000049e-01,-3.765600000000000058e-01,-7.408011387368755862e-01,3.000000000000000000e+00
7.779800000000000049e-01,-3.765600000000000058e-01,-7.408011387368755862e-01,3.000000000000000000e+00
7.866199999999999859e-01,-3.859099999999999753e-01,-7.505390597525032348e-01,3.000000000000000000e+00
7.866199999999999859e-01,-3.859099999999999753e-01,-7.505390597525032348e-01,3.000000000000000000e+00
7.973099999999999632e-01,-3.963099999999999956e-01,-7.621199737544365194e-01,3.000000000000000000e+00
7.982099999999999751e-01,-3.971799999999999775e-01,-7.630802057801817639e-01,3.000000000000000000e+00
7.994599999999999485e-01,-4.041500000000000092e-01,-7.743188278005235237e-01,3.000000000000000000e+00
8.064299999999999802e-01,-4.137500000000000067e-01,-7.888965697180962966e-01,3.000000000000000000e+00
8.064299999999999802e-01,-4.137500000000000067e-01,-7.888965697180962966e-01,3.000000000000000000e+00
8.173599999999999755e-01,-4.247600000000000264e-01,-8.000414168936432757e-01,3.000000000000000000e+00
8.173599999999999755e-01,-4.247600000000000264e-01,-8.000414168936432757e-01,3.000000000000000000e+00
8.234200000000000408e-01,-4.343299999999999939e-01,-8.108673753009788543e-01,3.000000000000000000e+00
8.234200000000000408e-01,-4.343299999999999939e-01,-8.108673753009788543e-01,3.000000000000000000e+00
8.316700000000000204e-01,-4.448900000000000077e-01,-8.203713185705058253e-01,3.000000000000000000e+00
8.325399999999999467e-01,-4.459899999999999975e-01,-8.213365339526185194e-01,3.000000000000000000e+00
8.411199999999999788e-01,-4.565100000000000269e-01,-8.369300041963828596e-01,3.000000000000000000e+00
8.486399999999999499e-01,-4.673599999999999977e-01,-8.464360073534525908e-01,3.000000000000000000e+00
8.539900000000000269e-01,-4.773899999999999810e-01,-8.578174022593544334e-01,3.000000000000000000e+00
8.539900000000000269e-01,-4.773899999999999810e-01,-8.578174022593544334e-01,3.000000000000000000e+00
8.610799999999999566e-01,-4.882900000000000018e-01,-8.676541070141676748e-01,3.000000000000000000e+00
8.610799999999999566e-01,-4.882900000000000018e-01,-8.676541070141676748e-01,3.000000000000000000e+00
8.714300000000000379e-01,-5.001900000000000235e-01,-8.789461899785947496e-01,3.000000000000000000e+00
8.714300000000000379e-01,-5.001900000000000235e-01,-8.789461899785947496e-01,3.000000000000000000e+00
8.723699999999999788e-01,-5.012699999999999934e-01,-8.799600203618405114e-01,3.000000000000000000e+00
8.723699999999999788e-01,-5.012699999999999934e-01,-8.799600203618405114e-01,3.000000000000000000e+00
8.899399999999999533e-01,-5.232299999999999729e-01,-9.028435432173238517e-01,3.000000000000000000e+00
8.899399999999999533e-01,-5.232299999999999729e-01,-9.028435432173238517e-01,3.000000000000000000e+00
8.921400000000000441e-01,-5.325400000000000134e-01,-9.136787964738790624e-01,3.000000000000000000e+00
8.921400000000000441e-01,-5.325400000000000134e-01,-9.136787964738790624e-01,3.000000000000000000e+00
8.921400000000000441e-01,-5.325400000000000134e-01,-9.136787964738790624e-01,3.000000000000000000e+00
8.921400000000000441e-01,-5.325400000000000134e-01,-9.136787964738790624e-01,3.000000000000000000e+00
8.922700000000000076e-01,-5.333200000000000163e-01,-9.145953707029613744e-01,3.000000000000000000e+00
9.164900000000000269e-01,-5.681399999999999784e-01,-9.477441502495297376e-01,3.000000000000000000e+00
9.244400000000000395e-01,-5.800199999999999800e-01,-9.615775213165494995e-01,3.000000000000000000e+00
9.288899999999999935e-01,-5.906200000000000339e-01,-9.737938279418785203e-01,3.000000000000000000e+00
9.288899999999999935e-01,-5.906200000000000339e-01,-9.737938279418785203e-01,3.000000000000000000e+00
9.403899999999999482e-01,-6.047200000000000353e-01,-9.847192291895275895e-01,3.000000000000000000e+00
9.403899999999999482e-01,-6.047200000000000353e-01,-9.847192291895275895e-01,3.000000000000000000e+00
9.434500000000000108e-01,-6.153699999999999726e-01,-9.970140567611516236e-01,3.000000000000000000e+00
9.478999999999999648e-01,-6.269799999999999818e-01,-1.007871034099978580e+00,3.000000000000000000e+00
9.478999999999999648e-01,-6.269799999999999818e-01,-1.007871034099978580e+00,3.000000000000000000e+00
9.516599999999999504e-01,-6.384699999999999820e-01,-1.023343976714312875e+00,3.000000000000000000e+00
9.516599999999999504e-01,-6.384699999999999820e-01,-1.023343976714312875e+00,3.000000000000000000e+00
9.591499999999999471e-01,-6.513799999999999590e-01,-1.036737573039113514e+00,3.000000000000000000e+00
9.598499999999999810e-01,-6.525600000000000289e-01,-1.037918145386508950e+00,3.000000000000000000e+00
9.616799999999999793e-01,-6.624799999999999578e-01,-1.049197232846220684e+00,3.000000000000000000e+00
9.729100000000000525e-01,-6.881099999999999994e-01,-1.070762284967575084e+00,3.000000000000000000e+00
9.729100000000000525e-01,-6.881099999999999994e-01,-1.070762284967575084e+00,3.000000000000000000e+00
9.754199999999999537e-01,-6.996200000000000196e-01,-1.080829002618013623e+00,3.000000000000000000e+00
9.755599999999999827e-01,-7.005299999999999860e-01,-1.081633786995890745e+00,3.000000000000000000e+00
9.853699999999999681e-01,-7.138799999999999590e-01,-1.091437334931001590e+00,3.000000000000000000e+00
9.909000000000000030e-01,-7.265800000000000036e-01,-1.102733106084956782e+00,3.000000000000000000e+00
9.909000000000000030e-01,-7.265800000000000036e-01,-1.102733106084956782e+00,3.000000000000000000e+00
9.915000000000000480e-01,-7.369400000000000395e-01,-1.115952296820796885e+00,3.000000000000000000e+00
9.915199999999999569e-01,-7.378900000000000459e-01,-1.117194154265646500e+00,3.000000000000000000e+00
9.949000000000000066e-01,-7.496000000000000441e-01,-1.127520697063911115e+00,3.000000000000000000e+00
1.000140000000000029e+00,-7.619899999999999451e-01,-1.140619437251536583e+00,3.000000000000000000e+00
1.000140000000000029e+00,-7.619899999999999451e-01,-1.140619437251536583e+00,3.000000000000000000e+00
1.005789999999999962e+00,-7.752599999999999492e-01,-1.153215586158063299e+00,3.000000000000000000e+00
1.005789999999999962e+00,-7.752599999999999492e-01,-1.153215586158063299e+00,3.000000000000000000e+00
1.009670000000000067e+00,-7.873900000000000343e-01,-1.165330441507753889e+00,3.000000000000000000e+00
1.013419999999999987e+00,-8.001599999999999824e-01,-1.177072306411241165e+00,3.000000000000000000e+00
1.013419999999999987e+00,-8.001599999999999824e-01,-1.177072306411241165e+00,3.000000000000000000e+00
1.016310000000000047e+00,-8.123399999999999510e-01,-1.188908069996037709e+00,3.000000000000000000e+00
1.016310000000000047e+00,-8.123399999999999510e-01,-1.188908069996037709e+00,3.000000000000000000e+00
1.020820000000000061e+00,-8.259400000000000075e-01,-1.205850370111439807e+00,3.000000000000000000e+00
1.027449999999999974e+00,-8.407200000000000228e-01,-1.217734967741246344e+00,3.000000000000000000e+00
1.027449999999999974e+00,-8.407200000000000228e-01,-1.217734967741246344e+00,3.000000000000000000e+00
1.026480000000000059e+00,-8.517000000000000126e-01,-1.227948351065387245e+00,3.000000000000000000e+00
1.026340000000000030e+00,-8.526000000000000245e-01,-1.228794326476812415e+00,3.000000000000000000e+00
1.032960000000000100e+00,-8.667799999999999949e-01,-1.241890519462048426e+00,3.000000000000000000e+00
1.030450000000000088e+00,-8.653899999999999926e-01,-1.243935242129821539e+00,3.000000000000000000e+00
1.030450000000000088e+00,-8.653899999999999926e-01,-1.243935242129821539e+00,3.000000000000000000e+00
1.027889999999999970e+00,-8.747399999999999620e-01,-1.252565439512811407e+00,3.000000000000000000e+00
1.027689999999999992e+00,-8.755300000000000304e-01,-1.253264619087097520e+00,3.000000000000000000e+00
1.033740000000000103e+00,-8.893900000000000139e-01,-1.263623290961248369e+00,3.000000000000000000e+00
1.033330000000000082e+00,-9.008300000000000196e-01,-1.274853025796146566e+00,3.000000000000000000e+00
1.033330000000000082e+00,-9.008300000000000196e-01,-1.274853025796146566e+00,3.000000000000000000e+00
1.037420000000000009e+00,-9.147399999999999975e-01,-1.288593127165149621e+00,3.000000000000000000e+00
1.037789999999999990e+00,-9.159100000000000019e-01,-1.289737012987003828e+00,3.000000000000000000e+00
1.036569999999999991e+00,-9.263700000000000268e-01,-1.298616673762020168e+00,3.000000000000000000e+00
1.038129999999999997e+00,-9.390800000000000258e-01,-1.309196090453146999e+00,3.000000000000000000e+00
1.038129999999999997e+00,-9.390800000000000258e-01,-1.309196090453146999e+00,3.000000000000000000e+00
1.042629999999999946e+00,-9.537099999999999467e-01,-1.322808184937910303e+00,3.000000000000000000e+00
1.043029999999999902e+00,-9.549400000000000110e-01,-1.323946743327998998e+00,3.000000000000000000e+00
1.042149999999999910e+00,-9.659400000000000208e-01,-1.335334249673492790e+00,3.000000000000000000e+00
1.041630000000000056e+00,-9.777000000000000135e-01,-1.347940452262015087e+00,3.000000000000000000e+00
1.041630000000000056e+00,-9.777000000000000135e-01,-1.347940452262015087e+00,3.000000000000000000e+00
1.041590000000000016e+00,-9.786299999999999999e-01,-1.348925957021661404e+00,3.000000000000000000e+00
1.044100000000000028e+00,-9.921499999999999764e-01,-1.355778059737775987e+00,3.000000000000000000e+00
1.046100000000000030e+00,-1.004660000000000108e+00,-1.367547734769894552e+00,3.000000000000000000e+00
1.045989999999999975e+00,-1.016420000000000101e+00,-1.376892931241818996e+00,3.000000000000000000e+00
1.045989999999999975e+00,-1.016420000000000101e+00,-1.376892931241818996e+00,3.000000000000000000e+00
1.047439999999999927e+00,-1.028950000000000031e+00,-1.397068067476374686e+00,3.000000000000000000e+00
1.047560000000000047e+00,-1.029859999999999998e+00,-1.398550878242987183e+00,3.000000000000000000e+00
1.049109999999999987e+00,-1.040249999999999897e+00,-1.403943140092475783e+00,3.000000000000000000e+00
1.049639999999999906e+00,-1.048149999999999915e+00,-1.409645821854557113e+00,3.000000000000000000e+00
1.049639999999999906e+00,-1.048149999999999915e+00,-1.409645821854557113e+00,3.000000000000000000e+00
1.045490000000000030e+00,-1.051320000000000032e+00,-1.413113825211105956e+00,3.000000000000000000e+00
1.050910000000000011e+00,-1.059549999999999992e+00,-1.416725633017449804e+00,3.000000000000000000e+00
1.050910000000000011e+00,-1.059549999999999992e+00,-1.416725633017449804e+00,3.000000000000000000e+00
1.048910000000000009e+00,-1.062270000000000048e+00,-1.422720211684037839e+00,3.000000000000000000e+00
1.048910000000000009e+00,-1.062270000000000048e+00,-1.422720211684037839e+00,3.000000000000000000e+00
1.051619999999999999e+00,-1.066570000000000018e+00,-1.422544380977013745e+00,3.000000000000000000e+00
1.051600000000000090e+00,-1.067269999999999941e+00,-1.422516205140100354e+00,3.000000000000000000e+00
1.051600000000000090e+00,-1.067269999999999941e+00,-1.422516205140100354e+00,3.000000000000000000e+00
1.048499999999999988e+00,-1.064640000000000031e+00,-1.423789829448427691e+00,3.000000000000000000e+00
1.048499999999999988e+00,-1.064640000000000031e+00,-1.423789829448427691e+00,3.000000000000000000e+00
1.049709999999999921e+00,-1.064710000000000045e+00,-1.425846362732014594e+00,3.000000000000000000e+00
1.049840000000000106e+00,-1.064740000000000020e+00,-1.426023402143880681e+00,3.000000000000000000e+00
1.050890000000000102e+00,-1.065169999999999950e+00,-1.425636537063635689e+00,3.000000000000000000e+00
1.050980000000000025e+00,-1.065199999999999925e+00,-1.425605143879367098e+00,3.000000000000000000e+00
1.050980000000000025e+00,-1.065199999999999925e+00,-1.425605143879367098e+00,3.000000000000000000e+00
1.049930000000000030e+00,-1.064769999999999994e+00,-1.425991318256649709e+00,3.000000000000000000e+00
1.050820000000000087e+00,-1.065379999999999994e+00,-1.425719840339272126e+00,3.000000000000000000e+00
1.050820000000000087e+00,-1.065379999999999994e+00,-1.425719840339272126e+00,3.000000000000000000e+00
1.048510000000000053e+00,-1.063849999999999962e+00,-1.423833267850151518e+00,3.000000000000000000e+00
1.048510000000000053e+00,-1.063849999999999962e+00,-1.423833267850151518e+00,3.000000000000000000e+00
1.049069999999999947e+00,-1.063960000000000017e+00,-1.425156204019826012e+00,3.000000000000000000e+00
1.050769999999999982e+00,-1.065320000000000045e+00,-1.425658158941596865e+00,3.000000000000000000e+00
1.050769999999999982e+00,-1.065320000000000045e+00,-1.425658158941596865e+00,3.000000000000000000e+00
1.048499999999999988e+00,-1.063849999999999962e+00,-1.423826691934596544e+00,3.000000000000000000e+00
1.048499999999999988e+00,-1.063849999999999962e+00,-1.423826691934596544e+00,3.000000000000000000e+00
1.049160000000000093e+00,-1.064149999999999929e+00,-1.425303438115993471e+00,3.000000000000000000e+00
1.049239999999999950e+00,-1.064189999999999969e+00,-1.425445947809095504e+00,3.000000000000000000e+00
1.049120000000000053e+00,-1.064210000000000100e+00,-1.425459483705924235e+00,3.000000000000000000e+00
1.049919999999999964e+00,-1.064650000000000096e+00,-1.426036193246594141e+00,3.000000000000000000e+00
1.049919999999999964e+00,-1.064650000000000096e+00,-1.426036193246594141e+00,3.000000000000000000e+00
1.048419999999999908e+00,-1.063779999999999948e+00,-1.423854499211296920e+00,3.000000000000000000e+00
1.048280000000000101e+00,-1.063700000000000090e+00,-1.423657360181542542e+00,3.000000000000000000e+00
1.049719999999999986e+00,-1.064659999999999940e+00,-1.425839863369065430e+00,3.000000000000000000e+00
1.047409999999999952e+00,-1.063180000000000014e+00,-1.424140794449160419e+00,3.000000000000000000e+00
1.047409999999999952e+00,-1.063180000000000014e+00,-1.424140794449160419e+00,3.000000000000000000e+00
1.046319999999999917e+00,-1.062780000000000058e+00,-1.423500631931580607e+00,3.000000000000000000e+00
1.046259999999999968e+00,-1.062759999999999927e+00,-1.423463389797196221e+00,3.000000000000000000e+00
1.050529999999999964e+00,-1.065220000000000056e+00,-1.425507664088954796e+00,3.000000000000000000e+00
1.050999999999999934e+00,-1.065630000000000077e+00,-1.425823940653513588e+00,3.000000000000000000e+00
4.899999999999999842e-04,5.000000000000000240e-05,0.000000000000000000e+00,3.000000000000000000e+00
4.899999999999999842e-04,5.000000000000000240e-05,0.000000000000000000e+00,3.000000000000000000e+00
1.800000000000000113e-04,4.000000000000000327e-05,1.368173332596631748e-03,3.000000000000000000e+00
1.800000000000000113e-04,4.000000000000000327e-05,1.368173332596631748e-03,3.000000000000000000e+00
1.800000000000000113e-04,4.000000000000000327e-05,1.368173332596631748e-03,3.000000000000000000e+00
1.499999999999999869e-04,3.000000000000000076e-05,1.509285868789305004e-03,3.000000000000000000e+00
3.699999999999999947e-04,-1.900000000000000105e-04,-1.003161062804322154e-04,3.000000000000000000e+00
4.800000000000000122e-04,-2.000000000000000096e-04,-1.007148149087982222e-04,3.000000000000000000e+00
2.300000000000000070e-04,1.200000000000000030e-04,-2.631704549859373971e-04,3.000000000000000000e+00
2.300000000000000070e-04,1.200000000000000030e-04,-2.631704549859373971e-04,3.000000000000000000e+00
2.729999999999999788e-03,-1.800000000000000113e-04,4.504041425711470059e-04,3.000000000000000000e+00
2.729999999999999788e-03,-1.800000000000000113e-04,4.504041425711470059e-04,3.000000000000000000e+00
-9.399999999999999719e-04,-6.999999999999999387e-05,2.340862579981136445e-03,3.000000000000000000e+00
6.400000000000000524e-04,-4.000000000000000327e-05,-5.151714414205662282e-06,3.000000000000000000e+00
6.400000000000000524e-04,-4.000000000000000327e-05,-5.151714414205662282e-06,3.000000000000000000e+00
4.080000000000000293e-03,-6.000000000000000152e-05,-1.887196239405803831e-03,3.000000000000000000e+00
4.080000000000000293e-03,-6.000000000000000152e-05,-1.887196239405803831e-03,3.000000000000000000e+00
1.162000000000000012e-02,-7.100000000000000191e-04,-6.755647778802045464e-03,3.000000000000000000e+00
1.230999999999999976e-02,-7.799999999999999859e-04,-7.196708103589231388e-03,3.000000000000000000e+00
1.909999999999999892e-02,-1.360000000000000098e-03,-8.423392464166573265e-03,3.000000000000000000e+00
2.772000000000000158e-02,-1.350000000000000071e-03,-1.605373467952376371e-02,3.000000000000000000e+00
2.772000000000000158e-02,-1.350000000000000071e-03,-1.605373467952376371e-02,3.000000000000000000e+00
3.755000000000000004e-02,-2.170000000000000054e-03,-2.063358574413774044e-02,3.000000000000000000e+00
3.755000000000000004e-02,-2.170000000000000054e-03,-2.063358574413774044e-02,3.000000000000000000e+00
4.624999999999999944e-02,-2.840000000000000076e-03,-2.633185183329841625e-02,3.000000000000000000e+00
4.698000000000000093e-02,-2.899999999999999800e-03,-2.682791176244107151e-02,3.000000000000000000e+00
5.730999999999999983e-02,-3.959999999999999978e-03,-3.200924038329794330e-02,3.000000000000000000e+00
6.675999999999999990e-02,-5.230000000000000274e-03,-3.944412194166810326e-02,3.000000000000000000e+00
6.675999999999999990e-02,-5.230000000000000274e-03,-3.944412194166810326e-02,3.000000000000000000e+00
7.682999999999999552e-02,-6.729999999999999871e-03,-4.944471444235924718e-02,3.000000000000000000e+00
7.682999999999999552e-02,-6.729999999999999871e-03,-4.944471444235924718e-02,3.000000000000000000e+00
8.562000000000000166e-02,-8.489999999999999283e-03,-6.081814306410575355e-02,3.000000000000000000e+00
8.626999999999999946e-02,-8.630000000000000518e-03,-6.168592765685649432e-02,3.000000000000000000e+00
1.000400000000000039e-01,-1.050000000000000065e-02,-6.786115232158625166e-02,3.000000000000000000e+00
1.101599999999999940e-01,-1.188999999999999953e-02,-7.722995826582193524e-02,3.000000000000000000e+00
1.101599999999999940e-01,-1.188999999999999953e-02,-7.722995826582193524e-02,3.000000000000000000e+00
1.237300000000000066e-01,-1.374000000000000048e-02,-8.584993980052771367e-02,3.000000000000000000e+00
1.237300000000000066e-01,-1.374000000000000048e-02,-8.584993980052771367e-02,3.000000000000000000e+00
1.351199999999999901e-01,-1.599000000000000074e-02,-9.632809663836972014e-02,3.000000000000000000e+00
1.471600000000000130e-01,-1.846000000000000071e-02,-1.067549621020048439e-01,3.000000000000000000e+00
1.471600000000000130e-01,-1.846000000000000071e-02,-1.067549621020048439e-01,3.000000000000000000e+00
1.582699999999999940e-01,-2.069999999999999965e-02,-1.175582021560604429e-01,3.000000000000000000e+00
1.582699999999999940e-01,-2.069999999999999965e-02,-1.175582021560604429e-01,3.000000000000000000e+00
1.708199999999999996e-01,-2.317999999999999922e-02,-1.305610682920604615e-01,3.000000000000000000e+00
1.708199999999999996e-01,-2.317999999999999922e-02,-1.305610682920604615e-01,3.000000000000000000e+00
1.833299999999999930e-01,-2.557999999999999857e-02,-1.431703399059816306e-01,3.000000000000000000e+00
1.960999999999999965e-01,-2.836999999999999938e-02,-1.511654829046642223e-01,3.000000000000000000e+00
1.960999999999999965e-01,-2.836999999999999938e-02,-1.511654829046642223e-01,3.000000000000000000e+00
1.960999999999999965e-01,-2.836999999999999938e-02,-1.511654829046642223e-01,3.000000000000000000e+00
1.960999999999999965e-01,-2.836999999999999938e-02,-1.511654829046642223e-01,3.000000000000000000e+00
1.960999999999999965e-01,-2.836999999999999938e-02,-1.511654829046642223e-01,3.000000000000000000e+00
1.970800000000000052e-01,-2.859000000000000083e-02,-1.517570875805794306e-01,3.000000000000000000e+00
1.970800000000000052e-01,-2.859000000000000083e-02,-1.517570875805794306e-01,3.000000000000000000e+00
1.970800000000000052e-01,-2.859000000000000083e-02,-1.517570875805794306e-01,3.000000000000000000e+00
2.456599999999999895e-01,-4.053999999999999965e-02,-1.850446761860879696e-01,3.000000000000000000e+00
2.584099999999999731e-01,-4.419000000000000011e-02,-1.963672046819621708e-01,3.000000000000000000e+00
2.595500000000000029e-01,-4.451999999999999708e-02,-1.974066032866658438e-01,3.000000000000000000e+00
2.718700000000000006e-01,-4.780000000000000221e-02,-2.056219419543112437e-01,3.000000000000000000e+00
2.844499999999999806e-01,-5.197000000000000230e-02,-2.176592670249287154e-01,3.000000000000000000e+00
2.844499999999999806e-01,-5.197000000000000230e-02,-2.176592670249287154e-01,3.000000000000000000e+00
3.486600000000000255e-01,-6.596000000000000474e-02,-1.964098955780817501e-01,3.000000000000000000e+00
3.552699999999999747e-01,-6.619999999999999496e-02,-1.950129776924902081e-01,3.000000000000000000e+00
3.184400000000000008e-01,-6.682000000000000439e-02,-2.471428156637090201e-01,3.000000000000000000e+00
3.299500000000000210e-01,-7.026000000000000301e-02,-2.640334631200941806e-01,3.000000000000000000e+00
3.299500000000000210e-01,-7.026000000000000301e-02,-2.640334631200941806e-01,3.000000000000000000e+00
3.387299999999999756e-01,-7.431000000000000105e-02,-2.767146439344136954e-01,3.000000000000000000e+00
3.393700000000000050e-01,-7.463000000000000189e-02,-2.776791553009475555e-01,3.000000000000000000e+00
3.483299999999999730e-01,-7.911999999999999589e-02,-2.899968412185318090e-01,3.000000000000000000e+00
3.612199999999999855e-01,-8.451000000000000179e-02,-3.001194326488890174e-01,3.000000000000000000e+00
3.612199999999999855e-01,-8.451000000000000179e-02,-3.001194326488890174e-01,3.000000000000000000e+00
3.758600000000000274e-01,-8.955000000000000460e-02,-3.100109301919589111e-01,3.000000000000000000e+00
3.769299999999999873e-01,-8.991999999999999993e-02,-3.107348391741407423e-01,3.000000000000000000e+00
3.865299999999999847e-01,-9.382000000000000062e-02,-3.207072025735115961e-01,3.000000000000000000e+00
3.874600000000000266e-01,-9.421000000000000207e-02,-3.216639346384059794e-01,3.000000000000000000e+00
3.971100000000000185e-01,-9.876000000000000056e-02,-3.305546794159411883e-01,3.000000000000000000e+00
4.076000000000000179e-01,-1.039000000000000062e-01,-3.403748690230180007e-01,3.000000000000000000e+00
4.076000000000000179e-01,-1.039000000000000062e-01,-3.403748690230180007e-01,3.000000000000000000e+00
4.205200000000000049e-01,-1.095099999999999962e-01,-3.507915122406840003e-01,3.000000000000000000e+00
4.370399999999999840e-01,-1.156900000000000012e-01,-3.613934375756153727e-01,3.000000000000000000e+00
4.370399999999999840e-01,-1.156900000000000012e-01,-3.613934375756153727e-01,3.000000000000000000e+00
4.447900000000000187e-01,-1.208400000000000030e-01,-3.693245219500774223e-01,3.000000000000000000e+00
4.452999999999999736e-01,-1.212099999999999983e-01,-3.698840411869777633e-01,3.000000000000000000e+00
4.560299999999999909e-01,-1.266400000000000026e-01,-3.814590733183412241e-01,3.000000000000000000e+00
4.692299999999999804e-01,-1.334400000000000031e-01,-3.958211422672769375e-01,3.000000000000000000e+00
4.692299999999999804e-01,-1.334400000000000031e-01,-3.958211422672769375e-01,3.000000000000000000e+00
4.794599999999999973e-01,-1.399900000000000033e-01,-4.071952886026938279e-01,3.000000000000000000e+00
4.802199999999999802e-01,-1.405099999999999960e-01,-4.080550452167517883e-01,3.000000000000000000e+00
4.929100000000000148e-01,-1.468500000000000083e-01,-4.204532449240014902e-01,3.000000000000000000e+00
5.054600000000000204e-01,-1.536299999999999888e-01,-4.315169849058093088e-01,3.000000000000000000e+00
5.054600000000000204e-01,-1.536299999999999888e-01,-4.315169849058093088e-01,3.000000000000000000e+00
5.162299999999999667e-01,-1.598499999999999921e-01,-4.400097644013475917e-01,3.000000000000000000e+00
5.172099999999999476e-01,-1.604399999999999993e-01,-4.407834247879705014e-01,3.000000000000000000e+00
5.253799999999999581e-01,-1.662599999999999911e-01,-4.521850737868028935e-01,3.000000000000000000e+00
5.262000000000000011e-01,-1.668499999999999983e-01,-4.533109162232545342e-01,3.000000000000000000e+00
5.372099999999999653e-01,-1.731399999999999884e-01,-4.636485599524262091e-01,3.000000000000000000e+00
5.490500000000000380e-01,-1.806999999999999995e-01,-4.751087901059835028e-01,3.000000000000000000e+00
5.490500000000000380e-01,-1.806999999999999995e-01,-4.751087901059835028e-01,3.000000000000000000e+00
5.584299999999999820e-01,-1.869699999999999973e-01,-4.860341524021865034e-01,3.000000000000000000e+00
5.695500000000000007e-01,-1.940300000000000080e-01,-4.977061099475017514e-01,3.000000000000000000e+00
5.695500000000000007e-01,-1.940300000000000080e-01,-4.977061099475017514e-01,3.000000000000000000e+00
5.836999999999999966e-01,-2.011799999999999977e-01,-5.057007140491005526e-01,3.000000000000000000e+00
5.836999999999999966e-01,-2.011799999999999977e-01,-5.057007140491005526e-01,3.000000000000000000e+00
5.847900000000000320e-01,-2.017200000000000104e-01,-5.062773094068265811e-01,3.000000000000000000e+00
6.053699999999999637e-01,-2.154200000000000004e-01,-5.215842989944265984e-01,3.000000000000000000e+00
6.053699999999999637e-01,-2.154200000000000004e-01,-5.215842989944265984e-01,3.000000000000000000e+00
6.131999999999999673e-01,-2.224200000000000066e-01,-5.345001960126224416e-01,3.000000000000000000e+00
6.131999999999999673e-01,-2.224200000000000066e-01,-5.345001960126224416e-01,3.000000000000000000e+00
6.228099999999999747e-01,-2.297700000000000020e-01,-5.440526279453112846e-01,3.000000000000000000e+00
6.236800000000000122e-01,-2.304299999999999959e-01,-5.448782206270750272e-01,3.000000000000000000e+00
6.340500000000000025e-01,-2.379400000000000126e-01,-5.525045845941998213e-01,3.000000000000000000e+00
6.450700000000000323e-01,-2.462100000000000122e-01,-5.640330024683698484e-01,3.000000000000000000e+00
6.450700000000000323e-01,-2.462100000000000122e-01,-5.640330024683698484e-01,3.000000000000000000e+00
6.610200000000000520e-01,-2.561100000000000043e-01,-5.785258813166762604e-01,3.000000000000000000e+00
6.642000000000000126e-01,-2.629799999999999915e-01,-5.890315559573047199e-01,3.000000000000000000e+00
6.642000000000000126e-01,-2.629799999999999915e-01,-5.890315559573047199e-01,3.000000000000000000e+00
6.754400000000000404e-01,-2.714799999999999991e-01,-5.998121401282917597e-01,3.000000000000000000e+00
6.754400000000000404e-01,-2.714799999999999991e-01,-5.998121401282917597e-01,3.000000000000000000e+00
6.871599999999999930e-01,-2.801500000000000101e-01,-6.103288414638929904e-01,3.000000000000000000e+00
6.882200000000000539e-01,-2.809300000000000130e-01,-6.112752801431320382e-01,3.000000000000000000e+00
6.997200000000000086e-01,-2.894700000000000051e-01,-6.214247078925737577e-01,3.000000000000000000e+00
7.056700000000000195e-01,-2.973799999999999777e-01,-6.353571305529185365e-01,3.000000000000000000e+00
7.056700000000000195e-01,-2.973799999999999777e-01,-6.353571305529185365e-01,3.000000000000000000e+00
7.151699999999999724e-01,-3.061800000000000077e-01,-6.443095075649702963e-01,3.000000000000000000e+00
7.265500000000000291e-01,-3.151999999999999802e-01,-6.549787678370098121e-01,3.000000000000000000e+00
7.265500000000000291e-01,-3.151999999999999802e-01,-6.549787678370098121e-01,3.000000000000000000e+00
7.325300000000000145e-01,-3.229000000000000203e-01,-6.688786956239007875e-01,3.000000000000000000e+00
7.325300000000000145e-01,-3.229000000000000203e-01,-6.688786956239007875e-01,3.000000000000000000e+00
7.429400000000000448e-01,-3.316200000000000259e-01,-6.802922525024810430e-01,3.000000000000000000e+00
7.518399999999999528e-01,-3.401500000000000079e-01,-6.906481967367270602e-01,3.000000000000000000e+00
7.518399999999999528e-01,-3.401500000000000079e-01,-6.906481967367270602e-01,3.000000000000000000e+00
7.620099999999999651e-01,-3.492299999999999849e-01,-6.992634291888055742e-01,3.000000000000000000e+00
7.620099999999999651e-01,-3.492299999999999849e-01,-6.992634291888055742e-01,3.000000000000000000e+00
7.718399999999999705e-01,-3.586199999999999943e-01,-7.077048285416226436e-01,3.000000000000000000e+00
7.785999999999999588e-01,-3.671300000000000119e-01,-7.198368155085592690e-01,3.000000000000000000e+00
7.785999999999999588e-01,-3.671300000000000119e-01,-7.198368155085592690e-01,3.000000000000000000e+00
7.903099999999999570e-01,-3.774100000000000232e-01,-7.304074222969031416e-01,3.000000000000000000e+00
7.903099999999999570e-01,-3.774100000000000232e-01,-7.304074222969031416e-01,3.000000000000000000e+00
7.938399999999999901e-01,-3.858199999999999963e-01,-7.418138084578529412e-01,3.000000000000000000e+00
7.941099999999999826e-01,-3.866100000000000092e-01,-7.429059978974192902e-01,3.000000000000000000e+00
8.031000000000000361e-01,-3.963499999999999801e-01,-7.542049389203543397e-01,3.000000000000000000e+00
8.135200000000000209e-01,-4.068200000000000149e-01,-7.666557234129285359e-01,3.000000000000000000e+00
8.135200000000000209e-01,-4.068200000000000149e-01,-7.666557234129285359e-01,3.000000000000000000e+00
8.179400000000000004e-01,-4.157299999999999884e-01,-7.765571005255609283e-01,3.000000000000000000e+00
8.269100000000000339e-01,-4.260999999999999788e-01,-7.882831073722466053e-01,3.000000000000000000e+00
8.269100000000000339e-01,-4.260999999999999788e-01,-7.882831073722466053e-01,3.000000000000000000e+00
8.363899999999999668e-01,-4.369500000000000051e-01,-8.008326390440989595e-01,3.000000000000000000e+00
8.363899999999999668e-01,-4.369500000000000051e-01,-8.008326390440989595e-01,3.000000000000000000e+00
8.424300000000000122e-01,-4.467599999999999905e-01,-8.123338326647489005e-01,3.000000000000000000e+00
8.428200000000000136e-01,-4.474500000000000144e-01,-8.131343433022090172e-01,3.000000000000000000e+00
8.488900000000000334e-01,-4.563200000000000034e-01,-8.238113863352746202e-01,3.000000000000000000e+00
8.541600000000000303e-01,-4.653800000000000159e-01,-8.352446489087727022e-01,3.000000000000000000e+00
8.541600000000000303e-01,-4.653800000000000159e-01,-8.352446489087727022e-01,3.000000000000000000e+00
8.654600000000000071e-01,-4.773399999999999865e-01,-8.462775933793966754e-01,3.000000000000000000e+00
8.663699999999999735e-01,-4.782699999999999729e-01,-8.471110221274614771e-01,3.000000000000000000e+00
8.721100000000000518e-01,-4.869299999999999740e-01,-8.565708912946539133e-01,3.000000000000000000e+00
8.808200000000000474e-01,-4.977900000000000102e-01,-8.700156041153586095e-01,3.000000000000000000e+00
8.808200000000000474e-01,-4.977900000000000102e-01,-8.700156041153586095e-01,3.000000000000000000e+00
8.828399999999999581e-01,-5.059200000000000363e-01,-8.803445492021937380e-01,3.000000000000000000e+00
8.828399999999999581e-01,-5.059200000000000363e-01,-8.803445492021937380e-01,3.000000000000000000e+00
8.922200000000000131e-01,-5.172600000000000531e-01,-8.881638285029640478e-01,3.000000000000000000e+00
9.068000000000000504e-01,-5.306999999999999496e-01,-9.006170969508850987e-01,3.000000000000000000e+00
9.068000000000000504e-01,-5.306999999999999496e-01,-9.006170969508850987e-01,3.000000000000000000e+00
9.125400000000000178e-01,-5.416100000000000358e-01,-9.129058630676661901e-01,3.000000000000000000e+00
9.129199999999999537e-01,-5.424299999999999677e-01,-9.138416712268473407e-01,3.000000000000000000e+00
9.201000000000000290e-01,-5.531500000000000306e-01,-9.258554939071134138e-01,3.000000000000000000e+00
9.209399999999999809e-01,-5.544000000000000039e-01,-9.272450921253843070e-01,3.000000000000000000e+00
9.227400000000000047e-01,-5.619800000000000351e-01,-9.413118948779376494e-01,3.000000000000000000e+00
9.314900000000000402e-01,-5.740100000000000202e-01,-9.499265755434107561e-01,3.000000000000000000e+00
9.314900000000000402e-01,-5.740100000000000202e-01,-9.499265755434107561e-01,3.000000000000000000e+00
9.371500000000000385e-01,-5.866700000000000248e-01,-9.592295386327118756e-01,3.000000000000000000e+00
9.491000000000000547e-01,-5.999999999999999778e-01,-9.730062091982200068e-01,3.000000000000000000e+00
9.491000000000000547e-01,-5.999999999999999778e-01,-9.730062091982200068e-01,3.000000000000000000e+00
9.524500000000000188e-01,-6.107299999999999951e-01,-9.852479313141321304e-01,3.000000000000000000e+00
9.524500000000000188e-01,-6.107299999999999951e-01,-9.852479313141321304e-01,3.000000000000000000e+00
9.588200000000000056e-01,-6.223199999999999843e-01,-9.990302019260004496e-01,3.000000000000000000e+00
9.588200000000000056e-01,-6.223199999999999843e-01,-9.990302019260004496e-01,3.000000000000000000e+00
9.672899999999999832e-01,-6.355100000000000193e-01,-1.012022499811041421e+00,3.000000000000000000e+00
9.672899999999999832e-01,-6.355100000000000193e-01,-1.012022499811041421e+00,3.000000000000000000e+00
9.734800000000000120e-01,-6.474699999999999900e-01,-1.022202269604752578e+00,3.000000000000000000e+00
9.710299999999999487e-01,-6.561000000000000165e-01,-1.034862131275185115e+00,3.000000000000000000e+00
9.710299999999999487e-01,-6.561000000000000165e-01,-1.034862131275185115e+00,3.000000000000000000e+00
9.779700000000000060e-01,-6.681799999999999962e-01,-1.043984702045621882e+00,3.000000000000000000e+00
9.847000000000000197e-01,-6.800699999999999523e-01,-1.054277705790265252e+00,3.000000000000000000e+00
9.847000000000000197e-01,-6.800699999999999523e-01,-1.054277705790265252e+00,3.000000000000000000e+00
9.953199999999999825e-01,-6.939199999999999813e-01,-1.065504796813455224e+00,3.000000000000000000e+00
9.954600000000000115e-01,-7.048200000000000021e-01,-1.079203115641426791e+00,3.000000000000000000e+00
9.954600000000000115e-01,-7.048200000000000021e-01,-1.079203115641426791e+00,3.000000000000000000e+00
9.954300000000000370e-01,-7.055900000000000505e-01,-1.080193954218265251e+00,3.000000000000000000e+00
9.954300000000000370e-01,-7.055900000000000505e-01,-1.080193954218265251e+00,3.000000000000000000e+00
9.983699999999999797e-01,-7.154199999999999449e-01,-1.090513024199852632e+00,3.000000000000000000e+00
1.004240000000000022e+00,-7.277799999999999825e-01,-1.102473441011062816e+00,3.000000000000000000e+00
1.008040000000000047e+00,-7.394399999999999862e-01,-1.113613866024084187e+00,3.000000000000000000e+00
1.019940000000000069e+00,-7.553699999999999859e-01,-1.126482742552398220e+00,3.000000000000000000e+00
1.019940000000000069e+00,-7.553699999999999859e-01,-1.126482742552398220e+00,3.000000000000000000e+00
1.018180000000000085e+00,-7.656600000000000072e-01,-1.138324509519495598e+00,3.000000000000000000e+00
1.020559999999999912e+00,-7.775999999999999579e-01,-1.149229558108824101e+00,3.000000000000000000e+00
1.020559999999999912e+00,-7.775999999999999579e-01,-1.149229558108824101e+00,3.000000000000000000e+00
1.024860000000000104e+00,-7.914799999999999613e-01,-1.163342577330880090e+00,3.000000000000000000e+00
1.031449999999999978e+00,-8.062200000000000477e-01,-1.176881135943351531e+00,3.000000000000000000e+00
1.031449999999999978e+00,-8.062200000000000477e-01,-1.176881135943351531e+00,3.000000000000000000e+00
1.028890000000000082e+00,-8.048600000000000199e-01,-1.177800000176604245e+00,3.000000000000000000e+00
1.028580000000000050e+00,-8.046299999999999564e-01,-1.177785447152075227e+00,3.000000000000000000e+00
1.036059999999999981e+00,-8.188100000000000378e-01,-1.188585383371328463e+00,3.000000000000000000e+00
1.040829999999999922e+00,-8.428700000000000081e-01,-1.211879592633993585e+00,3.000000000000000000e+00
1.040829999999999922e+00,-8.428700000000000081e-01,-1.211879592633993585e+00,3.000000000000000000e+00
1.040480000000000071e+00,-8.546000000000000263e-01,-1.222723403903314354e+00,3.000000000000000000e+00
1.040480000000000071e+00,-8.546000000000000263e-01,-1.222723403903314354e+00,3.000000000000000000e+00
1.047150000000000025e+00,-8.689599999999999547e-01,-1.237627348152254614e+00,3.000000000000000000e+00
1.047789999999999999e+00,-8.702400000000000135e-01,-1.238961865053525235e+00,3.000000000000000000e+00
1.046799999999999953e+00,-8.800200000000000244e-01,-1.247744490229798719e+00,3.000000000000000000e+00
1.045369999999999910e+00,-8.903900000000000148e-01,-1.257914658137370578e+00,3.000000000000000000e+00
1.045369999999999910e+00,-8.903900000000000148e-01,-1.257914658137370578e+00,3.000000000000000000e+00
1.051409999999999956e+00,-9.038800000000000168e-01,-1.271045178965119149e+00,3.000000000000000000e+00
1.051409999999999956e+00,-9.038800000000000168e-01,-1.271045178965119149e+00,3.000000000000000000e+00
1.054599999999999982e+00,-9.167800000000000393e-01,-1.282840717159482224e+00,3.000000000000000000e+00
1.056689999999999907e+00,-9.298399999999999999e-01,-1.296184882497237956e+00,3.000000000000000000e+00
1.056689999999999907e+00,-9.298399999999999999e-01,-1.296184882497237956e+00,3.000000000000000000e+00
1.054780000000000051e+00,-9.407900000000000151e-01,-1.307063592117721829e+00,3.000000000000000000e+00
1.054780000000000051e+00,-9.407900000000000151e-01,-1.307063592117721829e+00,3.000000000000000000e+00
1.057220000000000049e+00,-9.545000000000000151e-01,-1.322210165249438019e+00,3.000000000000000000e+00
1.058820000000000094e+00,-9.677900000000000391e-01,-1.330785469084017292e+00,3.000000000000000000e+00
1.058820000000000094e+00,-9.677900000000000391e-01,-1.330785469084017292e+00,3.000000000000000000e+00
1.060710000000000042e+00,-9.809099999999999486e-01,-1.344320595691293141e+00,3.000000000000000000e+00
1.060710000000000042e+00,-9.809099999999999486e-01,-1.344320595691293141e+00,3.000000000000000000e+00
1.060680000000000067e+00,-9.923300000000000454e-01,-1.362721047735099722e+00,3.000000000000000000e+00
1.063549999999999995e+00,-1.004459999999999908e+00,-1.371446182053559726e+00,3.000000000000000000e+00
1.063549999999999995e+00,-1.004459999999999908e+00,-1.371446182053559726e+00,3.000000000000000000e+00
1.060300000000000020e+00,-1.010140000000000038e+00,-1.378090588042545139e+00,3.000000000000000000e+00
1.060300000000000020e+00,-1.010140000000000038e+00,-1.378090588042545139e+00,3.000000000000000000e+00
1.066030000000000033e+00,-1.019109999999999960e+00,-1.381122710331385450e+00,3.000000000000000000e+00
1.060540000000000038e+00,-1.020569999999999977e+00,-1.384652971383990794e+00,3.000000000000000000e+00
1.060540000000000038e+00,-1.020569999999999977e+00,-1.384652971383990794e+00,3.000000000000000000e+00
1.061069999999999958e+00,-1.024699999999999944e+00,-1.388202811952471860e+00,3.000000000000000000e+00
1.061069999999999958e+00,-1.024699999999999944e+00,-1.388202811952471860e+00,3.000000000000000000e+00
1.061050000000000049e+00,-1.027209999999999956e+00,-1.388385404717098925e+00,3.000000000000000000e+00
1.063169999999999948e+00,-1.029179999999999984e+00,-1.387256045284105621e+00,3.000000000000000000e+00
1.063169999999999948e+00,-1.029179999999999984e+00,-1.387256045284105621e+00,3.000000000000000000e+00
1.065190000000000081e+00,-1.029719999999999969e+00,-1.387182534304489012e+00,3.000000000000000000e+00
1.065190000000000081e+00,-1.029719999999999969e+00,-1.387182534304489012e+00,3.000000000000000000e+00
1.066380000000000106e+00,-1.029800000000000049e+00,-1.388670171476367399e+00,3.000000000000000000e+00
1.067439999999999944e+00,-1.030399999999999983e+00,-1.388545327627518811e+00,3.000000000000000000e+00
1.067439999999999944e+00,-1.030399999999999983e+00,-1.388545327627518811e+00,3.000000000000000000e+00
1.065749999999999975e+00,-1.029849999999999932e+00,-1.388384441390336121e+00,3.000000000000000000e+00
1.065749999999999975e+00,-1.029849999999999932e+00,-1.388384441390336121e+00,3.000000000000000000e+00
1.061409999999999965e+00,-1.027190000000000047e+00,-1.388230879574952947e+00,3.000000000000000000e+00
1.061020000000000074e+00,-1.026939999999999964e+00,-1.388216777846746686e+00,3.000000000000000000e+00
1.064219999999999944e+00,-1.028820000000000068e+00,-1.386661385154045911e+00,3.000000000000000000e+00
1.064219999999999944e+00,-1.028820000000000068e+00,-1.386661385154045911e+00,3.000000000000000000e+00
1.062189999999999968e+00,-1.027369999999999894e+00,-1.388513943318983701e+00,3.000000000000000000e+00
1.067069999999999963e+00,-1.030410000000000048e+00,-1.388589692279764920e+00,3.000000000000000000e+00
1.067069999999999963e+00,-1.030410000000000048e+00,-1.388589692279764920e+00,3.000000000000000000e+00
1.064929999999999932e+00,-1.029179999999999984e+00,-1.386679726617567443e+00,3.000000000000000000e+00
1.064929999999999932e+00,-1.029179999999999984e+00,-1.386679726617567443e+00,3.000000000000000000e+00
1.061229999999999896e+00,-1.027160000000000073e+00,-1.388071775934253349e+00,3.000000000000000000e+00
1.061199999999999921e+00,-1.026759999999999895e+00,-1.388117251558636855e+00,3.000000000000000000e+00
1.061199999999999921e+00,-1.026759999999999895e+00,-1.388117251558636855e+00,3.000000000000000000e+00
1.063560000000000061e+00,-1.028110000000000079e+00,-1.386033530811615178e+00,3.000000000000000000e+00
1.063560000000000061e+00,-1.028110000000000079e+00,-1.386033530811615178e+00,3.000000000000000000e+00
1.061919999999999975e+00,-1.027320000000000011e+00,-1.384625747928972306e+00,3.000000000000000000e+00
1.061919999999999975e+00,-1.027320000000000011e+00,-1.384625747928972306e+00,3.000000000000000000e+00
1.060159999999999991e+00,-1.026440000000000019e+00,-1.388148619379571569e+00,3.000000000000000000e+00
1.061099999999999932e+00,-1.026639999999999997e+00,-1.388155786332968544e+00,3.000000000000000000e+00
1.061099999999999932e+00,-1.026639999999999997e+00,-1.388155786332968544e+00,3.000000000000000000e+00
1.061090000000000089e+00,-1.026699999999999946e+00,-1.388130511057615646e+00,3.000000000000000000e+00
1.061090000000000089e+00,-1.026699999999999946e+00,-1.388130511057615646e+00,3.000000000000000000e+00
1.061080000000000023e+00,-1.026699999999999946e+00,-1.388131801482090921e+00,3.000000000000000000e+00
1.061080000000000023e+00,-1.026699999999999946e+00,-1.388131801482090921e+00,3.000000000000000000e+00
1.061099999999999932e+00,-1.026759999999999895e+00,-1.388121038759582149e+00,3.000000000000000000e+00
1.061099999999999932e+00,-1.026759999999999895e+00,-1.388119965092601271e+00,3.000000000000000000e+00
1.061080000000000023e+00,-1.026699999999999946e+00,-1.388130779871992182e+00,3.000000000000000000e+00
1.399999999999999986e-03,-3.600000000000000227e-04,0.000000000000000000e+00,3.000000000000000000e+00
1.399999999999999986e-03,-3.600000000000000227e-04,0.000000000000000000e+00,3.000000000000000000e+00
3.299999999999999982e-04,-1.499999999999999869e-04,1.488749913401985923e-03,3.000000000000000000e+00
2.200000000000000078e-04,-1.200000000000000030e-04,1.648360707929761226e-03,3.000000000000000000e+00
3.400000000000000244e-04,2.000000000000000164e-05,1.419276923087227013e-03,3.000000000000000000e+00
1.430000000000000064e-03,-1.499999999999999869e-04,1.493215872457370448e-03,3.000000000000000000e+00
1.430000000000000064e-03,-1.499999999999999869e-04,1.493215872457370448e-03,3.000000000000000000e+00
4.400000000000000157e-04,-1.399999999999999877e-04,1.338188940486743960e-03,3.000000000000000000e+00
4.400000000000000157e-04,-1.399999999999999877e-04,1.338188940486743960e-03,3.000000000000000000e+00
3.299999999999999982e-04,-8.000000000000000654e-05,3.464676981213715180e-05,3.000000000000000000e+00
3.299999999999999982e-04,-6.999999999999999387e-05,-6.346463722691039928e-05,3.000000000000000000e+00
4.800000000000000122e-04,4.000000000000000327e-05,1.297425518291849596e-03,3.000000000000000000e+00
-7.799999999999999859e-04,1.900000000000000105e-04,1.390455483467946309e-03,3.000000000000000000e+00
-7.799999999999999859e-04,1.900000000000000105e-04,1.390455483467946309e-03,3.000000000000000000e+00
2.439999999999999895e-03,-2.900000000000000017e-04,2.386360549325909977e-06,3.000000000000000000e+00
2.439999999999999895e-03,-2.900000000000000017e-04,2.386360549325909977e-06,3.000000000000000000e+00
4.669999999999999672e-03,-9.000000000000000567e-05,-1.744965753143636012e-03,3.000000000000000000e+00
4.819999999999999632e-03,-6.999999999999999387e-05,-1.876842799445098539e-03,3.000000000000000000e+00
8.449999999999999178e-03,-2.500000000000000052e-04,-3.867603260538160330e-03,3.000000000000000000e+00
8.449999999999999178e-03,-2.500000000000000052e-04,-3.867603260538160330e-03,3.000000000000000000e+00
1.417999999999999990e-02,-7.200000000000000453e-04,-7.010281736946778058e-03,3.000000000000000000e+00
2.118000000000000091e-02,-1.199999999999999895e-03,-1.044540192559945992e-02,3.000000000000000000e+00
2.118000000000000091e-02,-1.199999999999999895e-03,-1.044540192559945992e-02,3.000000000000000000e+00
2.707000000000000031e-02,-1.949999999999999910e-03,-1.578243104347610420e-02,3.000000000000000000e+00
3.402999999999999775e-02,-2.309999999999999987e-03,-1.822412536088363622e-02,3.000000000000000000e+00
3.402999999999999775e-02,-2.309999999999999987e-03,-1.822412536088363622e-02,3.000000000000000000e+00
4.454999999999999932e-02,-3.429999999999999889e-03,-2.318860813088875761e-02,3.000000000000000000e+00
4.454999999999999932e-02,-3.429999999999999889e-03,-2.318860813088875761e-02,3.000000000000000000e+00
5.160000000000000003e-02,-3.830000000000000071e-03,-3.074954109455758922e-02,3.000000000000000000e+00
5.204999999999999905e-02,-3.860000000000000150e-03,-3.125597656317583017e-02,3.000000000000000000e+00
6.374000000000000499e-02,-4.989999999999999644e-03,-3.589920544038271988e-02,3.000000000000000000e+00
7.445999999999999841e-02,-6.289999999999999584e-03,-4.480906887443370651e-02,3.000000000000000000e+00
7.445999999999999841e-02,-6.289999999999999584e-03,-4.480906887443370651e-02,3.000000000000000000e+00
8.193000000000000282e-02,-7.139999999999999646e-03,-5.302478651409739396e-02,3.000000000000000000e+00
8.193000000000000282e-02,-7.139999999999999646e-03,-5.302478651409739396e-02,3.000000000000000000e+00
9.396999999999999797e-02,-8.999999999999999320e-03,-6.269380936306083452e-02,3.000000000000000000e+00
1.045500000000000040e-01,-1.050000000000000065e-02,-7.511158805600316735e-02,3.000000000000000000e+00
1.045500000000000040e-01,-1.050000000000000065e-02,-7.511158805600316735e-02,3.000000000000000000e+00
1.182700000000000001e-01,-1.243999999999999967e-02,-8.473257657104941998e-02,3.000000000000000000e+00
1.182700000000000001e-01,-1.243999999999999967e-02,-8.473257657104941998e-02,3.000000000000000000e+00
1.270900000000000085e-01,-1.395000000000000059e-02,-9.390641380649536463e-02,3.000000000000000000e+00
1.412100000000000022e-01,-1.606000000000000136e-02,-1.055131900108817466e-01,3.000000000000000000e+00
1.412100000000000022e-01,-1.606000000000000136e-02,-1.055131900108817466e-01,3.000000000000000000e+00
1.569800000000000084e-01,-1.905000000000000096e-02,-1.142766759055566655e-01,3.000000000000000000e+00
1.569800000000000084e-01,-1.905000000000000096e-02,-1.142766759055566655e-01,3.000000000000000000e+00
1.640000000000000069e-01,-2.111000000000000029e-02,-1.256292865327488795e-01,3.000000000000000000e+00
1.644899999999999973e-01,-2.126000000000000112e-02,-1.264679251191344889e-01,3.000000000000000000e+00
1.808700000000000030e-01,-2.486000000000000015e-02,-1.396478962470495966e-01,3.000000000000000000e+00
1.925300000000000067e-01,-2.779999999999999832e-02,-1.495451803211790553e-01,3.000000000000000000e+00
1.925300000000000067e-01,-2.779999999999999832e-02,-1.495451803211790553e-01,3.000000000000000000e+00
2.037400000000000044e-01,-3.050999999999999893e-02,-1.599054605748322644e-01,3.000000000000000000e+00
2.049300000000000010e-01,-3.080000000000000099e-02,-1.609993019377054801e-01,3.000000000000000000e+00
2.224800000000000111e-01,-3.817000000000000254e-02,-1.771247434993238057e-01,3.000000000000000000e+00
2.355099999999999971e-01,-4.175999999999999851e-02,-1.890838565238407154e-01,3.000000000000000000e+00
2.355099999999999971e-01,-4.175999999999999851e-02,-1.890838565238407154e-01,3.000000000000000000e+00
2.440299999999999969e-01,-4.453000000000000014e-02,-1.937122819559065068e-01,3.000000000000000000e+00
2.440299999999999969e-01,-4.453000000000000014e-02,-1.937122819559065068e-01,3.000000000000000000e+00
2.619099999999999762e-01,-4.857999999999999818e-02,-2.047587068655877529e-01,3.000000000000000000e+00
2.736100000000000199e-01,-5.217999999999999722e-02,-2.149970501291740832e-01,3.000000000000000000e+00
2.736100000000000199e-01,-5.217999999999999722e-02,-2.149970501291740832e-01,3.000000000000000000e+00
2.867899999999999894e-01,-5.628999999999999976e-02,-2.301378056576430520e-01,3.000000000000000000e+00
2.867899999999999894e-01,-5.628999999999999976e-02,-2.301378056576430520e-01,3.000000000000000000e+00
3.039999999999999925e-01,-5.983000000000000124e-02,-2.441953227759738609e-01,3.000000000000000000e+00
3.039999999999999925e-01,-5.983000000000000124e-02,-2.441953227759738609e-01,3.000000000000000000e+00
3.169100000000000250e-01,-6.381000000000000560e-02,-2.552542613279998318e-01,3.000000000000000000e+00
3.180299999999999794e-01,-6.418000000000000094e-02,-2.562196291354833511e-01,3.000000000000000000e+00
3.325699999999999767e-01,-6.861000000000000432e-02,-2.711575166206510179e-01,3.000000000000000000e+00
3.421000000000000152e-01,-7.235999999999999377e-02,-2.807898560516650099e-01,3.000000000000000000e+00
3.421000000000000152e-01,-7.235999999999999377e-02,-2.807898560516650099e-01,3.000000000000000000e+00
3.525200000000000000e-01,-7.717999999999999861e-02,-2.938612227211552796e-01,3.000000000000000000e+00
3.525200000000000000e-01,-7.717999999999999861e-02,-2.938612227211552796e-01,3.000000000000000000e+00
3.671599999999999864e-01,-8.268000000000000349e-02,-3.040541805748762094e-01,3.000000000000000000e+00
3.681699999999999973e-01,-8.307000000000000495e-02,-3.047297679994458997e-01,3.000000000000000000e+00
3.818099999999999827e-01,-8.845000000000000084e-02,-3.158408363736158186e-01,3.000000000000000000e+00
3.829199999999999826e-01,-8.888999999999999679e-02,-3.167361849555181408e-01,3.000000000000000000e+00
3.942899999999999738e-01,-9.392999999999999960e-02,-3.275949553450082097e-01,3.000000000000000000e+00
4.012800000000000256e-01,-9.859999999999999321e-02,-3.364062470217724643e-01,3.000000000000000000e+00
4.012800000000000256e-01,-9.859999999999999321e-02,-3.364062470217724643e-01,3.000000000000000000e+00
4.112399999999999944e-01,-1.041300000000000003e-01,-3.465620378038755667e-01,3.000000000000000000e+00
4.120500000000000274e-01,-1.045900000000000024e-01,-3.473703711241240000e-01,3.000000000000000000e+00
4.238700000000000245e-01,-1.101300000000000057e-01,-3.563671111094779964e-01,3.000000000000000000e+00
4.384600000000000164e-01,-1.163700000000000012e-01,-3.665189247051590105e-01,3.000000000000000000e+00
4.384600000000000164e-01,-1.163700000000000012e-01,-3.665189247051590105e-01,3.000000000000000000e+00
4.470799999999999774e-01,-1.215200000000000030e-01,-3.761176281960027512e-01,3.000000000000000000e+00
4.477800000000000114e-01,-1.219699999999999951e-01,-3.769423260241451246e-01,3.000000000000000000e+00
4.593599999999999905e-01,-1.275100000000000122e-01,-3.883251129934133239e-01,3.000000000000000000e+00
4.710500000000000242e-01,-1.332099999999999951e-01,-4.005542406683116341e-01,3.000000000000000000e+00
4.710500000000000242e-01,-1.332099999999999951e-01,-4.005542406683116341e-01,3.000000000000000000e+00
4.831300000000000039e-01,-1.397500000000000131e-01,-4.109038227703943336e-01,3.000000000000000000e+00
4.842199999999999838e-01,-1.403500000000000025e-01,-4.118127838027272891e-01,3.000000000000000000e+00
4.946200000000000041e-01,-1.467400000000000093e-01,-4.238386873806730959e-01,3.000000000000000000e+00
5.050900000000000389e-01,-1.529800000000000049e-01,-4.388807706367042205e-01,3.000000000000000000e+00
5.050900000000000389e-01,-1.529800000000000049e-01,-4.388807706367042205e-01,3.000000000000000000e+00
5.177100000000000035e-01,-1.597200000000000009e-01,-4.501157740890436854e-01,3.000000000000000000e+00
5.177100000000000035e-01,-1.597200000000000009e-01,-4.501157740890436854e-01,3.000000000000000000e+00
5.249899999999999567e-01,-1.652500000000000080e-01,-4.594369204726471145e-01,3.000000000000000000e+00
5.392500000000000071e-01,-1.727299999999999947e-01,-4.710188066431116871e-01,3.000000000000000000e+00
5.392500000000000071e-01,-1.727299999999999947e-01,-4.710188066431116871e-01,3.000000000000000000e+00
5.504499999999999948e-01,-1.801899999999999891e-01,-4.849140175070347225e-01,3.000000000000000000e+00
5.504499999999999948e-01,-1.801899999999999891e-01,-4.849140175070347225e-01,3.000000000000000000e+00
5.653099999999999792e-01,-1.943100000000000105e-01,-5.050486137590208813e-01,3.000000000000000000e+00
5.653099999999999792e-01,-1.943100000000000105e-01,-5.050486137590208813e-01,3.000000000000000000e+00
5.784500000000000197e-01,-2.029799999999999938e-01,-5.160739389258249821e-01,3.000000000000000000e+00
5.923800000000000177e-01,-2.115400000000000058e-01,-5.241112121326025886e-01,3.000000000000000000e+00
5.923800000000000177e-01,-2.115400000000000058e-01,-5.241112121326025886e-01,3.000000000000000000e+00
5.992300000000000404e-01,-2.184699999999999975e-01,-5.343168133171889433e-01,3.000000000000000000e+00
5.992300000000000404e-01,-2.184699999999999975e-01,-5.343168133171889433e-01,3.000000000000000000e+00
6.130400000000000293e-01,-2.253300000000000025e-01,-5.442957159318241311e-01,3.000000000000000000e+00
6.130400000000000293e-01,-2.253300000000000025e-01,-5.442957159318241311e-01,3.000000000000000000e+00
6.245300000000000296e-01,-2.330599999999999894e-01,-5.562946875829481996e-01,3.000000000000000000e+00
6.367099999999999982e-01,-2.413299999999999890e-01,-5.624520572850439937e-01,3.000000000000000000e+00
6.367099999999999982e-01,-2.413299999999999890e-01,-5.624520572850439937e-01,3.000000000000000000e+00
6.468599999999999905e-01,-2.494300000000000128e-01,-5.764526303878251268e-01,3.000000000000000000e+00
6.468599999999999905e-01,-2.494300000000000128e-01,-5.764526303878251268e-01,3.000000000000000000e+00
6.575199999999999934e-01,-2.577099999999999946e-01,-5.886471390442702400e-01,3.000000000000000000e+00
6.583499999999999908e-01,-2.583599999999999786e-01,-5.895830838569178223e-01,3.000000000000000000e+00
6.693500000000000005e-01,-2.666299999999999781e-01,-5.995596703505743363e-01,3.000000000000000000e+00
6.771899999999999586e-01,-2.744599999999999818e-01,-6.113570062416823214e-01,3.000000000000000000e+00
6.771899999999999586e-01,-2.744599999999999818e-01,-6.113570062416823214e-01,3.000000000000000000e+00
6.845299999999999718e-01,-2.821400000000000019e-01,-6.228072128068845581e-01,3.000000000000000000e+00
6.845299999999999718e-01,-2.821400000000000019e-01,-6.228072128068845581e-01,3.000000000000000000e+00
6.966099999999999515e-01,-2.910800000000000054e-01,-6.340137153536556935e-01,3.000000000000000000e+00
7.081699999999999662e-01,-2.998199999999999754e-01,-6.444346929604862773e-01,3.000000000000000000e+00
7.081699999999999662e-01,-2.998199999999999754e-01,-6.444346929604862773e-01,3.000000000000000000e+00
7.154399999999999649e-01,-3.081800000000000095e-01,-6.573379646940510357e-01,3.000000000000000000e+00
7.154399999999999649e-01,-3.081800000000000095e-01,-6.573379646940510357e-01,3.000000000000000000e+00
7.266700000000000381e-01,-3.178500000000000214e-01,-6.682315923908943578e-01,3.000000000000000000e+00
7.339200000000000168e-01,-3.261700000000000155e-01,-6.803366870167808500e-01,3.000000000000000000e+00
7.339200000000000168e-01,-3.261700000000000155e-01,-6.803366870167808500e-01,3.000000000000000000e+00
7.449400000000000466e-01,-3.356399999999999939e-01,-6.917991341864473398e-01,3.000000000000000000e+00
7.449400000000000466e-01,-3.356399999999999939e-01,-6.917991341864473398e-01,3.000000000000000000e+00
7.530499999999999972e-01,-3.447899999999999854e-01,-7.027790769806723237e-01,3.000000000000000000e+00
7.530499999999999972e-01,-3.447899999999999854e-01,-7.027790769806723237e-01,3.000000000000000000e+00
7.584400000000000031e-01,-3.529800000000000160e-01,-7.118193757869933913e-01,3.000000000000000000e+00
7.588500000000000245e-01,-3.536299999999999999e-01,-7.125275743739885037e-01,3.000000000000000000e+00
7.710299999999999931e-01,-3.637599999999999723e-01,-7.214821154815475035e-01,3.000000000000000000e+00
7.775199999999999889e-01,-3.729000000000000092e-01,-7.291264605197407267e-01,3.000000000000000000e+00
7.775199999999999889e-01,-3.729000000000000092e-01,-7.291264605197407267e-01,3.000000000000000000e+00
7.878300000000000303e-01,-3.830100000000000171e-01,-7.403397590387569283e-01,3.000000000000000000e+00
7.878300000000000303e-01,-3.830100000000000171e-01,-7.403397590387569283e-01,3.000000000000000000e+00
7.958600000000000119e-01,-3.926299999999999790e-01,-7.515993687351888441e-01,3.000000000000000000e+00
7.958600000000000119e-01,-3.926299999999999790e-01,-7.515993687351888441e-01,3.000000000000000000e+00
8.030199999999999561e-01,-4.107999999999999985e-01,-7.754961895008861683e-01,3.000000000000000000e+00
8.164799999999999836e-01,-4.229800000000000226e-01,-7.850430987102994251e-01,3.000000000000000000e+00
8.164799999999999836e-01,-4.229800000000000226e-01,-7.850430987102994251e-01,3.000000000000000000e+00
8.175700000000000189e-01,-4.238899999999999890e-01,-7.856954956517666622e-01,3.000000000000000000e+00
8.228499999999999703e-01,-4.324500000000000011e-01,-7.972840893155297426e-01,3.000000000000000000e+00
8.314500000000000224e-01,-4.428300000000000014e-01,-8.101088640640360383e-01,3.000000000000000000e+00
8.314500000000000224e-01,-4.428300000000000014e-01,-8.101088640640360383e-01,3.000000000000000000e+00
8.434500000000000330e-01,-4.546399999999999886e-01,-8.205060638002211748e-01,3.000000000000000000e+00
8.500499999999999723e-01,-4.626500000000000057e-01,-8.346127088925837656e-01,3.000000000000000000e+00
8.500499999999999723e-01,-4.626500000000000057e-01,-8.346127088925837656e-01,3.000000000000000000e+00
8.534300000000000219e-01,-4.714200000000000057e-01,-8.454366125992877068e-01,3.000000000000000000e+00
8.534300000000000219e-01,-4.714200000000000057e-01,-8.454366125992877068e-01,3.000000000000000000e+00
8.614000000000000545e-01,-4.819999999999999840e-01,-8.577709538020870106e-01,3.000000000000000000e+00
8.614000000000000545e-01,-4.819999999999999840e-01,-8.577709538020870106e-01,3.000000000000000000e+00
8.754100000000000215e-01,-4.948100000000000276e-01,-8.697465366736023551e-01,3.000000000000000000e+00
8.754100000000000215e-01,-4.948100000000000276e-01,-8.697465366736023551e-01,3.000000000000000000e+00
8.846399999999999819e-01,-5.063400000000000123e-01,-8.793880524979661439e-01,3.000000000000000000e+00
8.871799999999999686e-01,-5.156399999999999872e-01,-8.904093763231315517e-01,3.000000000000000000e+00
8.871799999999999686e-01,-5.156399999999999872e-01,-8.904093763231315517e-01,3.000000000000000000e+00
8.939300000000000024e-01,-5.266899999999999915e-01,-8.999165127591680635e-01,3.000000000000000000e+00
8.939300000000000024e-01,-5.266899999999999915e-01,-8.999165127591680635e-01,3.000000000000000000e+00
8.992400000000000393e-01,-5.371099999999999763e-01,-9.118362791065787176e-01,3.000000000000000000e+00
8.996699999999999697e-01,-5.380099999999999882e-01,-9.128725198242340078e-01,3.000000000000000000e+00
9.114600000000000479e-01,-5.508100000000000218e-01,-9.215164197835150617e-01,3.000000000000000000e+00
9.172200000000000353e-01,-5.618999999999999551e-01,-9.364414432341195971e-01,3.000000000000000000e+00
9.172200000000000353e-01,-5.618999999999999551e-01,-9.364414432341195971e-01,3.000000000000000000e+00
9.235900000000000221e-01,-5.737700000000000022e-01,-9.468710739874929283e-01,3.000000000000000000e+00
9.235900000000000221e-01,-5.737700000000000022e-01,-9.468710739874929283e-01,3.000000000000000000e+00
9.300800000000000178e-01,-5.849900000000000100e-01,-9.570759637399011144e-01,3.000000000000000000e+00
9.339499999999999469e-01,-5.953100000000000058e-01,-9.690263068550906134e-01,3.000000000000000000e+00
9.339499999999999469e-01,-5.953100000000000058e-01,-9.690263068550906134e-01,3.000000000000000000e+00
9.342500000000000249e-01,-5.961999999999999522e-01,-9.700671448321839252e-01,3.000000000000000000e+00
9.481800000000000228e-01,-6.104399999999999826e-01,-9.803714664174596471e-01,3.000000000000000000e+00
9.522699999999999498e-01,-6.215500000000000469e-01,-9.926454362606575987e-01,3.000000000000000000e+00
9.576700000000000212e-01,-6.330700000000000216e-01,-1.006257964785510772e+00,3.000000000000000000e+00
9.576700000000000212e-01,-6.330700000000000216e-01,-1.006257964785510772e+00,3.000000000000000000e+00
9.669499999999999762e-01,-6.556899999999999951e-01,-1.027914473200826517e+00,3.000000000000000000e+00
9.669499999999999762e-01,-6.556899999999999951e-01,-1.027914473200826517e+00,3.000000000000000000e+00
9.712800000000000322e-01,-6.679699999999999527e-01,-1.041844840419354989e+00,3.000000000000000000e+00
9.716399999999999482e-01,-6.690199999999999481e-01,-1.043064033558716019e+00,3.000000000000000000e+00
9.760199999999999987e-01,-6.795799999999999619e-01,-1.052466710170658182e+00,3.000000000000000000e+00
9.809299999999999686e-01,-6.913000000000000256e-01,-1.063310249914759975e+00,3.000000000000000000e+00
9.809299999999999686e-01,-6.913000000000000256e-01,-1.063310249914759975e+00,3.000000000000000000e+00
9.874199999999999644e-01,-7.039100000000000357e-01,-1.073999685185522246e+00,3.000000000000000000e+00
9.879799999999999693e-01,-7.049699999999999855e-01,-1.074883080327557305e+00,3.000000000000000000e+00
9.960200000000000164e-01,-7.177499999999999991e-01,-1.086003019318650509e+00,3.000000000000000000e+00
9.950200000000000156e-01,-7.273399999999999865e-01,-1.094756426680288941e+00,3.000000000000000000e+00
9.950200000000000156e-01,-7.273399999999999865e-01,-1.094756426680288941e+00,3.000000000000000000e+00
1.002000000000000002e+00,-7.414600000000000080e-01,-1.107227378853154809e+00,3.000000000000000000e+00
1.002000000000000002e+00,-7.414600000000000080e-01,-1.107227378853154809e+00,3.000000000000000000e+00
1.003300000000000081e+00,-7.526199999999999557e-01,-1.119777907935675332e+00,3.000000000000000000e+00
1.003360000000000030e+00,-7.535500000000000531e-01,-1.120846973542829472e+00,3.000000000000000000e+00
1.008979999999999988e+00,-7.657800000000000162e-01,-1.132463855238977191e+00,3.000000000000000000e+00
1.019320000000000004e+00,-7.813799999999999635e-01,-1.143893370012960320e+00,3.000000000000000000e+00
1.019320000000000004e+00,-7.813799999999999635e-01,-1.143893370012960320e+00,3.000000000000000000e+00
1.016969999999999930e+00,-7.907800000000000384e-01,-1.155141803839295322e+00,3.000000000000000000e+00
1.016650000000000054e+00,-7.915600000000000414e-01,-1.156131002425137444e+00,3.000000000000000000e+00
1.019900000000000029e+00,-8.028699999999999726e-01,-1.166214757636744981e+00,3.000000000000000000e+00
1.024000000000000021e+00,-8.158600000000000296e-01,-1.177893635449753118e+00,3.000000000000000000e+00
1.024000000000000021e+00,-8.158600000000000296e-01,-1.177893635449753118e+00,3.000000000000000000e+00
1.028680000000000039e+00,-8.293000000000000371e-01,-1.194087744855588218e+00,3.000000000000000000e+00
1.029099999999999904e+00,-8.304899999999999505e-01,-1.195544857900598723e+00,3.000000000000000000e+00
1.033830000000000027e+00,-8.432399999999999896e-01,-1.204612145616192231e+00,3.000000000000000000e+00
1.031789999999999985e+00,-8.525599999999999845e-01,-1.215929334783864446e+00,3.000000000000000000e+00
1.031789999999999985e+00,-8.525599999999999845e-01,-1.215929334783864446e+00,3.000000000000000000e+00
1.036850000000000049e+00,-8.657899999999999485e-01,-1.226271426026042555e+00,3.000000000000000000e+00
1.039579999999999949e+00,-8.781299999999999661e-01,-1.237543436334571201e+00,3.000000000000000000e+00
1.039579999999999949e+00,-8.781299999999999661e-01,-1.237543436334571201e+00,3.000000000000000000e+00
1.047579999999999956e+00,-8.937899999999999734e-01,-1.246495302189106091e+00,3.000000000000000000e+00
1.047579999999999956e+00,-8.937899999999999734e-01,-1.246495302189106091e+00,3.000000000000000000e+00
1.050019999999999953e+00,-9.065900000000000070e-01,-1.261209620766631678e+00,3.000000000000000000e+00
1.050189999999999957e+00,-9.076899999999999968e-01,-1.262543951957632915e+00,3.000000000000000000e+00
1.055399999999999894e+00,-9.211000000000000298e-01,-1.271959373256938974e+00,3.000000000000000000e+00
1.055399999999999894e+00,-9.211000000000000298e-01,-1.271959373256938974e+00,3.000000000000000000e+00
1.051719999999999988e+00,-9.311099999999999932e-01,-1.283797737909182501e+00,3.000000000000000000e+00
1.058210000000000095e+00,-9.470800000000000329e-01,-1.295889550296748460e+00,3.000000000000000000e+00
1.054910000000000014e+00,-9.578799999999999537e-01,-1.309277981770782251e+00,3.000000000000000000e+00
1.054910000000000014e+00,-9.578799999999999537e-01,-1.309277981770782251e+00,3.000000000000000000e+00
1.053420000000000023e+00,-9.695599999999999774e-01,-1.321957685199929289e+00,3.000000000000000000e+00
1.053420000000000023e+00,-9.695599999999999774e-01,-1.321957685199929289e+00,3.000000000000000000e+00
1.058890000000000109e+00,-9.850999999999999757e-01,-1.332948992204836980e+00,3.000000000000000000e+00
1.059420000000000028e+00,-9.865099999999999980e-01,-1.333899601797782886e+00,3.000000000000000000e+00
1.059439999999999937e+00,-9.973600000000000243e-01,-1.342641798219460725e+00,3.000000000000000000e+00
1.061609999999999943e+00,-1.009179999999999966e+00,-1.357877903587729085e+00,3.000000000000000000e+00
1.061609999999999943e+00,-1.009179999999999966e+00,-1.357877903587729085e+00,3.000000000000000000e+00
1.058270000000000044e+00,-1.016410000000000036e+00,-1.363817105138257935e+00,3.000000000000000000e+00
1.058270000000000044e+00,-1.016410000000000036e+00,-1.363817105138257935e+00,3.000000000000000000e+00
1.060729999999999951e+00,-1.024729999999999919e+00,-1.373330694037895094e+00,3.000000000000000000e+00
1.059350000000000014e+00,-1.029209999999999958e+00,-1.376767698837617182e+00,3.000000000000000000e+00
1.059350000000000014e+00,-1.029209999999999958e+00,-1.376767698837617182e+00,3.000000000000000000e+00
1.062319999999999931e+00,-1.035190000000000055e+00,-1.381608640768867913e+00,3.000000000000000000e+00
1.062319999999999931e+00,-1.035190000000000055e+00,-1.381608640768867913e+00,3.000000000000000000e+00
1.062319999999999931e+00,-1.035190000000000055e+00,-1.381608640768867913e+00,3.000000000000000000e+00
1.059059999999999890e+00,-1.038510000000000044e+00,-1.383706671349385520e+00,3.000000000000000000e+00
1.059059999999999890e+00,-1.038510000000000044e+00,-1.383706671349385520e+00,3.000000000000000000e+00
1.057940000000000103e+00,-1.038510000000000044e+00,-1.384143598028294786e+00,3.000000000000000000e+00
1.060780000000000056e+00,-1.039930000000000021e+00,-1.385980471161881944e+00,3.000000000000000000e+00
1.060780000000000056e+00,-1.039930000000000021e+00,-1.385980471161881944e+00,3.000000000000000000e+00
1.059399999999999897e+00,-1.038329999999999975e+00,-1.383744398978385304e+00,3.000000000000000000e+00
1.059399999999999897e+00,-1.038329999999999975e+00,-1.383744398978385304e+00,3.000000000000000000e+00
1.059239999999999959e+00,-1.038159999999999972e+00,-1.383510247695998618e+00,3.000000000000000000e+00
1.061139999999999972e+00,-1.038999999999999924e+00,-1.385607246292346106e+00,3.000000000000000000e+00
1.059229999999999894e+00,-1.038419999999999899e+00,-1.383815807397790865e+00,3.000000000000000000e+00
1.059229999999999894e+00,-1.038419999999999899e+00,-1.383815807397790865e+00,3.000000000000000000e+00
1.059229999999999894e+00,-1.038419999999999899e+00,-1.383815807397790865e+00,3.000000000000000000e+00
1.059260000000000090e+00,-1.038569999999999993e+00,-1.383497052565695107e+00,3.000000000000000000e+00
1.059039999999999981e+00,-1.038429999999999964e+00,-1.383608900659655694e+00,3.000000000000000000e+00
1.058310000000000084e+00,-1.037579999999999947e+00,-1.383813829029757247e+00,3.000000000000000000e+00
1.060769999999999991e+00,-1.039420000000000011e+00,-1.385746117719647730e+00,3.000000000000000000e+00
1.060769999999999991e+00,-1.039420000000000011e+00,-1.385746117719647730e+00,3.000000000000000000e+00
1.059399999999999897e+00,-1.038289999999999935e+00,-1.383725968881064361e+00,3.000000000000000000e+00
1.059090000000000087e+00,-1.038280000000000092e+00,-1.384398038297632194e+00,3.000000000000000000e+00
1.059090000000000087e+00,-1.038280000000000092e+00,-1.384398038297632194e+00,3.000000000000000000e+00
1.062459999999999960e+00,-1.040280000000000094e+00,-1.382139088091737467e+00,3.000000000000000000e+00
1.062459999999999960e+00,-1.040280000000000094e+00,-1.382139088091737467e+00,3.000000000000000000e+00
1.062699999999999978e+00,-1.040529999999999955e+00,-1.385719378607098928e+00,3.000000000000000000e+00
1.062689999999999912e+00,-1.040540000000000020e+00,-1.386133690053563239e+00,3.000000000000000000e+00
1.062019999999999964e+00,-1.040180000000000105e+00,-1.386518839462272279e+00,3.000000000000000000e+00
1.058589999999999920e+00,-1.037740000000000107e+00,-1.384088046292683893e+00,3.000000000000000000e+00
1.058589999999999920e+00,-1.037740000000000107e+00,-1.384088046292683893e+00,3.000000000000000000e+00
1.059779999999999944e+00,-1.038780000000000037e+00,-1.384153047270435533e+00,3.000000000000000000e+00
1.059779999999999944e+00,-1.038780000000000037e+00,-1.384153047270435533e+00,3.000000000000000000e+00
1.055649999999999977e+00,-1.035949999999999926e+00,-1.382005683720536116e+00,3.000000000000000000e+00
1.059469999999999912e+00,-1.038580000000000059e+00,-1.383953351232661166e+00,3.000000000000000000e+00
1.059469999999999912e+00,-1.038580000000000059e+00,-1.383953351232661166e+00,3.000000000000000000e+00
1.058200000000000029e+00,-1.037860000000000005e+00,-1.383954405131510690e+00,3.000000000000000000e+00
1.058200000000000029e+00,-1.037860000000000005e+00,-1.383954405131510690e+00,3.000000000000000000e+00
1.058040000000000092e+00,-1.037770000000000081e+00,-1.383932142283901046e+00,3.000000000000000000e+00
3.099999999999999999e-04,-6.000000000000000152e-05,0.000000000000000000e+00,3.000000000000000000e+00
4.299999999999999894e-04,-9.000000000000000567e-05,-1.185974564542604734e-04,3.000000000000000000e+00
4.299999999999999894e-04,-9.000000000000000567e-05,-1.185974564542604734e-04,3.000000000000000000e+00
4.299999999999999894e-04,-2.400000000000000061e-04,-1.896035067636650149e-04,3.000000000000000000e+00
4.299999999999999894e-04,-2.400000000000000061e-04,-1.896035067636650149e-04,3.000000000000000000e+00
4.299999999999999894e-04,-1.000000000000000048e-04,-1.251873957424923169e-04,3.000000000000000000e+00
4.299999999999999894e-04,-1.000000000000000048e-04,-1.251873957424923169e-04,3.000000000000000000e+00
4.299999999999999894e-04,-9.000000000000000567e-05,-1.185974564542604734e-04,3.000000000000000000e+00
4.299999999999999894e-04,-9.000000000000000567e-05,-1.185974564542604734e-04,3.000000000000000000e+00
-5.900000000000000296e-04,-2.000000000000000164e-05,1.519460604288228869e-03,3.000000000000000000e+00
3.600000000000000227e-04,-8.000000000000000654e-05,-1.479314475713366722e-05,3.000000000000000000e+00
4.899999999999999842e-04,-9.000000000000000567e-05,2.002589365027914185e-04,3.000000000000000000e+00
4.899999999999999842e-04,-9.000000000000000567e-05,2.002589365027914185e-04,3.000000000000000000e+00
4.899999999999999842e-04,-9.000000000000000567e-05,2.002589365027914185e-04,3.000000000000000000e+00
4.899999999999999842e-04,-9.000000000000000567e-05,2.226079296094215501e-04,3.000000000000000000e+00
-4.129999999999999991e-03,1.549999999999999946e-03,4.906570884629407776e-04,3.000000000000000000e+00
4.270000000000000358e-03,4.200000000000000174e-04,-2.543617153954118955e-05,3.000000000000000000e+00
7.190000000000000210e-03,2.200000000000000078e-04,-3.850671768076668736e-04,3.000000000000000000e+00
1.178000000000000054e-02,6.999999999999999387e-05,-6.770674098548201680e-03,3.000000000000000000e+00
1.178000000000000054e-02,6.999999999999999387e-05,-6.770674098548201680e-03,3.000000000000000000e+00
1.178000000000000054e-02,6.999999999999999387e-05,-6.770674098548201680e-03,3.000000000000000000e+00
1.218999999999999945e-02,6.000000000000000152e-05,-7.371375643359059926e-03,3.000000000000000000e+00
1.218999999999999945e-02,6.000000000000000152e-05,-7.371375643359059926e-03,3.000000000000000000e+00
2.693999999999999867e-02,-1.520000000000000084e-03,-2.055123340892502787e-02,3.000000000000000000e+00
3.833000000000000296e-02,-2.409999999999999816e-03,-2.586957148344114568e-02,3.000000000000000000e+00
3.967999999999999999e-02,-2.510000000000000078e-03,-2.639984075432896815e-02,3.000000000000000000e+00
5.235000000000000070e-02,-2.320000000000000014e-03,-3.267985714022356158e-02,3.000000000000000000e+00
5.235000000000000070e-02,-2.320000000000000014e-03,-3.267985714022356158e-02,3.000000000000000000e+00
6.292999999999999983e-02,-3.050000000000000194e-03,-3.876100070099479378e-02,3.000000000000000000e+00
7.517000000000000071e-02,-4.179999999999999688e-03,-4.806392915990556625e-02,3.000000000000000000e+00
7.517000000000000071e-02,-4.179999999999999688e-03,-4.806392915990556625e-02,3.000000000000000000e+00
8.602999999999999536e-02,-5.270000000000000379e-03,-5.608093903597190233e-02,3.000000000000000000e+00
8.602999999999999536e-02,-5.270000000000000379e-03,-5.608093903597190233e-02,3.000000000000000000e+00
8.602999999999999536e-02,-5.270000000000000379e-03,-5.608093903597190233e-02,3.000000000000000000e+00
8.602999999999999536e-02,-5.270000000000000379e-03,-5.608093903597190233e-02,3.000000000000000000e+00
8.602999999999999536e-02,-5.270000000000000379e-03,-5.608093903597190233e-02,3.000000000000000000e+00
1.228000000000000064e-01,-1.149999999999999981e-02,-8.302287617357036187e-02,3.000000000000000000e+00
1.228000000000000064e-01,-1.149999999999999981e-02,-8.302287617357036187e-02,3.000000000000000000e+00
1.320099999999999885e-01,-1.311999999999999972e-02,-9.185217357578730202e-02,3.000000000000000000e+00
1.320099999999999885e-01,-1.311999999999999972e-02,-9.185217357578730202e-02,3.000000000000000000e+00
1.320099999999999885e-01,-1.311999999999999972e-02,-9.185217357578730202e-02,3.000000000000000000e+00
1.327200000000000046e-01,-1.325999999999999922e-02,-9.259961723120634092e-02,3.000000000000000000e+00
1.514199999999999990e-01,-1.915000000000000036e-02,-1.096872661256068915e-01,3.000000000000000000e+00
1.648300000000000043e-01,-2.222999999999999976e-02,-1.202978022907059130e-01,3.000000000000000000e+00
1.832999999999999907e-01,-2.399000000000000091e-02,-1.329984916281704566e-01,3.000000000000000000e+00
1.832999999999999907e-01,-2.399000000000000091e-02,-1.329984916281704566e-01,3.000000000000000000e+00
1.832999999999999907e-01,-2.399000000000000091e-02,-1.329984916281704566e-01,3.000000000000000000e+00
1.832999999999999907e-01,-2.399000000000000091e-02,-1.329984916281704566e-01,3.000000000000000000e+00
1.832999999999999907e-01,-2.399000000000000091e-02,-1.329984916281704566e-01,3.000000000000000000e+00
1.832999999999999907e-01,-2.399000000000000091e-02,-1.329984916281704566e-01,3.000000000000000000e+00
1.832999999999999907e-01,-2.399000000000000091e-02,-1.329984916281704566e-01,3.000000000000000000e+00
1.832999999999999907e-01,-2.399000000000000091e-02,-1.329984916281704566e-01,3.000000000000000000e+00
1.832999999999999907e-01,-2.399000000000000091e-02,-1.329984916281704566e-01,3.000000000000000000e+00
2.474099999999999910e-01,-3.871999999999999748e-02,-1.788925587802520367e-01,3.000000000000000000e+00
2.474099999999999910e-01,-3.871999999999999748e-02,-1.788925587802520367e-01,3.000000000000000000e+00
2.474099999999999910e-01,-3.871999999999999748e-02,-1.788925587802520367e-01,3.000000000000000000e+00
2.710299999999999931e-01,-4.465000000000000219e-02,-2.003006240393257475e-01,3.000000000000000000e+00
2.722300000000000275e-01,-4.501999999999999752e-02,-2.015833088623223690e-01,3.000000000000000000e+00
2.842199999999999727e-01,-4.816999999999999754e-02,-2.113465903520190814e-01,3.000000000000000000e+00
2.853299999999999725e-01,-4.846999999999999920e-02,-2.122513146217269442e-01,3.000000000000000000e+00
3.004999999999999893e-01,-5.251000000000000112e-02,-2.236048518188018530e-01,3.000000000000000000e+00
3.117400000000000171e-01,-5.666999999999999815e-02,-2.368527424574428386e-01,3.000000000000000000e+00
3.117400000000000171e-01,-5.666999999999999815e-02,-2.368527424574428386e-01,3.000000000000000000e+00
3.281100000000000128e-01,-6.155000000000000054e-02,-2.484038242316638501e-01,3.000000000000000000e+00
3.281100000000000128e-01,-6.155000000000000054e-02,-2.484038242316638501e-01,3.000000000000000000e+00
3.385799999999999921e-01,-6.576999999999999513e-02,-2.630038523018102814e-01,3.000000000000000000e+00
3.395099999999999785e-01,-6.617000000000000659e-02,-2.643960804729067471e-01,3.000000000000000000e+00
3.495800000000000018e-01,-7.048999999999999710e-02,-2.726591908872062486e-01,3.000000000000000000e+00
3.680599999999999983e-01,-8.154999999999999749e-02,-2.939489890247133363e-01,3.000000000000000000e+00
3.680599999999999983e-01,-8.154999999999999749e-02,-2.939489890247133363e-01,3.000000000000000000e+00
3.843099999999999850e-01,-8.794000000000000428e-02,-3.019876100352159587e-01,3.000000000000000000e+00
3.843099999999999850e-01,-8.794000000000000428e-02,-3.019876100352159587e-01,3.000000000000000000e+00
3.927399999999999780e-01,-9.274000000000000299e-02,-3.142965926903817375e-01,3.000000000000000000e+00
3.927399999999999780e-01,-9.274000000000000299e-02,-3.142965926903817375e-01,3.000000000000000000e+00
4.066899999999999959e-01,-9.661999999999999755e-02,-3.246943416361124934e-01,3.000000000000000000e+00
4.066899999999999959e-01,-9.661999999999999755e-02,-3.246943416361124934e-01,3.000000000000000000e+00
4.176199999999999912e-01,-1.016299999999999981e-01,-3.347313596250107715e-01,3.000000000000000000e+00
4.176199999999999912e-01,-1.016299999999999981e-01,-3.347313596250107715e-01,3.000000000000000000e+00
4.320599999999999996e-01,-1.072800000000000004e-01,-3.448756182883869204e-01,3.000000000000000000e+00
4.471800000000000219e-01,-1.131000000000000061e-01,-3.552459336975945514e-01,3.000000000000000000e+00
4.471800000000000219e-01,-1.131000000000000061e-01,-3.552459336975945514e-01,3.000000000000000000e+00
4.572999999999999843e-01,-1.183199999999999946e-01,-3.672454914367327961e-01,3.000000000000000000e+00
4.580899999999999972e-01,-1.187499999999999944e-01,-3.682385945136895100e-01,3.000000000000000000e+00
4.674900000000000166e-01,-1.235900000000000054e-01,-3.793470413586104151e-01,3.000000000000000000e+00
4.797100000000000253e-01,-1.291799999999999893e-01,-3.898574328800257227e-01,3.000000000000000000e+00
4.797100000000000253e-01,-1.291799999999999893e-01,-3.898574328800257227e-01,3.000000000000000000e+00
4.922300000000000009e-01,-1.352800000000000114e-01,-4.003005753662344235e-01,3.000000000000000000e+00
4.922300000000000009e-01,-1.352800000000000114e-01,-4.003005753662344235e-01,3.000000000000000000e+00
5.043199999999999905e-01,-1.419700000000000129e-01,-4.130132006731632166e-01,3.000000000000000000e+00
5.053299999999999459e-01,-1.425500000000000100e-01,-4.141051475704178864e-01,3.000000000000000000e+00
5.053299999999999459e-01,-1.425500000000000100e-01,-4.141051475704178864e-01,3.000000000000000000e+00
5.180099999999999705e-01,-1.490700000000000081e-01,-4.269910629537133073e-01,3.000000000000000000e+00
5.283799999999999608e-01,-1.555600000000000038e-01,-4.375616460360292614e-01,3.000000000000000000e+00
5.283799999999999608e-01,-1.555600000000000038e-01,-4.375616460360292614e-01,3.000000000000000000e+00
5.292000000000000037e-01,-1.560900000000000065e-01,-4.383955866533045809e-01,3.000000000000000000e+00
5.495600000000000485e-01,-1.683999999999999941e-01,-4.562453071723486242e-01,3.000000000000000000e+00
5.495600000000000485e-01,-1.683999999999999941e-01,-4.562453071723486242e-01,3.000000000000000000e+00
5.651599999999999957e-01,-1.837699999999999889e-01,-4.797310589299503825e-01,3.000000000000000000e+00
5.651599999999999957e-01,-1.837699999999999889e-01,-4.797310589299503825e-01,3.000000000000000000e+00
5.670800000000000285e-01,-1.858100000000000029e-01,-4.827346941556765469e-01,3.000000000000000000e+00
5.853899999999999659e-01,-1.920600000000000085e-01,-4.922187585433295820e-01,3.000000000000000000e+00
5.974300000000000166e-01,-1.994599999999999984e-01,-5.019274719479333013e-01,3.000000000000000000e+00
5.974300000000000166e-01,-1.994599999999999984e-01,-5.019274719479333013e-01,3.000000000000000000e+00
6.112600000000000255e-01,-2.071800000000000030e-01,-5.097861336735738380e-01,3.000000000000000000e+00
6.163999999999999480e-01,-2.133500000000000119e-01,-5.218984040834246940e-01,3.000000000000000000e+00
6.163999999999999480e-01,-2.133500000000000119e-01,-5.218984040834246940e-01,3.000000000000000000e+00
6.261999999999999789e-01,-2.209399999999999975e-01,-5.320703922116752915e-01,3.000000000000000000e+00
6.261999999999999789e-01,-2.209399999999999975e-01,-5.320703922116752915e-01,3.000000000000000000e+00
6.383199999999999985e-01,-2.288800000000000001e-01,-5.423465773241280541e-01,3.000000000000000000e+00
6.519399999999999640e-01,-2.370599999999999929e-01,-5.508003024334706677e-01,3.000000000000000000e+00
6.519399999999999640e-01,-2.370599999999999929e-01,-5.508003024334706677e-01,3.000000000000000000e+00
6.636499999999999622e-01,-2.449399999999999911e-01,-5.626962547941217752e-01,3.000000000000000000e+00
6.636499999999999622e-01,-2.449399999999999911e-01,-5.626962547941217752e-01,3.000000000000000000e+00
6.715999999999999748e-01,-2.524799999999999822e-01,-5.744141836112961474e-01,3.000000000000000000e+00
6.819899999999999851e-01,-2.609099999999999753e-01,-5.876214434049343849e-01,3.000000000000000000e+00
6.819899999999999851e-01,-2.609099999999999753e-01,-5.876214434049343849e-01,3.000000000000000000e+00
6.930899999999999839e-01,-2.693099999999999938e-01,-6.001001279348048278e-01,3.000000000000000000e+00
6.930899999999999839e-01,-2.693099999999999938e-01,-6.001001279348048278e-01,3.000000000000000000e+00
7.024000000000000243e-01,-2.775199999999999889e-01,-6.103896147380675208e-01,3.000000000000000000e+00
7.031300000000000328e-01,-2.781899999999999928e-01,-6.111957193285956214e-01,3.000000000000000000e+00
7.125899999999999457e-01,-2.862199999999999744e-01,-6.229032816001213169e-01,3.000000000000000000e+00
7.210800000000000542e-01,-2.950999999999999734e-01,-6.339110814081684309e-01,3.000000000000000000e+00
7.210800000000000542e-01,-2.950999999999999734e-01,-6.339110814081684309e-01,3.000000000000000000e+00
7.355000000000000426e-01,-3.056499999999999773e-01,-6.456454712201104007e-01,3.000000000000000000e+00
7.399200000000000221e-01,-3.132300000000000084e-01,-6.573041759070054058e-01,3.000000000000000000e+00
7.399200000000000221e-01,-3.132300000000000084e-01,-6.573041759070054058e-01,3.000000000000000000e+00
7.490200000000000191e-01,-3.225199999999999734e-01,-6.704978837532501457e-01,3.000000000000000000e+00
7.490200000000000191e-01,-3.225199999999999734e-01,-6.704978837532501457e-01,3.000000000000000000e+00
7.574800000000000422e-01,-3.313599999999999879e-01,-6.810287220096086225e-01,3.000000000000000000e+00
7.671299999999999786e-01,-3.403700000000000059e-01,-6.898149880397522749e-01,3.000000000000000000e+00
7.671299999999999786e-01,-3.403700000000000059e-01,-6.898149880397522749e-01,3.000000000000000000e+00
7.759899999999999576e-01,-3.493600000000000039e-01,-6.998410372254817435e-01,3.000000000000000000e+00
7.759899999999999576e-01,-3.493600000000000039e-01,-6.998410372254817435e-01,3.000000000000000000e+00
7.835299999999999487e-01,-3.582299999999999929e-01,-7.105544263768612812e-01,3.000000000000000000e+00
7.841399999999999482e-01,-3.589600000000000013e-01,-7.114370524276273366e-01,3.000000000000000000e+00
7.936999999999999611e-01,-3.681900000000000173e-01,-7.228186558944420526e-01,3.000000000000000000e+00
8.014900000000000357e-01,-3.773699999999999832e-01,-7.335327403031498550e-01,3.000000000000000000e+00
8.014900000000000357e-01,-3.773699999999999832e-01,-7.335327403031498550e-01,3.000000000000000000e+00
8.116799999999999571e-01,-3.872700000000000031e-01,-7.454816076571356698e-01,3.000000000000000000e+00
8.125799999999999690e-01,-3.881499999999999950e-01,-7.465290920282470211e-01,3.000000000000000000e+00
8.188600000000000323e-01,-3.964799999999999991e-01,-7.569970337700212548e-01,3.000000000000000000e+00
8.195099999999999607e-01,-3.973499999999999810e-01,-7.580780191667931822e-01,3.000000000000000000e+00
8.246799999999999686e-01,-4.053700000000000081e-01,-7.697621868448989435e-01,3.000000000000000000e+00
8.336099999999999621e-01,-4.154499999999999860e-01,-7.796069278775638045e-01,3.000000000000000000e+00
8.336099999999999621e-01,-4.154499999999999860e-01,-7.796069278775638045e-01,3.000000000000000000e+00
8.404500000000000304e-01,-4.251400000000000179e-01,-7.900107965541859345e-01,3.000000000000000000e+00
8.410400000000000098e-01,-4.259999999999999898e-01,-7.909505366974165508e-01,3.000000000000000000e+00
8.522300000000000431e-01,-4.368400000000000061e-01,-8.042948456597678319e-01,3.000000000000000000e+00
8.632699999999999818e-01,-4.579199999999999937e-01,-8.286193721925589895e-01,3.000000000000000000e+00
8.632699999999999818e-01,-4.579199999999999937e-01,-8.286193721925589895e-01,3.000000000000000000e+00
8.761499999999999844e-01,-4.712200000000000277e-01,-8.393963793962725406e-01,3.000000000000000000e+00
8.761499999999999844e-01,-4.712200000000000277e-01,-8.393963793962725406e-01,3.000000000000000000e+00
8.812900000000000178e-01,-4.813500000000000001e-01,-8.522990353911228389e-01,3.000000000000000000e+00
8.812900000000000178e-01,-4.813500000000000001e-01,-8.522990353911228389e-01,3.000000000000000000e+00
8.895100000000000229e-01,-4.924499999999999988e-01,-8.655804980613007737e-01,3.000000000000000000e+00
8.895100000000000229e-01,-4.924499999999999988e-01,-8.655804980613007737e-01,3.000000000000000000e+00
8.955100000000000282e-01,-5.012400000000000189e-01,-8.745984288819030894e-01,3.000000000000000000e+00
9.061399999999999455e-01,-5.128899999999999570e-01,-8.853200081987284698e-01,3.000000000000000000e+00
9.061399999999999455e-01,-5.128899999999999570e-01,-8.853200081987284698e-01,3.000000000000000000e+00
9.144900000000000251e-01,-5.242400000000000393e-01,-8.958347296732582787e-01,3.000000000000000000e+00
9.151599999999999735e-01,-5.251900000000000457e-01,-8.967055222805115910e-01,3.000000000000000000e+00
9.138800000000000257e-01,-5.324999999999999734e-01,-9.080291120508402480e-01,3.000000000000000000e+00
9.256699999999999928e-01,-5.459899999999999753e-01,-9.213041439278312206e-01,3.000000000000000000e+00
9.256699999999999928e-01,-5.459899999999999753e-01,-9.213041439278312206e-01,3.000000000000000000e+00
9.350199999999999623e-01,-5.582099999999999840e-01,-9.327781245363532259e-01,3.000000000000000000e+00
9.350199999999999623e-01,-5.582099999999999840e-01,-9.327781245363532259e-01,3.000000000000000000e+00
9.429699999999999749e-01,-5.696600000000000552e-01,-9.464330261970860247e-01,3.000000000000000000e+00
9.474900000000000544e-01,-5.802399999999999780e-01,-9.557494082781892164e-01,3.000000000000000000e+00
9.474900000000000544e-01,-5.802399999999999780e-01,-9.557494082781892164e-01,3.000000000000000000e+00
9.560800000000000409e-01,-5.926799999999999846e-01,-9.674514284587945046e-01,3.000000000000000000e+00
9.560800000000000409e-01,-5.926799999999999846e-01,-9.674514284587945046e-01,3.000000000000000000e+00
9.574899999999999523e-01,-6.027400000000000535e-01,-9.818243220574291996e-01,3.000000000000000000e+00
9.575599999999999667e-01,-6.034500000000000419e-01,-9.828504488461272670e-01,3.000000000000000000e+00
9.660199999999999898e-01,-6.156500000000000306e-01,-9.943545744327264568e-01,3.000000000000000000e+00
9.770999999999999686e-01,-6.297800000000000065e-01,-1.004457294564768510e+00,3.000000000000000000e+00
9.770999999999999686e-01,-6.297800000000000065e-01,-1.004457294564768510e+00,3.000000000000000000e+00
9.809900000000000286e-01,-6.414999999999999591e-01,-1.017573738997628263e+00,3.000000000000000000e+00
9.812199999999999811e-01,-6.422700000000000076e-01,-1.018448033032074429e+00,3.000000000000000000e+00
9.839200000000000168e-01,-6.519500000000000295e-01,-1.029708016982657126e+00,3.000000000000000000e+00
9.857099999999999751e-01,-6.626499999999999613e-01,-1.038951072204431503e+00,3.000000000000000000e+00
9.857099999999999751e-01,-6.626499999999999613e-01,-1.038951072204431503e+00,3.000000000000000000e+00
9.936500000000000332e-01,-6.758800000000000363e-01,-1.051639303074132448e+00,3.000000000000000000e+00
9.936500000000000332e-01,-6.758800000000000363e-01,-1.051639303074132448e+00,3.000000000000000000e+00
9.998799999999999910e-01,-6.882599999999999829e-01,-1.062299763769434469e+00,3.000000000000000000e+00
1.000280000000000058e+00,-6.890699999999999603e-01,-1.062988718245402975e+00,3.000000000000000000e+00
1.001670000000000060e+00,-6.987900000000000222e-01,-1.071376453883822855e+00,3.000000000000000000e+00
1.008049999999999891e+00,-7.118799999999999573e-01,-1.084342304495117704e+00,3.000000000000000000e+00
1.008049999999999891e+00,-7.118799999999999573e-01,-1.084342304495117704e+00,3.000000000000000000e+00
1.013730000000000020e+00,-7.245300000000000074e-01,-1.095828045539889661e+00,3.000000000000000000e+00
1.013730000000000020e+00,-7.245300000000000074e-01,-1.095828045539889661e+00,3.000000000000000000e+00
1.014510000000000023e+00,-7.349599999999999467e-01,-1.108088080936843856e+00,3.000000000000000000e+00
1.021220000000000017e+00,-7.485000000000000542e-01,-1.120777434809039574e+00,3.000000000000000000e+00
1.021220000000000017e+00,-7.485000000000000542e-01,-1.120777434809039574e+00,3.000000000000000000e+00
1.024149999999999894e+00,-7.601900000000000324e-01,-1.132689897744934004e+00,3.000000000000000000e+00
1.024149999999999894e+00,-7.601900000000000324e-01,-1.132689897744934004e+00,3.000000000000000000e+00
1.031250000000000000e+00,-7.737699999999999578e-01,-1.145580951873532038e+00,3.000000000000000000e+00
1.031250000000000000e+00,-7.737699999999999578e-01,-1.145580951873532038e+00,3.000000000000000000e+00
1.039250000000000007e+00,-7.988699999999999690e-01,-1.167516728752335364e+00,3.000000000000000000e+00
1.039900000000000047e+00,-8.010000000000000453e-01,-1.169341844020683752e+00,3.000000000000000000e+00
1.041919999999999957e+00,-8.121800000000000130e-01,-1.183224372039605399e+00,3.000000000000000000e+00
1.049930000000000030e+00,-8.278299999999999548e-01,-1.195786402149946026e+00,3.000000000000000000e+00
1.049930000000000030e+00,-8.278299999999999548e-01,-1.195786402149946026e+00,3.000000000000000000e+00
1.052419999999999911e+00,-8.403100000000000014e-01,-1.207699142428736439e+00,3.000000000000000000e+00
1.052419999999999911e+00,-8.403100000000000014e-01,-1.207699142428736439e+00,3.000000000000000000e+00
1.050300000000000011e+00,-8.490400000000000169e-01,-1.220643667612430372e+00,3.000000000000000000e+00
1.050010000000000110e+00,-8.500699999999999923e-01,-1.222185356279975155e+00,3.000000000000000000e+00
1.058559999999999945e+00,-8.647299999999999986e-01,-1.233328040318705243e+00,3.000000000000000000e+00
1.060110000000000108e+00,-8.773300000000000542e-01,-1.245439819784642577e+00,3.000000000000000000e+00
1.060110000000000108e+00,-8.773300000000000542e-01,-1.245439819784642577e+00,3.000000000000000000e+00
1.059639999999999915e+00,-8.882799999999999585e-01,-1.254730151669221305e+00,3.000000000000000000e+00
1.059639999999999915e+00,-8.882799999999999585e-01,-1.254730151669221305e+00,3.000000000000000000e+00
1.062939999999999996e+00,-9.019599999999999840e-01,-1.265011622571463823e+00,3.000000000000000000e+00
1.064289999999999958e+00,-9.145799999999999486e-01,-1.276634637363140534e+00,3.000000000000000000e+00
1.064289999999999958e+00,-9.145799999999999486e-01,-1.276634637363140534e+00,3.000000000000000000e+00
1.069129999999999914e+00,-9.289699999999999624e-01,-1.287204650533149586e+00,3.000000000000000000e+00
1.069129999999999914e+00,-9.289699999999999624e-01,-1.287204650533149586e+00,3.000000000000000000e+00
1.069369999999999932e+00,-9.412300000000000111e-01,-1.299397508686588543e+00,3.000000000000000000e+00
1.069369999999999932e+00,-9.412300000000000111e-01,-1.299397508686588543e+00,3.000000000000000000e+00
1.064449999999999896e+00,-9.508600000000000385e-01,-1.311544465304101736e+00,3.000000000000000000e+00
1.072580000000000089e+00,-9.675099999999999811e-01,-1.322314568231138354e+00,3.000000000000000000e+00
1.072580000000000089e+00,-9.675099999999999811e-01,-1.322314568231138354e+00,3.000000000000000000e+00
1.078189999999999982e+00,-9.826500000000000234e-01,-1.332638891988759067e+00,3.000000000000000000e+00
1.078189999999999982e+00,-9.826500000000000234e-01,-1.332638891988759067e+00,3.000000000000000000e+00
1.074529999999999985e+00,-9.919700000000000184e-01,-1.346590726006542171e+00,3.000000000000000000e+00
1.074529999999999985e+00,-9.919700000000000184e-01,-1.346590726006542171e+00,3.000000000000000000e+00
1.074589999999999934e+00,-1.003540000000000099e+00,-1.361275023393132777e+00,3.000000000000000000e+00
1.075360000000000094e+00,-1.013560000000000016e+00,-1.370389820648419077e+00,3.000000000000000000e+00
1.075360000000000094e+00,-1.013560000000000016e+00,-1.370389820648419077e+00,3.000000000000000000e+00
1.078240000000000087e+00,-1.022489999999999899e+00,-1.373889722018948989e+00,3.000000000000000000e+00
1.078240000000000087e+00,-1.022489999999999899e+00,-1.373889722018948989e+00,3.000000000000000000e+00
1.080440000000000067e+00,-1.029609999999999914e+00,-1.378534135509852154e+00,3.000000000000000000e+00
1.080859999999999932e+00,-1.034419999999999895e+00,-1.381841692352788531e+00,3.000000000000000000e+00
1.080859999999999932e+00,-1.034419999999999895e+00,-1.381841692352788531e+00,3.000000000000000000e+00
1.082130000000000036e+00,-1.038610000000000033e+00,-1.385192593279729989e+00,3.000000000000000000e+00
1.082130000000000036e+00,-1.038610000000000033e+00,-1.385192593279729989e+00,3.000000000000000000e+00
1.080880000000000063e+00,-1.040559999999999929e+00,-1.385603026988004194e+00,3.000000000000000000e+00
1.080780000000000074e+00,-1.040669999999999984e+00,-1.385613855090310320e+00,3.000000000000000000e+00
1.079760000000000053e+00,-1.040689999999999893e+00,-1.390055433505558380e+00,3.000000000000000000e+00
1.081090000000000106e+00,-1.041309999999999958e+00,-1.387582891772972227e+00,3.000000000000000000e+00
1.081090000000000106e+00,-1.041309999999999958e+00,-1.387582891772972227e+00,3.000000000000000000e+00
1.080079999999999929e+00,-1.039660000000000029e+00,-1.389823472167290186e+00,3.000000000000000000e+00
1.079990000000000006e+00,-1.039530000000000065e+00,-1.390022707409682257e+00,3.000000000000000000e+00
1.077949999999999964e+00,-1.038520000000000110e+00,-1.387845236124015003e+00,3.000000000000000000e+00
1.077069999999999972e+00,-1.037830000000000030e+00,-1.387927245369241946e+00,3.000000000000000000e+00
1.077069999999999972e+00,-1.037830000000000030e+00,-1.387927245369241946e+00,3.000000000000000000e+00
1.076940000000000008e+00,-1.037940000000000085e+00,-1.388038266944404464e+00,3.000000000000000000e+00
1.076940000000000008e+00,-1.037959999999999994e+00,-1.388045322915476554e+00,3.000000000000000000e+00
1.076940000000000008e+00,-1.037959999999999994e+00,-1.388045322915476554e+00,3.000000000000000000e+00
1.078009999999999913e+00,-1.038769999999999971e+00,-1.387858895144274074e+00,3.000000000000000000e+00
1.078009999999999913e+00,-1.038769999999999971e+00,-1.387858895144274074e+00,3.000000000000000000e+00
1.080759999999999943e+00,-1.040270000000000028e+00,-1.389658515557903762e+00,3.000000000000000000e+00
1.080950000000000077e+00,-1.040380000000000082e+00,-1.389790301176158316e+00,3.000000000000000000e+00
1.080950000000000077e+00,-1.040380000000000082e+00,-1.389790301176158316e+00,3.000000000000000000e+00
1.079139999999999988e+00,-1.039320000000000022e+00,-1.389538870245029312e+00,3.000000000000000000e+00
1.079139999999999988e+00,-1.039320000000000022e+00,-1.389538870245029312e+00,3.000000000000000000e+00
1.079590000000000050e+00,-1.039730000000000043e+00,-1.386165272505148538e+00,3.000000000000000000e+00
1.079639999999999933e+00,-1.039770000000000083e+00,-1.385876784934438000e+00,3.000000000000000000e+00
1.076440000000000063e+00,-1.037609999999999921e+00,-1.387382732045059353e+00,3.000000000000000000e+00
1.076040000000000108e+00,-1.037479999999999958e+00,-1.387451226360041590e+00,3.000000000000000000e+00
1.076040000000000108e+00,-1.037479999999999958e+00,-1.387451226360041590e+00,3.000000000000000000e+00
1.079649999999999999e+00,-1.039560000000000040e+00,-1.389938471380812279e+00,3.000000000000000000e+00
1.079909999999999926e+00,-1.039709999999999912e+00,-1.390118183970130206e+00,3.000000000000000000e+00
1.073979999999999935e+00,-1.036200000000000010e+00,-1.389766926307887118e+00,3.000000000000000000e+00
1.081749999999999989e+00,-1.040820000000000078e+00,-1.388816934650515700e+00,3.000000000000000000e+00
1.081749999999999989e+00,-1.040820000000000078e+00,-1.388816934650515700e+00,3.000000000000000000e+00
1.075550000000000006e+00,-1.037199999999999900e+00,-1.387851756521771174e+00,3.000000000000000000e+00
1.075550000000000006e+00,-1.037199999999999900e+00,-1.387851756521771174e+00,3.000000000000000000e+00
1.078699999999999992e+00,-1.039060000000000095e+00,-1.389388519820454082e+00,3.000000000000000000e+00
1.077099999999999946e+00,-1.038059999999999983e+00,-1.388159722585047051e+00,3.000000000000000000e+00
1.077099999999999946e+00,-1.038059999999999983e+00,-1.388159722585047051e+00,3.000000000000000000e+00
1.499999999999999869e-04,8.000000000000000654e-05,0.000000000000000000e+00,3.000000000000000000e+00
6.999999999999999387e-05,9.000000000000000567e-05,-1.327854564169378372e-04,3.000000000000000000e+00
-9.300000000000000541e-04,-4.000000000000000327e-05,1.157551203607001204e-03,3.000000000000000000e+00
-8.800000000000000313e-04,-1.800000000000000113e-04,1.196527498802381307e-03,3.000000000000000000e+00
-8.800000000000000313e-04,-1.800000000000000113e-04,1.196527498802381307e-03,3.000000000000000000e+00
-1.010000000000000047e-03,9.000000000000000567e-05,1.336612532476227216e-03,3.000000000000000000e+00
-1.010000000000000047e-03,9.000000000000000567e-05,1.336612532476227216e-03,3.000000000000000000e+00
1.170000000000000033e-03,-6.999999999999999387e-05,1.597925453014586170e-03,3.000000000000000000e+00
1.170000000000000033e-03,-6.999999999999999387e-05,1.597925453014586170e-03,3.000000000000000000e+00
1.350000000000000071e-03,-9.000000000000000567e-05,1.617762756196763213e-03,3.000000000000000000e+00
1.350000000000000071e-03,-9.000000000000000567e-05,1.617762756196763213e-03,3.000000000000000000e+00
1.350000000000000071e-03,-9.000000000000000567e-05,1.617762756196763213e-03,3.000000000000000000e+00
1.350000000000000071e-03,-9.000000000000000567e-05,1.617762756196763213e-03,3.000000000000000000e+00
1.350000000000000071e-03,-9.000000000000000567e-05,1.617762756196763213e-03,3.000000000000000000e+00
1.350000000000000071e-03,-9.000000000000000567e-05,1.617762756196763213e-03,3.000000000000000000e+00
-4.729999999999999830e-03,4.200000000000000174e-04,1.618858842052136714e-03,3.000000000000000000e+00
2.069999999999999792e-03,-1.900000000000000105e-04,2.871712418934314111e-03,3.000000000000000000e+00
2.139999999999999975e-03,-2.100000000000000087e-04,2.971884306287212764e-03,3.000000000000000000e+00
3.830000000000000071e-03,-2.000000000000000096e-04,-5.621433841140584600e-04,3.000000000000000000e+00
3.830000000000000071e-03,-2.000000000000000096e-04,-5.621433841140584600e-04,3.000000000000000000e+00
3.969999999999999571e-03,-2.100000000000000087e-04,-8.405908459500903603e-04,3.000000000000000000e+00
3.969999999999999571e-03,-2.100000000000000087e-04,-8.405908459500903603e-04,3.000000000000000000e+00
3.969999999999999571e-03,-2.100000000000000087e-04,-8.405908459500903603e-04,3.000000000000000000e+00
3.969999999999999571e-03,-2.100000000000000087e-04,-8.405908459500903603e-04,3.000000000000000000e+00
3.969999999999999571e-03,-2.100000000000000087e-04,-8.405908459500903603e-04,3.000000000000000000e+00
3.969999999999999571e-03,-2.100000000000000087e-04,-8.405908459500903603e-04,3.000000000000000000e+00
3.969999999999999571e-03,-2.100000000000000087e-04,-8.405908459500903603e-04,3.000000000000000000e+00
3.969999999999999571e-03,-2.100000000000000087e-04,-8.405908459500903603e-04,3.000000000000000000e+00
3.969999999999999571e-03,-2.100000000000000087e-04,-8.405908459500903603e-04,3.000000000000000000e+00
4.667999999999999927e-02,-3.880000000000000202e-03,-3.264430416690029119e-02,3.000000000000000000e+00
4.667999999999999927e-02,-3.880000000000000202e-03,-3.264430416690029119e-02,3.000000000000000000e+00
6.554999999999999716e-02,-6.610000000000000424e-03,-4.692922090331989177e-02,3.000000000000000000e+00
6.554999999999999716e-02,-6.610000000000000424e-03,-4.692922090331989177e-02,3.000000000000000000e+00
7.668999999999999428e-02,-8.210000000000000284e-03,-5.512896927590266866e-02,3.000000000000000000e+00
7.668999999999999428e-02,-8.210000000000000284e-03,-5.512896927590266866e-02,3.000000000000000000e+00
8.620999999999999497e-02,-9.599999999999999159e-03,-6.513057571612829166e-02,3.000000000000000000e+00
8.722000000000000586e-02,-9.749999999999999986e-03,-6.621195046506980764e-02,3.000000000000000000e+00
1.003600000000000048e-01,-1.183000000000000024e-02,-7.395610043763260755e-02,3.000000000000000000e+00
1.119900000000000062e-01,-1.379000000000000017e-02,-8.387745433427028219e-02,3.000000000000000000e+00
1.119900000000000062e-01,-1.379000000000000017e-02,-8.387745433427028219e-02,3.000000000000000000e+00
1.229599999999999999e-01,-1.553000000000000040e-02,-9.442342499050285221e-02,3.000000000000000000e+00
1.229599999999999999e-01,-1.553000000000000040e-02,-9.442342499050285221e-02,3.000000000000000000e+00
1.417200000000000126e-01,-2.152000000000000093e-02,-1.132910282722751627e-01,3.000000000000000000e+00
1.434699999999999864e-01,-2.213000000000000037e-02,-1.149599640999332401e-01,3.000000000000000000e+00
1.531299999999999883e-01,-2.426000000000000031e-02,-1.264486808090594383e-01,3.000000000000000000e+00
1.540700000000000125e-01,-2.447999999999999829e-02,-1.275633014160905687e-01,3.000000000000000000e+00
1.683600000000000096e-01,-2.736999999999999850e-02,-1.363579532374284420e-01,3.000000000000000000e+00
1.796300000000000119e-01,-2.951000000000000151e-02,-1.496565247389939068e-01,3.000000000000000000e+00
1.796300000000000119e-01,-2.951000000000000151e-02,-1.496565247389939068e-01,3.000000000000000000e+00
1.920099999999999862e-01,-3.230000000000000232e-02,-1.601126731159298600e-01,3.000000000000000000e+00
1.920099999999999862e-01,-3.230000000000000232e-02,-1.601126731159298600e-01,3.000000000000000000e+00
1.920099999999999862e-01,-3.230000000000000232e-02,-1.601126731159298600e-01,3.000000000000000000e+00
1.920099999999999862e-01,-3.230000000000000232e-02,-1.601126731159298600e-01,3.000000000000000000e+00
1.920099999999999862e-01,-3.230000000000000232e-02,-1.601126731159298600e-01,3.000000000000000000e+00
1.920099999999999862e-01,-3.230000000000000232e-02,-1.601126731159298600e-01,3.000000000000000000e+00
1.920099999999999862e-01,-3.230000000000000232e-02,-1.601126731159298600e-01,3.000000000000000000e+00
1.931499999999999884e-01,-3.257999999999999785e-02,-1.610415271652190228e-01,3.000000000000000000e+00
1.931499999999999884e-01,-3.257999999999999785e-02,-1.610415271652190228e-01,3.000000000000000000e+00
1.931499999999999884e-01,-3.257999999999999785e-02,-1.610415271652190228e-01,3.000000000000000000e+00
1.931499999999999884e-01,-3.257999999999999785e-02,-1.610415271652190228e-01,3.000000000000000000e+00
1.931499999999999884e-01,-3.257999999999999785e-02,-1.610415271652190228e-01,3.000000000000000000e+00
2.762499999999999956e-01,-5.242000000000000132e-02,-2.202914419590005779e-01,3.000000000000000000e+00
2.894399999999999751e-01,-5.718000000000000166e-02,-2.356696734098766566e-01,3.000000000000000000e+00
3.025399999999999756e-01,-6.167999999999999872e-02,-2.456609294897277307e-01,3.000000000000000000e+00
3.113500000000000156e-01,-6.564000000000000390e-02,-2.581388632457257137e-01,3.000000000000000000e+00
3.113500000000000156e-01,-6.564000000000000390e-02,-2.581388632457257137e-01,3.000000000000000000e+00
3.295100000000000251e-01,-7.083000000000000407e-02,-2.689315059254137052e-01,3.000000000000000000e+00
3.309000000000000274e-01,-7.123000000000000165e-02,-2.697035857707502093e-01,3.000000000000000000e+00
3.387299999999999756e-01,-7.509000000000000397e-02,-2.800956166246403312e-01,3.000000000000000000e+00
3.506799999999999917e-01,-8.018999999999999739e-02,-2.915946246425770716e-01,3.000000000000000000e+00
3.506799999999999917e-01,-8.018999999999999739e-02,-2.915946246425770716e-01,3.000000000000000000e+00
3.623299999999999854e-01,-8.531999999999999307e-02,-3.050441610990913266e-01,3.000000000000000000e+00
3.748400000000000065e-01,-9.066000000000000447e-02,-3.156161379358660146e-01,3.000000000000000000e+00
3.748400000000000065e-01,-9.066000000000000447e-02,-3.156161379358660146e-01,3.000000000000000000e+00
3.900600000000000178e-01,-9.604999999999999649e-02,-3.243785094977687522e-01,3.000000000000000000e+00
3.900600000000000178e-01,-9.604999999999999649e-02,-3.243785094977687522e-01,3.000000000000000000e+00
3.980600000000000249e-01,-1.006800000000000056e-01,-3.374481959929563346e-01,3.000000000000000000e+00
3.985899999999999999e-01,-1.010199999999999987e-01,-3.384066935427621492e-01,3.000000000000000000e+00
4.080400000000000138e-01,-1.056600000000000039e-01,-3.470998383487796657e-01,3.000000000000000000e+00
4.184899999999999731e-01,-1.110499999999999959e-01,-3.572909644959361142e-01,3.000000000000000000e+00
4.184899999999999731e-01,-1.110499999999999959e-01,-3.572909644959361142e-01,3.000000000000000000e+00
4.370299999999999740e-01,-1.174800000000000011e-01,-3.689714600961244706e-01,3.000000000000000000e+00
4.385100000000000109e-01,-1.179899999999999977e-01,-3.698722401637933310e-01,3.000000000000000000e+00
4.466600000000000015e-01,-1.234299999999999981e-01,-3.770665862695338766e-01,3.000000000000000000e+00
4.591700000000000226e-01,-1.293400000000000105e-01,-3.874260800502790647e-01,3.000000000000000000e+00
4.591700000000000226e-01,-1.293400000000000105e-01,-3.874260800502790647e-01,3.000000000000000000e+00
4.710500000000000242e-01,-1.359400000000000053e-01,-4.001606839747005040e-01,3.000000000000000000e+00
4.805800000000000072e-01,-1.424400000000000110e-01,-4.109434669793310402e-01,3.000000000000000000e+00
4.805800000000000072e-01,-1.424400000000000110e-01,-4.109434669793310402e-01,3.000000000000000000e+00
4.937199999999999922e-01,-1.496000000000000107e-01,-4.243806146949192781e-01,3.000000000000000000e+00
4.937199999999999922e-01,-1.496000000000000107e-01,-4.243806146949192781e-01,3.000000000000000000e+00
5.059299999999999908e-01,-1.563299999999999967e-01,-4.355386604269560480e-01,3.000000000000000000e+00
5.069299999999999917e-01,-1.568900000000000017e-01,-4.364438951270785960e-01,3.000000000000000000e+00
5.149799999999999933e-01,-1.627000000000000113e-01,-4.479716249848987308e-01,3.000000000000000000e+00
5.266600000000000170e-01,-1.695899999999999908e-01,-4.597760809481751254e-01,3.000000000000000000e+00
5.266600000000000170e-01,-1.695899999999999908e-01,-4.597760809481751254e-01,3.000000000000000000e+00
5.392299999999999871e-01,-1.766099999999999892e-01,-4.693914025608616480e-01,3.000000000000000000e+00
5.401899999999999480e-01,-1.771500000000000019e-01,-4.701145529914529941e-01,3.000000000000000000e+00
5.538100000000000245e-01,-1.846299999999999886e-01,-4.799087230077572763e-01,3.000000000000000000e+00
5.538100000000000245e-01,-1.846299999999999886e-01,-4.799087230077572763e-01,3.000000000000000000e+00
5.602500000000000258e-01,-1.911100000000000021e-01,-4.926547112138861539e-01,3.000000000000000000e+00
5.709999999999999520e-01,-1.981600000000000028e-01,-5.040811510676110885e-01,3.000000000000000000e+00
5.709999999999999520e-01,-1.981600000000000028e-01,-5.040811510676110885e-01,3.000000000000000000e+00
5.824799999999999978e-01,-2.053500000000000048e-01,-5.159866509569858151e-01,3.000000000000000000e+00
5.833099999999999952e-01,-2.058599999999999874e-01,-5.168391954106495989e-01,3.000000000000000000e+00
5.956299999999999928e-01,-2.125299999999999967e-01,-5.243503302128834642e-01,3.000000000000000000e+00
6.055199999999999472e-01,-2.201299999999999923e-01,-5.342809797897741797e-01,3.000000000000000000e+00
6.055199999999999472e-01,-2.201299999999999923e-01,-5.342809797897741797e-01,3.000000000000000000e+00
6.176700000000000523e-01,-2.283000000000000029e-01,-5.445473634365908255e-01,3.000000000000000000e+00
6.176700000000000523e-01,-2.283000000000000029e-01,-5.445473634365908255e-01,3.000000000000000000e+00
6.261999999999999789e-01,-2.356199999999999961e-01,-5.559824362620803262e-01,3.000000000000000000e+00
6.269400000000000528e-01,-2.362799999999999900e-01,-5.570147799670746025e-01,3.000000000000000000e+00
6.334199999999999831e-01,-2.431000000000000105e-01,-5.647819745769214750e-01,3.000000000000000000e+00
6.503999999999999782e-01,-2.529899999999999927e-01,-5.753481530018352830e-01,3.000000000000000000e+00
6.503999999999999782e-01,-2.529899999999999927e-01,-5.753481530018352830e-01,3.000000000000000000e+00
6.578500000000000458e-01,-2.609199999999999853e-01,-5.886431769912593426e-01,3.000000000000000000e+00
6.578500000000000458e-01,-2.609199999999999853e-01,-5.886431769912593426e-01,3.000000000000000000e+00
6.674999999999999822e-01,-2.694400000000000128e-01,-6.016729374753609916e-01,3.000000000000000000e+00
6.779100000000000126e-01,-2.782999999999999918e-01,-6.105852333556029965e-01,3.000000000000000000e+00
6.779100000000000126e-01,-2.782999999999999918e-01,-6.105852333556029965e-01,3.000000000000000000e+00
6.883500000000000174e-01,-2.869099999999999984e-01,-6.233308390574077151e-01,3.000000000000000000e+00
6.883500000000000174e-01,-2.869099999999999984e-01,-6.233308390574077151e-01,3.000000000000000000e+00
6.998999999999999666e-01,-3.041300000000000114e-01,-6.442567004670223252e-01,3.000000000000000000e+00
6.998999999999999666e-01,-3.041300000000000114e-01,-6.442567004670223252e-01,3.000000000000000000e+00
7.125799999999999912e-01,-3.143000000000000238e-01,-6.588738221939425266e-01,3.000000000000000000e+00
7.211100000000000287e-01,-3.232599999999999918e-01,-6.695033831918401068e-01,3.000000000000000000e+00
7.211100000000000287e-01,-3.232599999999999918e-01,-6.695033831918401068e-01,3.000000000000000000e+00
7.308499999999999996e-01,-3.322599999999999998e-01,-6.787741387460195508e-01,3.000000000000000000e+00
7.308499999999999996e-01,-3.322599999999999998e-01,-6.787741387460195508e-01,3.000000000000000000e+00
7.399599999999999511e-01,-3.413300000000000223e-01,-6.912493208954345603e-01,3.000000000000000000e+00
7.399599999999999511e-01,-3.413300000000000223e-01,-6.912493208954345603e-01,3.000000000000000000e+00
7.517099999999999893e-01,-3.487799999999999789e-01,-7.029191750332089983e-01,3.000000000000000000e+00
7.616100000000000092e-01,-3.579100000000000059e-01,-7.121659939192640509e-01,3.000000000000000000e+00
7.616100000000000092e-01,-3.579100000000000059e-01,-7.121659939192640509e-01,3.000000000000000000e+00
7.694400000000000128e-01,-3.670999999999999819e-01,-7.231195459581591933e-01,3.000000000000000000e+00
7.694400000000000128e-01,-3.670999999999999819e-01,-7.231195459581591933e-01,3.000000000000000000e+00
7.770000000000000240e-01,-3.765299999999999758e-01,-7.337641182601134515e-01,3.000000000000000000e+00
7.776100000000000234e-01,-3.773000000000000242e-01,-7.346207778354441054e-01,3.000000000000000000e+00
7.881899999999999462e-01,-3.867599999999999927e-01,-7.438135654958409893e-01,3.000000000000000000e+00
7.933599999999999541e-01,-3.956399999999999917e-01,-7.537375621692836702e-01,3.000000000000000000e+00
7.933599999999999541e-01,-3.956399999999999917e-01,-7.537375621692836702e-01,3.000000000000000000e+00
8.007100000000000328e-01,-4.056100000000000261e-01,-7.682196331204581563e-01,3.000000000000000000e+00
8.007100000000000328e-01,-4.056100000000000261e-01,-7.682196331204581563e-01,3.000000000000000000e+00
8.089699999999999669e-01,-4.157399999999999984e-01,-7.780232981938521863e-01,3.000000000000000000e+00
8.089699999999999669e-01,-4.157399999999999984e-01,-7.780232981938521863e-01,3.000000000000000000e+00
8.222399999999999709e-01,-4.278799999999999826e-01,-7.896452506195882348e-01,3.000000000000000000e+00
8.233099999999999863e-01,-4.288500000000000090e-01,-7.905651986374936380e-01,3.000000000000000000e+00
8.251899999999999791e-01,-4.366499999999999826e-01,-8.016111470212603507e-01,3.000000000000000000e+00
8.325200000000000378e-01,-4.468300000000000050e-01,-8.113469149078231801e-01,3.000000000000000000e+00
8.325200000000000378e-01,-4.468300000000000050e-01,-8.113469149078231801e-01,3.000000000000000000e+00
8.384399999999999631e-01,-4.568900000000000183e-01,-8.227892960728905303e-01,3.000000000000000000e+00
8.384399999999999631e-01,-4.568900000000000183e-01,-8.227892960728905303e-01,3.000000000000000000e+00
8.557000000000000162e-01,-4.799599999999999977e-01,-8.452394116768127130e-01,3.000000000000000000e+00
8.568900000000000405e-01,-4.815499999999999781e-01,-8.467318424175275249e-01,3.000000000000000000e+00
8.670999999999999819e-01,-4.923000000000000154e-01,-8.561716091028147568e-01,3.000000000000000000e+00
8.703999999999999515e-01,-5.014199999999999768e-01,-8.689241186850806820e-01,3.000000000000000000e+00
8.703999999999999515e-01,-5.014199999999999768e-01,-8.689241186850806820e-01,3.000000000000000000e+00
8.782400000000000206e-01,-5.121599999999999486e-01,-8.795918696043238949e-01,3.000000000000000000e+00
8.782400000000000206e-01,-5.121599999999999486e-01,-8.795918696043238949e-01,3.000000000000000000e+00
8.882200000000000095e-01,-5.236399999999999944e-01,-8.913082402606162802e-01,3.000000000000000000e+00
8.888899999999999579e-01,-5.244199999999999973e-01,-8.920964125147653467e-01,3.000000000000000000e+00
8.960799999999999876e-01,-5.345100000000000406e-01,-8.979116942362375120e-01,3.000000000000000000e+00
9.075400000000000134e-01,-5.457699999999999774e-01,-9.106059569795726949e-01,3.000000000000000000e+00
9.075400000000000134e-01,-5.457699999999999774e-01,-9.106059569795726949e-01,3.000000000000000000e+00
9.145900000000000141e-01,-5.571399999999999686e-01,-9.238684947456383689e-01,3.000000000000000000e+00
9.145900000000000141e-01,-5.571399999999999686e-01,-9.238684947456383689e-01,3.000000000000000000e+00
9.220199999999999507e-01,-5.690800000000000303e-01,-9.379284835989154523e-01,3.000000000000000000e+00
9.335200000000000164e-01,-5.824700000000000433e-01,-9.482457827305337261e-01,3.000000000000000000e+00
9.335200000000000164e-01,-5.824700000000000433e-01,-9.482457827305337261e-01,3.000000000000000000e+00
9.324599999999999556e-01,-5.915500000000000203e-01,-9.610389640760708119e-01,3.000000000000000000e+00
9.324599999999999556e-01,-5.915500000000000203e-01,-9.610389640760708119e-01,3.000000000000000000e+00
9.433000000000000274e-01,-6.051900000000000057e-01,-9.711080373007493494e-01,3.000000000000000000e+00
9.447999999999999732e-01,-6.156800000000000050e-01,-9.814285725780251823e-01,3.000000000000000000e+00
9.447999999999999732e-01,-6.156800000000000050e-01,-9.814285725780251823e-01,3.000000000000000000e+00
9.503700000000000481e-01,-6.278000000000000247e-01,-9.955265097719813161e-01,3.000000000000000000e+00
9.503700000000000481e-01,-6.278000000000000247e-01,-9.955265097719813161e-01,3.000000000000000000e+00
9.606000000000000094e-01,-6.414400000000000102e-01,-1.005505756891884817e+00,3.000000000000000000e+00
9.614700000000000468e-01,-6.425800000000000400e-01,-1.006308663820116855e+00,3.000000000000000000e+00
9.619600000000000373e-01,-6.516300000000000425e-01,-1.017160564263956513e+00,3.000000000000000000e+00
9.681800000000000406e-01,-6.634799999999999587e-01,-1.030475293393214198e+00,3.000000000000000000e+00
9.681800000000000406e-01,-6.634799999999999587e-01,-1.030475293393214198e+00,3.000000000000000000e+00
9.677200000000000246e-01,-6.725700000000000012e-01,-1.042338135297699919e+00,3.000000000000000000e+00
9.677200000000000246e-01,-6.725700000000000012e-01,-1.042338135297699919e+00,3.000000000000000000e+00
9.803199999999999692e-01,-6.874500000000000055e-01,-1.051255450144667147e+00,3.000000000000000000e+00
9.813300000000000356e-01,-6.885599999999999499e-01,-1.051878050797888875e+00,3.000000000000000000e+00
9.833800000000000319e-01,-6.984000000000000208e-01,-1.063385361357713110e+00,3.000000000000000000e+00
9.860900000000000221e-01,-7.088799999999999546e-01,-1.073752974745937117e+00,3.000000000000000000e+00
9.860900000000000221e-01,-7.088799999999999546e-01,-1.073752974745937117e+00,3.000000000000000000e+00
9.935800000000000187e-01,-7.218400000000000372e-01,-1.085956219917228571e+00,3.000000000000000000e+00
9.942299999999999471e-01,-7.229200000000000070e-01,-1.086965538766803796e+00,3.000000000000000000e+00
9.930799999999999628e-01,-7.311299999999999466e-01,-1.097665683925487023e+00,3.000000000000000000e+00
9.929900000000000393e-01,-7.319200000000000150e-01,-1.098673426763754346e+00,3.000000000000000000e+00
1.000609999999999999e+00,-7.450900000000000301e-01,-1.108700545086011902e+00,3.000000000000000000e+00
1.006639999999999979e+00,-7.585100000000000176e-01,-1.121426943040072288e+00,3.000000000000000000e+00
1.006639999999999979e+00,-7.585100000000000176e-01,-1.121426943040072288e+00,3.000000000000000000e+00
1.009030000000000094e+00,-7.700399999999999467e-01,-1.130933846861654546e+00,3.000000000000000000e+00
1.009030000000000094e+00,-7.700399999999999467e-01,-1.130933846861654546e+00,3.000000000000000000e+00
1.012799999999999923e+00,-7.825900000000000079e-01,-1.142974850045332280e+00,3.000000000000000000e+00
1.017370000000000108e+00,-7.956600000000000339e-01,-1.155702452738400998e+00,3.000000000000000000e+00
1.017370000000000108e+00,-7.956600000000000339e-01,-1.155702452738400998e+00,3.000000000000000000e+00
1.027379999999999960e+00,-8.120600000000000041e-01,-1.165710545861294190e+00,3.000000000000000000e+00
1.027379999999999960e+00,-8.120600000000000041e-01,-1.165710545861294190e+00,3.000000000000000000e+00
1.027050000000000018e+00,-8.237100000000000533e-01,-1.178353637800933162e+00,3.000000000000000000e+00
1.027050000000000018e+00,-8.237100000000000533e-01,-1.178353637800933162e+00,3.000000000000000000e+00
1.029809999999999892e+00,-8.362500000000000488e-01,-1.194051377953127879e+00,3.000000000000000000e+00
1.033470000000000111e+00,-8.490100000000000424e-01,-1.202330335021238206e+00,3.000000000000000000e+00
1.033470000000000111e+00,-8.490100000000000424e-01,-1.202330335021238206e+00,3.000000000000000000e+00
1.044750000000000068e+00,-8.770200000000000218e-01,-1.224116079363724463e+00,3.000000000000000000e+00
1.045530000000000070e+00,-8.789400000000000546e-01,-1.225602273742143922e+00,3.000000000000000000e+00
1.042680000000000051e+00,-8.875399999999999956e-01,-1.233210349971782804e+00,3.000000000000000000e+00
1.047460000000000058e+00,-9.017899999999999805e-01,-1.245843436998864462e+00,3.000000000000000000e+00
1.047460000000000058e+00,-9.017899999999999805e-01,-1.245843436998864462e+00,3.000000000000000000e+00
1.048599999999999977e+00,-9.135499999999999732e-01,-1.258597388496967007e+00,3.000000000000000000e+00
1.048599999999999977e+00,-9.135499999999999732e-01,-1.258597388496967007e+00,3.000000000000000000e+00
1.051579999999999959e+00,-9.265499999999999847e-01,-1.267178087962035793e+00,3.000000000000000000e+00
1.051840000000000108e+00,-9.276299999999999546e-01,-1.267845393261516795e+00,3.000000000000000000e+00
1.058019999999999960e+00,-9.413799999999999946e-01,-1.279036508278934337e+00,3.000000000000000000e+00
1.054899999999999949e+00,-9.512699999999999489e-01,-1.294530848929988709e+00,3.000000000000000000e+00
1.054899999999999949e+00,-9.512699999999999489e-01,-1.294530848929988709e+00,3.000000000000000000e+00
1.054219999999999935e+00,-9.627099999999999547e-01,-1.306845373451186010e+00,3.000000000000000000e+00
1.054219999999999935e+00,-9.627099999999999547e-01,-1.306845373451186010e+00,3.000000000000000000e+00
1.054219999999999935e+00,-9.627099999999999547e-01,-1.306845373451186010e+00,3.000000000000000000e+00
1.059330000000000105e+00,-9.788799999999999724e-01,-1.319079848934511023e+00,3.000000000000000000e+00
1.063890000000000002e+00,-9.930900000000000283e-01,-1.326959791277025680e+00,3.000000000000000000e+00
1.064240000000000075e+00,-9.941900000000000182e-01,-1.327567625543399021e+00,3.000000000000000000e+00
1.062599999999999989e+00,-1.004580000000000028e+00,-1.343247951255699846e+00,3.000000000000000000e+00
1.060559999999999947e+00,-1.014610000000000012e+00,-1.357851053308844591e+00,3.000000000000000000e+00
1.060559999999999947e+00,-1.014610000000000012e+00,-1.357851053308844591e+00,3.000000000000000000e+00
1.063879999999999937e+00,-1.025840000000000085e+00,-1.362143845454760749e+00,3.000000000000000000e+00
1.064200000000000035e+00,-1.026820000000000066e+00,-1.362447477218693193e+00,3.000000000000000000e+00
1.066109999999999891e+00,-1.033949999999999925e+00,-1.367121321663950617e+00,3.000000000000000000e+00
1.068419999999999925e+00,-1.041029999999999900e+00,-1.367496701986351759e+00,3.000000000000000000e+00
1.068419999999999925e+00,-1.041029999999999900e+00,-1.367496701986351759e+00,3.000000000000000000e+00
1.064810000000000034e+00,-1.043409999999999949e+00,-1.371382348469692536e+00,3.000000000000000000e+00
1.064810000000000034e+00,-1.043409999999999949e+00,-1.371382348469692536e+00,3.000000000000000000e+00
1.066380000000000106e+00,-1.047840000000000105e+00,-1.375290670300810980e+00,3.000000000000000000e+00
1.066540000000000044e+00,-1.048219999999999930e+00,-1.375608912179493437e+00,3.000000000000000000e+00
1.065720000000000001e+00,-1.049209999999999976e+00,-1.375625243259794628e+00,3.000000000000000000e+00
1.066270000000000051e+00,-1.050210000000000088e+00,-1.376343637984841717e+00,3.000000000000000000e+00
1.066270000000000051e+00,-1.050210000000000088e+00,-1.376343637984841717e+00,3.000000000000000000e+00
1.066230000000000011e+00,-1.049560000000000048e+00,-1.372323282018305779e+00,3.000000000000000000e+00
1.066230000000000011e+00,-1.049509999999999943e+00,-1.371982543250648945e+00,3.000000000000000000e+00
1.068249999999999922e+00,-1.050280000000000102e+00,-1.376901273794778335e+00,3.000000000000000000e+00
1.065919999999999979e+00,-1.048729999999999940e+00,-1.375564129530512103e+00,3.000000000000000000e+00
1.065919999999999979e+00,-1.048729999999999940e+00,-1.375564129530512103e+00,3.000000000000000000e+00
1.066459999999999964e+00,-1.049400000000000110e+00,-1.375119748046779833e+00,3.000000000000000000e+00
1.066459999999999964e+00,-1.049400000000000110e+00,-1.375119748046779833e+00,3.000000000000000000e+00
1.068249999999999922e+00,-1.050519999999999898e+00,-1.377260930947163731e+00,3.000000000000000000e+00
1.068380000000000107e+00,-1.050599999999999978e+00,-1.377428368911597589e+00,3.000000000000000000e+00
1.066659999999999942e+00,-1.049649999999999972e+00,-1.376274489810047852e+00,3.000000000000000000e+00
1.065760000000000041e+00,-1.049080000000000013e+00,-1.375589415284027117e+00,3.000000000000000000e+00
1.065760000000000041e+00,-1.049080000000000013e+00,-1.375589415284027117e+00,3.000000000000000000e+00
1.067469999999999919e+00,-1.049919999999999964e+00,-1.375664576123551086e+00,3.000000000000000000e+00
1.067469999999999919e+00,-1.049919999999999964e+00,-1.375664576123551086e+00,3.000000000000000000e+00
1.065749999999999975e+00,-1.048899999999999944e+00,-1.375487248112181149e+00,3.000000000000000000e+00
1.065620000000000012e+00,-1.048820000000000086e+00,-1.375473583429252411e+00,3.000000000000000000e+00
1.066249999999999920e+00,-1.049109999999999987e+00,-1.375912157269387537e+00,3.000000000000000000e+00
1.066500000000000004e+00,-1.049430000000000085e+00,-1.375168056382808146e+00,3.000000000000000000e+00
1.066500000000000004e+00,-1.049430000000000085e+00,-1.375168056382808146e+00,3.000000000000000000e+00
1.067460000000000075e+00,-1.049919999999999964e+00,-1.375605713086792914e+00,3.000000000000000000e+00
1.067460000000000075e+00,-1.049919999999999964e+00,-1.375605713086792914e+00,3.000000000000000000e+00
1.065839999999999899e+00,-1.048689999999999900e+00,-1.375413640537073823e+00,3.000000000000000000e+00
1.065679999999999961e+00,-1.048580000000000068e+00,-1.375389686616933060e+00,3.000000000000000000e+00
1.068740000000000023e+00,-1.050669999999999993e+00,-1.373886507404785018e+00,3.000000000000000000e+00
1.063150000000000039e+00,-1.047350000000000003e+00,-1.373500956724195587e+00,3.000000000000000000e+00
1.063150000000000039e+00,-1.047350000000000003e+00,-1.373500956724195587e+00,3.000000000000000000e+00
1.066219999999999946e+00,-1.049169999999999936e+00,-1.375833846657633197e+00,3.000000000000000000e+00
1.066219999999999946e+00,-1.049169999999999936e+00,-1.375833846657633197e+00,3.000000000000000000e+00
1.065679999999999961e+00,-1.048810000000000020e+00,-1.375531628489114144e+00,3.000000000000000000e+00
1.062559999999999949e+00,-1.046750000000000069e+00,-1.376893465110698767e+00,3.000000000000000000e+00
-4.699999999999999859e-04,1.900000000000000105e-04,0.000000000000000000e+00,3.000000000000000000e+00
-4.699999999999999859e-04,1.900000000000000105e-04,0.000000000000000000e+00,3.000000000000000000e+00
8.099999999999999561e-04,-1.100000000000000039e-04,4.496182068076033406e-05,3.000000000000000000e+00
8.099999999999999561e-04,-1.100000000000000039e-04,4.496182068076033406e-05,3.000000000000000000e+00
7.900000000000000121e-04,-1.499999999999999869e-04,4.961556740761262655e-05,3.000000000000000000e+00
7.900000000000000121e-04,-1.499999999999999869e-04,4.961556740761262655e-05,3.000000000000000000e+00
-8.000000000000000654e-05,-1.499999999999999869e-04,-3.813990478618741711e-04,3.000000000000000000e+00
-8.000000000000000654e-05,-1.499999999999999869e-04,-3.813990478618741711e-04,3.000000000000000000e+00
9.399999999999999719e-04,-4.000000000000000327e-05,1.673894569303688816e-03,3.000000000000000000e+00
9.399999999999999719e-04,-4.000000000000000327e-05,1.673894569303688816e-03,3.000000000000000000e+00
0.000000000000000000e+00,4.000000000000000327e-05,1.142979587365230152e-03,3.000000000000000000e+00
3.030000000000000141e-03,2.500000000000000052e-04,1.118975689562746339e-05,3.000000000000000000e+00
3.030000000000000141e-03,2.500000000000000052e-04,1.118975689562746339e-05,3.000000000000000000e+00
3.030000000000000141e-03,2.500000000000000052e-04,1.118975689562746339e-05,3.000000000000000000e+00
1.111000000000000008e-02,-5.000000000000000240e-05,-3.133117963374956998e-03,3.000000000000000000e+00
1.684000000000000080e-02,-1.170000000000000033e-03,-9.738966514497675309e-03,3.000000000000000000e+00
2.384000000000000008e-02,-1.910000000000000022e-03,-1.689907326658565342e-02,3.000000000000000000e+00
2.384000000000000008e-02,-1.910000000000000022e-03,-1.689907326658565342e-02,3.000000000000000000e+00
3.502000000000000252e-02,-3.059999999999999786e-03,-2.110765414683895419e-02,3.000000000000000000e+00
3.502000000000000252e-02,-3.059999999999999786e-03,-2.110765414683895419e-02,3.000000000000000000e+00
4.805999999999999855e-02,-3.180000000000000101e-03,-2.709229925006547551e-02,3.000000000000000000e+00
4.891999999999999821e-02,-3.200000000000000153e-03,-2.749339694629880648e-02,3.000000000000000000e+00
5.569999999999999951e-02,-3.569999999999999823e-03,-3.571808373750105792e-02,3.000000000000000000e+00
6.697999999999999787e-02,-4.579999999999999870e-03,-4.095039272305028843e-02,3.000000000000000000e+00
6.697999999999999787e-02,-4.579999999999999870e-03,-4.095039272305028843e-02,3.000000000000000000e+00
7.649999999999999856e-02,-5.960000000000000020e-03,-5.225215959590917558e-02,3.000000000000000000e+00
7.649999999999999856e-02,-5.960000000000000020e-03,-5.225215959590917558e-02,3.000000000000000000e+00
9.049000000000000099e-02,-7.939999999999999142e-03,-6.168145809732252655e-02,3.000000000000000000e+00
9.163999999999999924e-02,-8.099999999999999561e-03,-6.241375194939162430e-02,3.000000000000000000e+00
1.001400000000000068e-01,-9.530000000000000276e-03,-7.094008012593808199e-02,3.000000000000000000e+00
1.120600000000000068e-01,-1.102000000000000028e-02,-8.186835495436305121e-02,3.000000000000000000e+00
1.120600000000000068e-01,-1.102000000000000028e-02,-8.186835495436305121e-02,3.000000000000000000e+00
1.232700000000000046e-01,-1.268999999999999989e-02,-9.056165683105049657e-02,3.000000000000000000e+00
1.232700000000000046e-01,-1.268999999999999989e-02,-9.056165683105049657e-02,3.000000000000000000e+00
1.358399999999999885e-01,-1.464999999999999983e-02,-1.007017283143632896e-01,3.000000000000000000e+00
1.369199999999999862e-01,-1.482999999999999943e-02,-1.015689067006795010e-01,3.000000000000000000e+00
1.499399999999999900e-01,-1.735000000000000084e-02,-1.102480150389499036e-01,3.000000000000000000e+00
1.592999999999999972e-01,-1.968999999999999917e-02,-1.227294891226108076e-01,3.000000000000000000e+00
1.592999999999999972e-01,-1.968999999999999917e-02,-1.227294891226108076e-01,3.000000000000000000e+00
1.735899999999999943e-01,-2.270000000000000143e-02,-1.342655427799644974e-01,3.000000000000000000e+00
1.735899999999999943e-01,-2.270000000000000143e-02,-1.342655427799644974e-01,3.000000000000000000e+00
1.866400000000000003e-01,-2.534000000000000141e-02,-1.448996311902339129e-01,3.000000000000000000e+00
1.866400000000000003e-01,-2.534000000000000141e-02,-1.448996311902339129e-01,3.000000000000000000e+00
1.866400000000000003e-01,-2.534000000000000141e-02,-1.448996311902339129e-01,3.000000000000000000e+00
1.866400000000000003e-01,-2.534000000000000141e-02,-1.448996311902339129e-01,3.000000000000000000e+00
1.866400000000000003e-01,-2.534000000000000141e-02,-1.448996311902339129e-01,3.000000000000000000e+00
1.866400000000000003e-01,-2.534000000000000141e-02,-1.448996311902339129e-01,3.000000000000000000e+00
1.866400000000000003e-01,-2.534000000000000141e-02,-1.448996311902339129e-01,3.000000000000000000e+00
1.877900000000000125e-01,-2.557999999999999857e-02,-1.458262114829189660e-01,3.000000000000000000e+00
2.423599999999999921e-01,-4.293000000000000288e-02,-1.903281166584291917e-01,3.000000000000000000e+00
2.536800000000000166e-01,-4.646000000000000130e-02,-2.004428895896193941e-01,3.000000000000000000e+00
2.723900000000000210e-01,-4.882000000000000228e-02,-2.098152641897267079e-01,3.000000000000000000e+00
2.723900000000000210e-01,-4.882000000000000228e-02,-2.098152641897267079e-01,3.000000000000000000e+00
2.740900000000000003e-01,-4.907999999999999863e-02,-2.106132589467675509e-01,3.000000000000000000e+00
2.849900000000000211e-01,-5.272000000000000297e-02,-2.238737362101710926e-01,3.000000000000000000e+00
3.038000000000000145e-01,-5.809000000000000274e-02,-2.324152207415177973e-01,3.000000000000000000e+00
3.038000000000000145e-01,-5.809000000000000274e-02,-2.324152207415177973e-01,3.000000000000000000e+00
3.099100000000000188e-01,-6.153999999999999748e-02,-2.493098182056309731e-01,3.000000000000000000e+00
3.099100000000000188e-01,-6.153999999999999748e-02,-2.493098182056309731e-01,3.000000000000000000e+00
3.234199999999999853e-01,-6.575000000000000289e-02,-2.623330865124015032e-01,3.000000000000000000e+00
3.250500000000000056e-01,-6.625000000000000333e-02,-2.637545323667766506e-01,3.000000000000000000e+00
3.356199999999999739e-01,-7.019999999999999851e-02,-2.775035668817921186e-01,3.000000000000000000e+00
3.514499999999999846e-01,-7.532999999999999419e-02,-2.847925225728581422e-01,3.000000000000000000e+00
3.514499999999999846e-01,-7.532999999999999419e-02,-2.847925225728581422e-01,3.000000000000000000e+00
3.567899999999999960e-01,-7.953000000000000347e-02,-3.001234561633249198e-01,3.000000000000000000e+00
3.571900000000000075e-01,-7.990999999999999492e-02,-3.015484470034076603e-01,3.000000000000000000e+00
3.731599999999999917e-01,-8.537000000000000144e-02,-3.111166904358598773e-01,3.000000000000000000e+00
3.858199999999999963e-01,-9.074999999999999734e-02,-3.226216165491209154e-01,3.000000000000000000e+00
3.858199999999999963e-01,-9.074999999999999734e-02,-3.226216165491209154e-01,3.000000000000000000e+00
3.963499999999999801e-01,-9.583999999999999464e-02,-3.330384459790147744e-01,3.000000000000000000e+00
3.972899999999999765e-01,-9.632000000000000284e-02,-3.339780787022548769e-01,3.000000000000000000e+00
4.089400000000000257e-01,-1.015100000000000030e-01,-3.412050411603071431e-01,3.000000000000000000e+00
4.195400000000000240e-01,-1.072099999999999997e-01,-3.526219416570306464e-01,3.000000000000000000e+00
4.195400000000000240e-01,-1.072099999999999997e-01,-3.526219416570306464e-01,3.000000000000000000e+00
4.321999999999999731e-01,-1.131700000000000067e-01,-3.616102910981863761e-01,3.000000000000000000e+00
4.321999999999999731e-01,-1.131700000000000067e-01,-3.616102910981863761e-01,3.000000000000000000e+00
4.454699999999999771e-01,-1.194299999999999945e-01,-3.720891454700465673e-01,3.000000000000000000e+00
4.454699999999999771e-01,-1.194299999999999945e-01,-3.720891454700465673e-01,3.000000000000000000e+00
4.605099999999999749e-01,-1.313900000000000068e-01,-3.943995092211980413e-01,3.000000000000000000e+00
4.749300000000000188e-01,-1.388999999999999957e-01,-4.088601184721276649e-01,3.000000000000000000e+00
4.749300000000000188e-01,-1.388999999999999957e-01,-4.088601184721276649e-01,3.000000000000000000e+00
4.850200000000000067e-01,-1.451199999999999990e-01,-4.195820938219922414e-01,3.000000000000000000e+00
4.850200000000000067e-01,-1.451199999999999990e-01,-4.195820938219922414e-01,3.000000000000000000e+00
5.009500000000000064e-01,-1.504900000000000126e-01,-4.329905912865976703e-01,3.000000000000000000e+00
5.009500000000000064e-01,-1.504900000000000126e-01,-4.329905912865976703e-01,3.000000000000000000e+00
5.162799999999999612e-01,-1.575100000000000111e-01,-4.430891144162614204e-01,3.000000000000000000e+00
5.162799999999999612e-01,-1.575100000000000111e-01,-4.430891144162614204e-01,3.000000000000000000e+00
5.261500000000000066e-01,-1.638900000000000079e-01,-4.552111355888246447e-01,3.000000000000000000e+00
5.270399999999999530e-01,-1.645000000000000073e-01,-4.563867055082376778e-01,3.000000000000000000e+00
5.379500000000000393e-01,-1.707599999999999951e-01,-4.668515202129389641e-01,3.000000000000000000e+00
5.461899999999999533e-01,-1.771800000000000042e-01,-4.793984711659699527e-01,3.000000000000000000e+00
5.461899999999999533e-01,-1.771800000000000042e-01,-4.793984711659699527e-01,3.000000000000000000e+00
5.589399999999999924e-01,-1.848599999999999965e-01,-4.897390619026675829e-01,3.000000000000000000e+00
5.589399999999999924e-01,-1.848599999999999965e-01,-4.897390619026675829e-01,3.000000000000000000e+00
5.694799999999999862e-01,-1.919399999999999995e-01,-5.027015915087662545e-01,3.000000000000000000e+00
5.694799999999999862e-01,-1.919399999999999995e-01,-5.027015915087662545e-01,3.000000000000000000e+00
5.694799999999999862e-01,-1.919399999999999995e-01,-5.027015915087662545e-01,3.000000000000000000e+00
5.694799999999999862e-01,-1.919399999999999995e-01,-5.027015915087662545e-01,3.000000000000000000e+00
5.694799999999999862e-01,-1.919399999999999995e-01,-5.027015915087662545e-01,3.000000000000000000e+00
5.694799999999999862e-01,-1.919399999999999995e-01,-5.027015915087662545e-01,3.000000000000000000e+00
5.705599999999999561e-01,-1.926799999999999902e-01,-5.040719191146428857e-01,3.000000000000000000e+00
6.051299999999999457e-01,-2.156200000000000061e-01,-5.288190640891952121e-01,3.000000000000000000e+00
6.132699999999999818e-01,-2.225000000000000033e-01,-5.373028149435740142e-01,3.000000000000000000e+00
6.233300000000000507e-01,-2.304900000000000004e-01,-5.514299271160302274e-01,3.000000000000000000e+00
6.242900000000000116e-01,-2.312599999999999933e-01,-5.528187585037521723e-01,3.000000000000000000e+00
6.400299999999999878e-01,-2.467600000000000071e-01,-5.703710400743979836e-01,3.000000000000000000e+00
6.515100000000000335e-01,-2.558599999999999763e-01,-5.832420130088602495e-01,3.000000000000000000e+00
6.515100000000000335e-01,-2.558599999999999763e-01,-5.832420130088602495e-01,3.000000000000000000e+00
6.621700000000000363e-01,-2.643699999999999939e-01,-5.959427238862845533e-01,3.000000000000000000e+00
6.630200000000000538e-01,-2.650600000000000178e-01,-5.969607815051195532e-01,3.000000000000000000e+00
6.712200000000000388e-01,-2.727100000000000080e-01,-6.065298174769260253e-01,3.000000000000000000e+00
6.827499999999999680e-01,-2.814599999999999880e-01,-6.172306271855007020e-01,3.000000000000000000e+00
6.827499999999999680e-01,-2.814599999999999880e-01,-6.172306271855007020e-01,3.000000000000000000e+00
6.905400000000000427e-01,-2.892500000000000071e-01,-6.287861825985875397e-01,3.000000000000000000e+00
6.905400000000000427e-01,-2.892500000000000071e-01,-6.287861825985875397e-01,3.000000000000000000e+00
7.019900000000000029e-01,-2.984399999999999831e-01,-6.402500246099566139e-01,3.000000000000000000e+00
7.030499999999999527e-01,-2.992900000000000005e-01,-6.412766139134565835e-01,3.000000000000000000e+00
7.030499999999999527e-01,-2.992900000000000005e-01,-6.412766139134565835e-01,3.000000000000000000e+00
7.202300000000000368e-01,-3.151999999999999802e-01,-6.630597153303995350e-01,3.000000000000000000e+00
7.202300000000000368e-01,-3.151999999999999802e-01,-6.630597153303995350e-01,3.000000000000000000e+00
7.279600000000000515e-01,-3.239699999999999802e-01,-6.762935538508597633e-01,3.000000000000000000e+00
7.413999999999999480e-01,-3.326500000000000012e-01,-6.889782277575378089e-01,3.000000000000000000e+00
7.413999999999999480e-01,-3.326500000000000012e-01,-6.889782277575378089e-01,3.000000000000000000e+00
7.503499999999999615e-01,-3.417999999999999927e-01,-6.993842409078148137e-01,3.000000000000000000e+00
7.503499999999999615e-01,-3.417999999999999927e-01,-6.993842409078148137e-01,3.000000000000000000e+00
7.555800000000000294e-01,-3.496000000000000218e-01,-7.085508129431727919e-01,3.000000000000000000e+00
7.555800000000000294e-01,-3.496000000000000218e-01,-7.085508129431727919e-01,3.000000000000000000e+00
7.699200000000000488e-01,-3.609700000000000131e-01,-7.193275411870951874e-01,3.000000000000000000e+00
7.699200000000000488e-01,-3.609700000000000131e-01,-7.193275411870951874e-01,3.000000000000000000e+00
7.747000000000000552e-01,-3.695300000000000251e-01,-7.293750265590023263e-01,3.000000000000000000e+00
7.865100000000000424e-01,-3.802800000000000069e-01,-7.390260801027701554e-01,3.000000000000000000e+00
7.865100000000000424e-01,-3.802800000000000069e-01,-7.390260801027701554e-01,3.000000000000000000e+00
7.878100000000000103e-01,-3.813900000000000068e-01,-7.399892732824803199e-01,3.000000000000000000e+00
7.940000000000000391e-01,-3.894400000000000084e-01,-7.495965036267677739e-01,3.000000000000000000e+00
7.940000000000000391e-01,-3.894400000000000084e-01,-7.495965036267677739e-01,3.000000000000000000e+00
7.940000000000000391e-01,-3.894400000000000084e-01,-7.495965036267677739e-01,3.000000000000000000e+00
8.069600000000000106e-01,-4.108399999999999830e-01,-7.759122249228390666e-01,3.000000000000000000e+00
8.069600000000000106e-01,-4.108399999999999830e-01,-7.759122249228390666e-01,3.000000000000000000e+00
8.197200000000000042e-01,-4.287000000000000255e-01,-7.966091071383579747e-01,3.000000000000000000e+00
8.208400000000000141e-01,-4.303100000000000258e-01,-7.984199563387676113e-01,3.000000000000000000e+00
8.276999999999999913e-01,-4.393699999999999828e-01,-8.068287541300649401e-01,3.000000000000000000e+00
8.351399999999999935e-01,-4.495199999999999751e-01,-8.204832648329373201e-01,3.000000000000000000e+00
8.351399999999999935e-01,-4.495199999999999751e-01,-8.204832648329373201e-01,3.000000000000000000e+00
8.411300000000000443e-01,-4.590600000000000236e-01,-8.328258821238402332e-01,3.000000000000000000e+00
8.415399999999999547e-01,-4.597399999999999820e-01,-8.336725821504084033e-01,3.000000000000000000e+00
8.546599999999999753e-01,-4.710799999999999987e-01,-8.448852297279741963e-01,3.000000000000000000e+00
8.596000000000000307e-01,-4.807100000000000262e-01,-8.551856584870810574e-01,3.000000000000000000e+00
8.596000000000000307e-01,-4.807100000000000262e-01,-8.551856584870810574e-01,3.000000000000000000e+00
8.674500000000000544e-01,-4.913899999999999935e-01,-8.677797102703777021e-01,3.000000000000000000e+00
8.674500000000000544e-01,-4.913899999999999935e-01,-8.677797102703777021e-01,3.000000000000000000e+00
8.747899999999999565e-01,-5.024699999999999722e-01,-8.781838743033087979e-01,3.000000000000000000e+00
8.833499999999999686e-01,-5.136300000000000310e-01,-8.908621444817981239e-01,3.000000000000000000e+00
8.833499999999999686e-01,-5.136300000000000310e-01,-8.908621444817981239e-01,3.000000000000000000e+00
8.889299999999999979e-01,-5.242599999999999483e-01,-9.031667689371931651e-01,3.000000000000000000e+00
8.889299999999999979e-01,-5.242599999999999483e-01,-9.031667689371931651e-01,3.000000000000000000e+00
8.981299999999999839e-01,-5.363700000000000134e-01,-9.119006783877707800e-01,3.000000000000000000e+00
9.055800000000000516e-01,-5.483200000000000296e-01,-9.250893007316584038e-01,3.000000000000000000e+00
9.055800000000000516e-01,-5.483200000000000296e-01,-9.250893007316584038e-01,3.000000000000000000e+00
9.145499999999999741e-01,-5.593399999999999483e-01,-9.369406118821813623e-01,3.000000000000000000e+00
9.145499999999999741e-01,-5.593399999999999483e-01,-9.369406118821813623e-01,3.000000000000000000e+00
9.240899999999999670e-01,-5.718900000000000095e-01,-9.488326848399328828e-01,3.000000000000000000e+00
9.280300000000000216e-01,-5.824700000000000433e-01,-9.610272292640797964e-01,3.000000000000000000e+00
9.280300000000000216e-01,-5.824700000000000433e-01,-9.610272292640797964e-01,3.000000000000000000e+00
9.345200000000000173e-01,-5.941100000000000270e-01,-9.720047697785334506e-01,3.000000000000000000e+00
9.345200000000000173e-01,-5.941100000000000270e-01,-9.720047697785334506e-01,3.000000000000000000e+00
9.372200000000000530e-01,-6.046700000000000408e-01,-9.836227035094399218e-01,3.000000000000000000e+00
9.372200000000000530e-01,-6.046700000000000408e-01,-9.836227035094399218e-01,3.000000000000000000e+00
9.403799999999999937e-01,-6.155000000000000471e-01,-9.962919467793619477e-01,3.000000000000000000e+00
9.544099999999999806e-01,-6.307199999999999473e-01,-1.011170925904665951e+00,3.000000000000000000e+00
9.544099999999999806e-01,-6.307199999999999473e-01,-1.011170925904665951e+00,3.000000000000000000e+00
9.555700000000000305e-01,-6.403200000000000003e-01,-1.023144707903931971e+00,3.000000000000000000e+00
9.555700000000000305e-01,-6.403200000000000003e-01,-1.023144707903931971e+00,3.000000000000000000e+00
9.587999999999999856e-01,-6.508500000000000396e-01,-1.035101646449825941e+00,3.000000000000000000e+00
9.668900000000000272e-01,-6.636199999999999877e-01,-1.047185633316415565e+00,3.000000000000000000e+00
9.668900000000000272e-01,-6.636199999999999877e-01,-1.047185633316415565e+00,3.000000000000000000e+00
9.725800000000000001e-01,-6.755299999999999638e-01,-1.059089514019118328e+00,3.000000000000000000e+00
9.725800000000000001e-01,-6.755299999999999638e-01,-1.059089514019118328e+00,3.000000000000000000e+00
9.787299999999999889e-01,-6.882399999999999629e-01,-1.070064421802758625e+00,3.000000000000000000e+00
9.799999999999999822e-01,-6.984299999999999953e-01,-1.082445818767196144e+00,3.000000000000000000e+00
9.799999999999999822e-01,-6.984299999999999953e-01,-1.082445818767196144e+00,3.000000000000000000e+00
9.874199999999999644e-01,-7.118400000000000283e-01,-1.092121222799561142e+00,3.000000000000000000e+00
9.874199999999999644e-01,-7.118400000000000283e-01,-1.092121222799561142e+00,3.000000000000000000e+00
9.918700000000000294e-01,-7.243800000000000239e-01,-1.107251347419904608e+00,3.000000000000000000e+00
9.939500000000000002e-01,-7.361799999999999455e-01,-1.117762752092248846e+00,3.000000000000000000e+00
9.939500000000000002e-01,-7.361799999999999455e-01,-1.117762752092248846e+00,3.000000000000000000e+00
9.991600000000000481e-01,-7.492699999999999916e-01,-1.130311781766355272e+00,3.000000000000000000e+00
9.991600000000000481e-01,-7.492699999999999916e-01,-1.130311781766355272e+00,3.000000000000000000e+00
1.002140000000000031e+00,-7.614199999999999857e-01,-1.141939617243880489e+00,3.000000000000000000e+00
1.002359999999999918e+00,-7.624100000000000321e-01,-1.142877365815762492e+00,3.000000000000000000e+00
1.006369999999999987e+00,-7.739200000000000523e-01,-1.155934500824751909e+00,3.000000000000000000e+00
1.009640000000000093e+00,-7.864400000000000279e-01,-1.164953000115391823e+00,3.000000000000000000e+00
1.009640000000000093e+00,-7.864400000000000279e-01,-1.164953000115391823e+00,3.000000000000000000e+00
1.020529999999999937e+00,-8.025499999999999856e-01,-1.177819219278146035e+00,3.000000000000000000e+00
1.020529999999999937e+00,-8.025499999999999856e-01,-1.177819219278146035e+00,3.000000000000000000e+00
1.016710000000000003e+00,-8.119399999999999951e-01,-1.192579951048019948e+00,3.000000000000000000e+00
1.020729999999999915e+00,-8.252000000000000446e-01,-1.206239216402548164e+00,3.000000000000000000e+00
1.020729999999999915e+00,-8.252000000000000446e-01,-1.206239216402548164e+00,3.000000000000000000e+00
1.023150000000000004e+00,-8.371100000000000207e-01,-1.218361574638374689e+00,3.000000000000000000e+00
1.023150000000000004e+00,-8.371100000000000207e-01,-1.218361574638374689e+00,3.000000000000000000e+00
1.025260000000000060e+00,-8.491400000000000059e-01,-1.229814990683584242e+00,3.000000000000000000e+00
1.033660000000000023e+00,-8.641199999999999992e-01,-1.241637293352839455e+00,3.000000000000000000e+00
1.033660000000000023e+00,-8.641199999999999992e-01,-1.241637293352839455e+00,3.000000000000000000e+00
1.034000000000000030e+00,-8.751200000000000090e-01,-1.252401215814764823e+00,3.000000000000000000e+00
1.034000000000000030e+00,-8.751200000000000090e-01,-1.252401215814764823e+00,3.000000000000000000e+00
1.036089999999999955e+00,-8.876899999999999791e-01,-1.264437744851750756e+00,3.000000000000000000e+00
1.034690000000000110e+00,-8.984199999999999964e-01,-1.274312740996881965e+00,3.000000000000000000e+00
1.034690000000000110e+00,-8.984199999999999964e-01,-1.274312740996881965e+00,3.000000000000000000e+00
1.040680000000000049e+00,-9.136300000000000532e-01,-1.290105787252805225e+00,3.000000000000000000e+00
1.040680000000000049e+00,-9.136300000000000532e-01,-1.290105787252805225e+00,3.000000000000000000e+00
1.042249999999999899e+00,-9.269399999999999862e-01,-1.299166696872352089e+00,3.000000000000000000e+00
1.042249999999999899e+00,-9.269399999999999862e-01,-1.299166696872352089e+00,3.000000000000000000e+00
1.042249999999999899e+00,-9.269399999999999862e-01,-1.299166696872352089e+00,3.000000000000000000e+00
1.042249999999999899e+00,-9.269399999999999862e-01,-1.299166696872352089e+00,3.000000000000000000e+00
1.042249999999999899e+00,-9.269399999999999862e-01,-1.299166696872352089e+00,3.000000000000000000e+00
1.042340000000000044e+00,-9.281300000000000106e-01,-1.299922325412673274e+00,3.000000000000000000e+00
1.043150000000000022e+00,-9.650999999999999579e-01,-1.336901838480541116e+00,3.000000000000000000e+00
1.043150000000000022e+00,-9.650999999999999579e-01,-1.336901838480541116e+00,3.000000000000000000e+00
1.043150000000000022e+00,-9.650999999999999579e-01,-1.336901838480541116e+00,3.000000000000000000e+00
1.048899999999999944e+00,-9.939599999999999547e-01,-1.358318117248784151e+00,3.000000000000000000e+00
1.048769999999999980e+00,-9.949099999999999611e-01,-1.359296427995672518e+00,3.000000000000000000e+00
1.045560000000000045e+00,-1.004629999999999912e+00,-1.372204141452516124e+00,3.000000000000000000e+00
1.045560000000000045e+00,-1.004629999999999912e+00,-1.372204141452516124e+00,3.000000000000000000e+00
1.045560000000000045e+00,-1.004629999999999912e+00,-1.372204141452516124e+00,3.000000000000000000e+00
1.047190000000000065e+00,-1.031320000000000014e+00,-1.397458835887362749e+00,3.000000000000000000e+00
1.048999999999999932e+00,-1.044799999999999951e+00,-1.408744288400411548e+00,3.000000000000000000e+00
1.048999999999999932e+00,-1.044799999999999951e+00,-1.408744288400411548e+00,3.000000000000000000e+00
1.053390000000000049e+00,-1.059379999999999988e+00,-1.424704972628232147e+00,3.000000000000000000e+00
1.053390000000000049e+00,-1.059379999999999988e+00,-1.424704972628232147e+00,3.000000000000000000e+00
1.051509999999999945e+00,-1.067900000000000071e+00,-1.428314514944205360e+00,3.000000000000000000e+00
1.053220000000000045e+00,-1.075369999999999937e+00,-1.435383134106579028e+00,3.000000000000000000e+00
1.053220000000000045e+00,-1.075369999999999937e+00,-1.435383134106579028e+00,3.000000000000000000e+00
1.050999999999999934e+00,-1.079099999999999948e+00,-1.441182980722176543e+00,3.000000000000000000e+00
1.050999999999999934e+00,-1.079099999999999948e+00,-1.441182980722176543e+00,3.000000000000000000e+00
1.054829999999999934e+00,-1.088899999999999979e+00,-1.448169721441360247e+00,3.000000000000000000e+00
1.057299999999999907e+00,-1.092559999999999976e+00,-1.448016318877544562e+00,3.000000000000000000e+00
1.057299999999999907e+00,-1.092559999999999976e+00,-1.448016318877544562e+00,3.000000000000000000e+00
1.054929999999999923e+00,-1.091460000000000097e+00,-1.450098025917445632e+00,3.000000000000000000e+00
1.054929999999999923e+00,-1.091460000000000097e+00,-1.450098025917445632e+00,3.000000000000000000e+00
1.050650000000000084e+00,-1.088149999999999951e+00,-1.450922309621471396e+00,3.000000000000000000e+00
1.052999999999999936e+00,-1.088980000000000059e+00,-1.448810351697409127e+00,3.000000000000000000e+00
1.052999999999999936e+00,-1.088980000000000059e+00,-1.448810351697409127e+00,3.000000000000000000e+00
1.054079999999999906e+00,-1.089590000000000058e+00,-1.449186565527613713e+00,3.000000000000000000e+00
1.054079999999999906e+00,-1.089590000000000058e+00,-1.449186565527613713e+00,3.000000000000000000e+00
1.054009999999999891e+00,-1.089590000000000058e+00,-1.449255751828986138e+00,3.000000000000000000e+00
1.054140000000000077e+00,-1.089630000000000098e+00,-1.449239662874769241e+00,3.000000000000000000e+00
1.054140000000000077e+00,-1.089630000000000098e+00,-1.449239662874769241e+00,3.000000000000000000e+00
1.053020000000000067e+00,-1.088980000000000059e+00,-1.449520197907966823e+00,3.000000000000000000e+00
1.053020000000000067e+00,-1.088980000000000059e+00,-1.449520197907966823e+00,3.000000000000000000e+00
1.054049999999999931e+00,-1.089569999999999927e+00,-1.449264905134054038e+00,3.000000000000000000e+00
1.056589999999999918e+00,-1.091269999999999962e+00,-1.451159554975327115e+00,3.000000000000000000e+00
1.056589999999999918e+00,-1.091269999999999962e+00,-1.451159554975327115e+00,3.000000000000000000e+00
1.053490000000000038e+00,-1.089499999999999913e+00,-1.448912343806847858e+00,3.000000000000000000e+00
1.053490000000000038e+00,-1.089499999999999913e+00,-1.448912343806847858e+00,3.000000000000000000e+00
1.053250000000000020e+00,-1.089099999999999957e+00,-1.448616969136939270e+00,3.000000000000000000e+00
1.057250000000000023e+00,-1.091620000000000035e+00,-1.447697753754500827e+00,3.000000000000000000e+00
1.057250000000000023e+00,-1.091620000000000035e+00,-1.447697753754500827e+00,3.000000000000000000e+00
1.054440000000000044e+00,-1.089809999999999945e+00,-1.449105330431591954e+00,3.000000000000000000e+00
1.054440000000000044e+00,-1.089809999999999945e+00,-1.449105330431591954e+00,3.000000000000000000e+00
1.051590000000000025e+00,-1.088039999999999896e+00,-1.447272175335256206e+00,3.000000000000000000e+00
1.053909999999999902e+00,-1.089480000000000004e+00,-1.449046696068390316e+00,3.000000000000000000e+00
1.053909999999999902e+00,-1.089480000000000004e+00,-1.449046696068390316e+00,3.000000000000000000e+00
1.053339999999999943e+00,-1.089129999999999932e+00,-1.448667806995384888e+00,3.000000000000000000e+00
1.053339999999999943e+00,-1.089129999999999932e+00,-1.448667806995384888e+00,3.000000000000000000e+00
1.052950000000000053e+00,-1.088929999999999954e+00,-1.449462450199407559e+00,3.000000000000000000e+00
1.052950000000000053e+00,-1.088929999999999954e+00,-1.449462450199407559e+00,3.000000000000000000e+00
1.054040000000000088e+00,-1.089569999999999927e+00,-1.449266347212277317e+00,3.000000000000000000e+00
1.053150000000000031e+00,-1.088959999999999928e+00,-1.449504720667973645e+00,3.000000000000000000e+00
1.053150000000000031e+00,-1.088959999999999928e+00,-1.449504720667973645e+00,3.000000000000000000e+00
1.050629999999999953e+00,-1.087539999999999951e+00,-1.450698535637137798e+00,3.000000000000000000e+00
1.050629999999999953e+00,-1.087539999999999951e+00,-1.450698535637137798e+00,3.000000000000000000e+00
1.000000000000000082e-05,-3.000000000000000076e-05,0.000000000000000000e+00,3.000000000000000000e+00
0.000000000000000000e+00,-4.000000000000000327e-05,1.540159320922212128e-03,3.000000000000000000e+00
-1.200000000000000030e-04,-3.000000000000000076e-05,1.954952703034946483e-03,3.000000000000000000e+00
-1.200000000000000030e-04,-3.000000000000000076e-05,1.954952703034946483e-03,3.000000000000000000e+00
1.000000000000000082e-05,-1.000000000000000082e-05,4.203381766014046422e-04,3.000000000000000000e+00
1.000000000000000082e-05,-1.000000000000000082e-05,4.203381766014046422e-04,3.000000000000000000e+00
-2.554999999999999979e-02,2.569999999999999802e-03,3.421343727356403880e-02,3.000000000000000000e+00
-2.554999999999999979e-02,2.569999999999999802e-03,3.421343727356403880e-02,3.000000000000000000e+00
-6.819999999999999674e-03,5.800000000000000034e-04,1.674054832501189853e-03,3.000000000000000000e+00
-1.200000000000000030e-04,-3.000000000000000076e-05,1.956561662636304225e-03,3.000000000000000000e+00
-1.200000000000000030e-04,-3.000000000000000076e-05,1.956561662636304225e-03,3.000000000000000000e+00
1.000000000000000082e-05,-1.000000000000000082e-05,4.333541580966165799e-04,3.000000000000000000e+00
1.000000000000000082e-05,-1.000000000000000082e-05,4.333541580966165799e-04,3.000000000000000000e+00
6.800000000000000488e-04,2.000000000000000164e-05,3.412486904007762476e-03,3.000000000000000000e+00
7.399999999999999894e-04,3.000000000000000076e-05,3.661866210707465531e-03,3.000000000000000000e+00
3.089999999999999865e-03,2.000000000000000164e-05,1.155465099728743544e-03,3.000000000000000000e+00
3.289999999999999956e-03,1.000000000000000082e-05,9.541555359833856463e-04,3.000000000000000000e+00
6.250000000000000347e-03,-2.300000000000000070e-04,8.402678557372434461e-04,3.000000000000000000e+00
6.450000000000000004e-03,-2.400000000000000061e-04,8.326474262736982502e-04,3.000000000000000000e+00
1.021999999999999992e-02,5.100000000000000366e-04,-3.285960699007030306e-03,3.000000000000000000e+00
2.040000000000000147e-02,-6.000000000000000152e-05,-6.647135229463414612e-03,3.000000000000000000e+00
2.040000000000000147e-02,-6.000000000000000152e-05,-6.647135229463414612e-03,3.000000000000000000e+00
2.693999999999999867e-02,-3.699999999999999947e-04,-1.048952199383356744e-02,3.000000000000000000e+00
2.741000000000000034e-02,-3.899999999999999929e-04,-1.078604065305349170e-02,3.000000000000000000e+00
3.491999999999999965e-02,-6.499999999999999702e-04,-1.419301853623082532e-02,3.000000000000000000e+00
4.626999999999999863e-02,-1.729999999999999984e-03,-1.995291948813769298e-02,3.000000000000000000e+00
4.626999999999999863e-02,-1.729999999999999984e-03,-1.995291948813769298e-02,3.000000000000000000e+00
5.304999999999999993e-02,-2.360000000000000119e-03,-2.592192380041566727e-02,3.000000000000000000e+00
5.351999999999999813e-02,-2.409999999999999816e-03,-2.637615621290636050e-02,3.000000000000000000e+00
6.590999999999999637e-02,-3.640000000000000006e-03,-3.514949251658841534e-02,3.000000000000000000e+00
6.685000000000000664e-02,-3.739999999999999835e-03,-3.580734472319852674e-02,3.000000000000000000e+00
7.664999999999999591e-02,-4.760000000000000342e-03,-3.977441766689892438e-02,3.000000000000000000e+00
8.612999999999999823e-02,-6.020000000000000177e-03,-4.957002761253933437e-02,3.000000000000000000e+00
8.612999999999999823e-02,-6.020000000000000177e-03,-4.957002761253933437e-02,3.000000000000000000e+00
8.612999999999999823e-02,-6.020000000000000177e-03,-4.957002761253933437e-02,3.000000000000000000e+00
1.000299999999999939e-01,-8.149999999999999259e-03,-5.666579780599435151e-02,3.000000000000000000e+00
1.000299999999999939e-01,-8.149999999999999259e-03,-5.666579780599435151e-02,3.000000000000000000e+00
1.102599999999999969e-01,-9.669999999999999776e-03,-6.330875968542518106e-02,3.000000000000000000e+00
1.246300000000000047e-01,-1.180999999999999932e-02,-7.108298801359352881e-02,3.000000000000000000e+00
1.329799999999999871e-01,-1.355999999999999914e-02,-8.394282975166206251e-02,3.000000000000000000e+00
1.329799999999999871e-01,-1.355999999999999914e-02,-8.394282975166206251e-02,3.000000000000000000e+00
1.506299999999999861e-01,-1.831999999999999948e-02,-1.031190014424904489e-01,3.000000000000000000e+00
1.506299999999999861e-01,-1.831999999999999948e-02,-1.031190014424904489e-01,3.000000000000000000e+00
1.506299999999999861e-01,-1.831999999999999948e-02,-1.031190014424904489e-01,3.000000000000000000e+00
1.675099999999999922e-01,-2.162000000000000033e-02,-1.101930981152674793e-01,3.000000000000000000e+00
1.831000000000000127e-01,-2.268999999999999836e-02,-1.213235295241634482e-01,3.000000000000000000e+00
1.975200000000000011e-01,-2.497999999999999873e-02,-1.307693109601883175e-01,3.000000000000000000e+00
1.975200000000000011e-01,-2.497999999999999873e-02,-1.307693109601883175e-01,3.000000000000000000e+00
2.076999999999999957e-01,-2.698000000000000051e-02,-1.398437802053844048e-01,3.000000000000000000e+00
2.076999999999999957e-01,-2.698000000000000051e-02,-1.398437802053844048e-01,3.000000000000000000e+00
2.076999999999999957e-01,-2.698000000000000051e-02,-1.398437802053844048e-01,3.000000000000000000e+00
2.076999999999999957e-01,-2.698000000000000051e-02,-1.398437802053844048e-01,3.000000000000000000e+00
2.076999999999999957e-01,-2.698000000000000051e-02,-1.398437802053844048e-01,3.000000000000000000e+00
2.076999999999999957e-01,-2.698000000000000051e-02,-1.398437802053844048e-01,3.000000000000000000e+00
2.076999999999999957e-01,-2.698000000000000051e-02,-1.398437802053844048e-01,3.000000000000000000e+00
2.076999999999999957e-01,-2.698000000000000051e-02,-1.398437802053844048e-01,3.000000000000000000e+00
2.599799999999999889e-01,-3.921000000000000180e-02,-1.790386018438077098e-01,3.000000000000000000e+00
2.745500000000000163e-01,-4.272999999999999715e-02,-1.892265095019332322e-01,3.000000000000000000e+00
2.759499999999999731e-01,-4.306999999999999718e-02,-1.901683150482843254e-01,3.000000000000000000e+00
2.878299999999999748e-01,-4.646999999999999742e-02,-2.024696125147999459e-01,3.000000000000000000e+00
2.878299999999999748e-01,-4.646999999999999742e-02,-2.024696125147999459e-01,3.000000000000000000e+00
3.029200000000000226e-01,-5.090000000000000080e-02,-2.131170795982393618e-01,3.000000000000000000e+00
3.041099999999999914e-01,-5.124999999999999695e-02,-2.139298407806232705e-01,3.000000000000000000e+00
3.139700000000000268e-01,-5.519000000000000294e-02,-2.257896347580576335e-01,3.000000000000000000e+00
3.261000000000000010e-01,-5.967999999999999694e-02,-2.386760247551763803e-01,3.000000000000000000e+00
3.261000000000000010e-01,-5.967999999999999694e-02,-2.386760247551763803e-01,3.000000000000000000e+00
3.412700000000000178e-01,-6.456000000000000627e-02,-2.506223858619915923e-01,3.000000000000000000e+00
3.412700000000000178e-01,-6.456000000000000627e-02,-2.506223858619915923e-01,3.000000000000000000e+00
3.518200000000000216e-01,-6.884999999999999454e-02,-2.635076146648968609e-01,3.000000000000000000e+00
3.626699999999999924e-01,-7.340000000000000691e-02,-2.727045419477345800e-01,3.000000000000000000e+00
3.626699999999999924e-01,-7.340000000000000691e-02,-2.727045419477345800e-01,3.000000000000000000e+00
3.751499999999999835e-01,-7.806000000000000438e-02,-2.841403406170456836e-01,3.000000000000000000e+00
3.761599999999999944e-01,-7.845000000000000584e-02,-2.850745467523010390e-01,3.000000000000000000e+00
3.909000000000000252e-01,-8.319000000000000006e-02,-2.925698565389282524e-01,3.000000000000000000e+00
4.017299999999999760e-01,-8.797000000000000652e-02,-3.034918846052515051e-01,3.000000000000000000e+00
4.017299999999999760e-01,-8.797000000000000652e-02,-3.034918846052515051e-01,3.000000000000000000e+00
4.148200000000000220e-01,-9.797999999999999765e-02,-3.212830415522539007e-01,3.000000000000000000e+00
4.148200000000000220e-01,-9.797999999999999765e-02,-3.212830415522539007e-01,3.000000000000000000e+00
4.148200000000000220e-01,-9.797999999999999765e-02,-3.212830415522539007e-01,3.000000000000000000e+00
4.158200000000000229e-01,-9.876999999999999669e-02,-3.226194060892301763e-01,3.000000000000000000e+00
4.427599999999999869e-01,-1.092700000000000060e-01,-3.441798315378905015e-01,3.000000000000000000e+00
4.536399999999999877e-01,-1.148499999999999938e-01,-3.545317912688394357e-01,3.000000000000000000e+00
4.536399999999999877e-01,-1.148499999999999938e-01,-3.545317912688394357e-01,3.000000000000000000e+00
4.652499999999999969e-01,-1.208700000000000052e-01,-3.682873657061003780e-01,3.000000000000000000e+00
4.661100000000000243e-01,-1.213199999999999973e-01,-3.693114191963942083e-01,3.000000000000000000e+00
4.756400000000000072e-01,-1.265400000000000136e-01,-3.786240249218976728e-01,3.000000000000000000e+00
4.907699999999999840e-01,-1.335099999999999898e-01,-3.904628850160608566e-01,3.000000000000000000e+00
4.907699999999999840e-01,-1.335099999999999898e-01,-3.904628850160608566e-01,3.000000000000000000e+00
5.072799999999999532e-01,-1.407799999999999885e-01,-4.021276708183235127e-01,3.000000000000000000e+00
5.072799999999999532e-01,-1.407799999999999885e-01,-4.021276708183235127e-01,3.000000000000000000e+00
5.203699999999999992e-01,-1.464300000000000046e-01,-4.151938934108073131e-01,3.000000000000000000e+00
5.203699999999999992e-01,-1.464300000000000046e-01,-4.151938934108073131e-01,3.000000000000000000e+00
5.325499999999999678e-01,-1.534300000000000108e-01,-4.285267551538570752e-01,3.000000000000000000e+00
5.325499999999999678e-01,-1.534300000000000108e-01,-4.285267551538570752e-01,3.000000000000000000e+00
5.325499999999999678e-01,-1.534300000000000108e-01,-4.285267551538570752e-01,3.000000000000000000e+00
5.546200000000000019e-01,-1.660500000000000032e-01,-4.479561923509839394e-01,3.000000000000000000e+00
5.546200000000000019e-01,-1.660500000000000032e-01,-4.479561923509839394e-01,3.000000000000000000e+00
5.670100000000000140e-01,-1.729700000000000126e-01,-4.555106563890783944e-01,3.000000000000000000e+00
5.670100000000000140e-01,-1.729700000000000126e-01,-4.555106563890783944e-01,3.000000000000000000e+00
5.776200000000000223e-01,-1.792799999999999949e-01,-4.641132682514015340e-01,3.000000000000000000e+00
5.786599999999999522e-01,-1.799099999999999866e-01,-4.649804257799604601e-01,3.000000000000000000e+00
5.885299999999999976e-01,-1.865499999999999936e-01,-4.770825263328036248e-01,3.000000000000000000e+00
6.035199999999999454e-01,-1.944299999999999917e-01,-4.875202546904712220e-01,3.000000000000000000e+00
6.035199999999999454e-01,-1.944299999999999917e-01,-4.875202546904712220e-01,3.000000000000000000e+00
6.135399999999999743e-01,-2.012299999999999922e-01,-4.990790303360012059e-01,3.000000000000000000e+00
6.135399999999999743e-01,-2.012299999999999922e-01,-4.990790303360012059e-01,3.000000000000000000e+00
6.135399999999999743e-01,-2.012299999999999922e-01,-4.990790303360012059e-01,3.000000000000000000e+00
6.323400000000000132e-01,-2.153299999999999936e-01,-5.196231879196302472e-01,3.000000000000000000e+00
6.323400000000000132e-01,-2.153299999999999936e-01,-5.196231879196302472e-01,3.000000000000000000e+00
6.451400000000000468e-01,-2.233700000000000130e-01,-5.301030633454714147e-01,3.000000000000000000e+00
6.462499999999999911e-01,-2.240800000000000014e-01,-5.309998731506170300e-01,3.000000000000000000e+00
6.580799999999999983e-01,-2.314100000000000046e-01,-5.406225278364609199e-01,3.000000000000000000e+00
6.580799999999999983e-01,-2.314100000000000046e-01,-5.406225278364609199e-01,3.000000000000000000e+00
6.580799999999999983e-01,-2.314100000000000046e-01,-5.406225278364609199e-01,3.000000000000000000e+00
6.778199999999999781e-01,-2.477399999999999880e-01,-5.650521217684180142e-01,3.000000000000000000e+00
6.881300000000000194e-01,-2.561300000000000243e-01,-5.773485730801329874e-01,3.000000000000000000e+00
6.881300000000000194e-01,-2.561300000000000243e-01,-5.773485730801329874e-01,3.000000000000000000e+00
6.991000000000000547e-01,-2.649699999999999833e-01,-5.906983284938022161e-01,3.000000000000000000e+00
6.991000000000000547e-01,-2.649699999999999833e-01,-5.906983284938022161e-01,3.000000000000000000e+00
6.991000000000000547e-01,-2.649699999999999833e-01,-5.906983284938022161e-01,3.000000000000000000e+00
6.999900000000000011e-01,-2.657100000000000017e-01,-5.917878890650032364e-01,3.000000000000000000e+00
7.202699999999999658e-01,-2.825099999999999834e-01,-6.114932395926866437e-01,3.000000000000000000e+00
7.255899999999999572e-01,-2.901099999999999790e-01,-6.227878574563540104e-01,3.000000000000000000e+00
7.255899999999999572e-01,-2.901099999999999790e-01,-6.227878574563540104e-01,3.000000000000000000e+00
7.259100000000000552e-01,-2.906099999999999794e-01,-6.235287494418937371e-01,3.000000000000000000e+00
7.369499999999999940e-01,-2.986699999999999910e-01,-6.342543919802249297e-01,3.000000000000000000e+00
7.500999999999999890e-01,-3.080499999999999905e-01,-6.430712986189428548e-01,3.000000000000000000e+00
7.513199999999999878e-01,-3.089199999999999724e-01,-6.438576952438089807e-01,3.000000000000000000e+00
8.628799999999999804e-01,-3.454800000000000093e-01,-6.989725559172521585e-01,3.000000000000000000e+00
7.768000000000000460e-01,-3.357600000000000029e-01,-6.780110539253286772e-01,3.000000000000000000e+00
7.768000000000000460e-01,-3.357600000000000029e-01,-6.780110539253286772e-01,3.000000000000000000e+00
7.820799999999999974e-01,-3.444800000000000084e-01,-6.871346165657682414e-01,3.000000000000000000e+00
7.820799999999999974e-01,-3.444800000000000084e-01,-6.871346165657682414e-01,3.000000000000000000e+00
7.897199999999999775e-01,-3.532600000000000184e-01,-6.980641697092526687e-01,3.000000000000000000e+00
7.897199999999999775e-01,-3.532600000000000184e-01,-6.980641697092526687e-01,3.000000000000000000e+00
8.003500000000000059e-01,-3.628000000000000114e-01,-7.094144817784563406e-01,3.000000000000000000e+00
8.111599999999999921e-01,-3.711400000000000254e-01,-7.234394122334728561e-01,3.000000000000000000e+00
8.111599999999999921e-01,-3.711400000000000254e-01,-7.234394122334728561e-01,3.000000000000000000e+00
8.186700000000000088e-01,-3.804400000000000004e-01,-7.343809104328304915e-01,3.000000000000000000e+00
8.186700000000000088e-01,-3.804400000000000004e-01,-7.343809104328304915e-01,3.000000000000000000e+00
8.256000000000000005e-01,-3.898599999999999843e-01,-7.453732063447675582e-01,3.000000000000000000e+00
8.262500000000000400e-01,-3.907599999999999962e-01,-7.464140197787305642e-01,3.000000000000000000e+00
8.357700000000000129e-01,-4.009499999999999731e-01,-7.579104490258266047e-01,3.000000000000000000e+00
8.430299999999999461e-01,-4.108499999999999930e-01,-7.695746881193858968e-01,3.000000000000000000e+00
8.430299999999999461e-01,-4.108499999999999930e-01,-7.695746881193858968e-01,3.000000000000000000e+00
8.506000000000000227e-01,-4.207500000000000129e-01,-7.783643356237772704e-01,3.000000000000000000e+00
8.506000000000000227e-01,-4.207500000000000129e-01,-7.783643356237772704e-01,3.000000000000000000e+00
8.571900000000000075e-01,-4.304100000000000148e-01,-7.895053328466725695e-01,3.000000000000000000e+00
8.571900000000000075e-01,-4.304100000000000148e-01,-7.895053328466725695e-01,3.000000000000000000e+00
8.674300000000000344e-01,-4.413400000000000101e-01,-8.016510635400720952e-01,3.000000000000000000e+00
8.766100000000000003e-01,-4.517700000000000049e-01,-8.116999865223957222e-01,3.000000000000000000e+00
8.766100000000000003e-01,-4.517700000000000049e-01,-8.116999865223957222e-01,3.000000000000000000e+00
8.854699999999999793e-01,-4.624900000000000122e-01,-8.241091893259512302e-01,3.000000000000000000e+00
8.854699999999999793e-01,-4.624900000000000122e-01,-8.241091893259512302e-01,3.000000000000000000e+00
8.915300000000000447e-01,-4.724200000000000066e-01,-8.359387034421710272e-01,3.000000000000000000e+00
8.990700000000000358e-01,-4.831599999999999784e-01,-8.454209721416371393e-01,3.000000000000000000e+00
8.990700000000000358e-01,-4.831599999999999784e-01,-8.454209721416371393e-01,3.000000000000000000e+00
9.058500000000000441e-01,-4.939500000000000002e-01,-8.602573642216054806e-01,3.000000000000000000e+00
9.058500000000000441e-01,-4.939500000000000002e-01,-8.602573642216054806e-01,3.000000000000000000e+00
9.133000000000000007e-01,-5.048300000000000010e-01,-8.707755953813798300e-01,3.000000000000000000e+00
9.138899999999999801e-01,-5.057099999999999929e-01,-8.715839825937171659e-01,3.000000000000000000e+00
9.217100000000000293e-01,-5.158000000000000362e-01,-8.838192945826324198e-01,3.000000000000000000e+00
9.281300000000000106e-01,-5.262200000000000211e-01,-8.958673068360543112e-01,3.000000000000000000e+00
9.281300000000000106e-01,-5.262200000000000211e-01,-8.958673068360543112e-01,3.000000000000000000e+00
9.403299999999999992e-01,-5.386699999999999822e-01,-9.049624916251123308e-01,3.000000000000000000e+00
9.403299999999999992e-01,-5.386699999999999822e-01,-9.049624916251123308e-01,3.000000000000000000e+00
9.451300000000000257e-01,-5.500199999999999534e-01,-9.177388067818130768e-01,3.000000000000000000e+00
9.454000000000000181e-01,-5.508800000000000363e-01,-9.187501396399547771e-01,3.000000000000000000e+00
9.540600000000000191e-01,-5.628600000000000270e-01,-9.296616766046374991e-01,3.000000000000000000e+00
9.547200000000000131e-01,-5.637900000000000134e-01,-9.305034556581449623e-01,3.000000000000000000e+00
9.617099999999999538e-01,-5.747999999999999776e-01,-9.433296939387204594e-01,3.000000000000000000e+00
9.660499999999999643e-01,-5.855599999999999694e-01,-9.555532839941053291e-01,3.000000000000000000e+00
9.663500000000000423e-01,-5.863699999999999468e-01,-9.564688453441665406e-01,3.000000000000000000e+00
9.725500000000000256e-01,-5.975599999999999801e-01,-9.660521122329124299e-01,3.000000000000000000e+00
9.784800000000000164e-01,-6.094699999999999562e-01,-9.769390644253822531e-01,3.000000000000000000e+00
9.784800000000000164e-01,-6.094699999999999562e-01,-9.769390644253822531e-01,3.000000000000000000e+00
9.846700000000000452e-01,-6.209599999999999564e-01,-9.901217184124835313e-01,3.000000000000000000e+00
9.846700000000000452e-01,-6.209599999999999564e-01,-9.901217184124835313e-01,3.000000000000000000e+00
9.889599999999999502e-01,-6.320099999999999607e-01,-9.994253765386319488e-01,3.000000000000000000e+00
9.973899999999999988e-01,-6.447300000000000253e-01,-1.011406636887923760e+00,3.000000000000000000e+00
9.973899999999999988e-01,-6.447300000000000253e-01,-1.011406636887923760e+00,3.000000000000000000e+00
1.003789999999999960e+00,-6.570300000000000029e-01,-1.022427508787705941e+00,3.000000000000000000e+00
1.003789999999999960e+00,-6.570300000000000029e-01,-1.022427508787705941e+00,3.000000000000000000e+00
1.010790000000000077e+00,-6.806100000000000483e-01,-1.044530597037915287e+00,3.000000000000000000e+00
1.010790000000000077e+00,-6.806100000000000483e-01,-1.044530597037915287e+00,3.000000000000000000e+00
1.010790000000000077e+00,-6.806100000000000483e-01,-1.044530597037915287e+00,3.000000000000000000e+00
1.025009999999999977e+00,-7.069499999999999673e-01,-1.069438867535748905e+00,3.000000000000000000e+00
1.025519999999999987e+00,-7.076999999999999957e-01,-1.070130886723365204e+00,3.000000000000000000e+00
1.026599999999999957e+00,-7.176599999999999646e-01,-1.082386552049753980e+00,3.000000000000000000e+00
1.026620000000000088e+00,-7.170100000000000362e-01,-1.084374599057217559e+00,3.000000000000000000e+00
1.034520000000000106e+00,-7.297799999999999843e-01,-1.092676552169911774e+00,3.000000000000000000e+00
1.034520000000000106e+00,-7.297799999999999843e-01,-1.092676552169911774e+00,3.000000000000000000e+00
1.035060000000000091e+00,-7.306599999999999762e-01,-1.093238214511785600e+00,3.000000000000000000e+00
1.037860000000000005e+00,-7.523999999999999577e-01,-1.120710201134341277e+00,3.000000000000000000e+00
1.037860000000000005e+00,-7.523999999999999577e-01,-1.120710201134341277e+00,3.000000000000000000e+00
1.045239999999999947e+00,-7.666300000000000336e-01,-1.133968596722973121e+00,3.000000000000000000e+00
1.052079999999999904e+00,-7.803900000000000281e-01,-1.143664662308506497e+00,3.000000000000000000e+00
1.052480000000000082e+00,-7.812200000000000255e-01,-1.144232773379669776e+00,3.000000000000000000e+00
1.053719999999999990e+00,-7.933999999999999941e-01,-1.156191877089630893e+00,3.000000000000000000e+00
1.053809999999999913e+00,-7.942399999999999460e-01,-1.157001094467081881e+00,3.000000000000000000e+00
1.056210000000000093e+00,-8.048699999999999743e-01,-1.168068416297383116e+00,3.000000000000000000e+00
1.061530000000000085e+00,-8.185400000000000453e-01,-1.177574606239233379e+00,3.000000000000000000e+00
1.062049999999999939e+00,-8.198600000000000332e-01,-1.178453021737360329e+00,3.000000000000000000e+00
1.065450000000000008e+00,-8.318400000000000238e-01,-1.188732193382658675e+00,3.000000000000000000e+00
1.066719999999999891e+00,-8.438499999999999890e-01,-1.200072269597512120e+00,3.000000000000000000e+00
1.066719999999999891e+00,-8.438499999999999890e-01,-1.200072269597512120e+00,3.000000000000000000e+00
1.073839999999999906e+00,-8.586000000000000298e-01,-1.213724999614975930e+00,3.000000000000000000e+00
1.073839999999999906e+00,-8.586000000000000298e-01,-1.213724999614975930e+00,3.000000000000000000e+00
1.077539999999999942e+00,-8.720499999999999918e-01,-1.226909552478084198e+00,3.000000000000000000e+00
1.077800000000000091e+00,-8.731200000000000072e-01,-1.227964166626984932e+00,3.000000000000000000e+00
1.078929999999999945e+00,-8.841299999999999715e-01,-1.236151092033810572e+00,3.000000000000000000e+00
1.079050000000000065e+00,-8.853100000000000414e-01,-1.237020248254941501e+00,3.000000000000000000e+00
1.081129999999999924e+00,-8.973299999999999610e-01,-1.248181455302600718e+00,3.000000000000000000e+00
1.083090000000000108e+00,-9.098800000000000221e-01,-1.259878150188035617e+00,3.000000000000000000e+00
1.083259999999999890e+00,-9.110099999999999865e-01,-1.260925509720027815e+00,3.000000000000000000e+00
1.083490000000000064e+00,-9.219500000000000473e-01,-1.271944248180967296e+00,3.000000000000000000e+00
1.087919999999999998e+00,-9.354700000000000237e-01,-1.284943464599946017e+00,3.000000000000000000e+00
1.087919999999999998e+00,-9.354700000000000237e-01,-1.284943464599946017e+00,3.000000000000000000e+00
1.087919999999999998e+00,-9.354700000000000237e-01,-1.284943464599946017e+00,3.000000000000000000e+00
1.084340000000000082e+00,-9.455500000000000016e-01,-1.301057756836538681e+00,3.000000000000000000e+00
1.085779999999999967e+00,-9.586400000000000476e-01,-1.312488753222617488e+00,3.000000000000000000e+00
1.085949999999999971e+00,-9.598200000000000065e-01,-1.313443962660338027e+00,3.000000000000000000e+00
1.092799999999999994e+00,-9.746000000000000218e-01,-1.324909581041012530e+00,3.000000000000000000e+00
1.092610000000000081e+00,-9.868099999999999650e-01,-1.341053939750237900e+00,3.000000000000000000e+00
1.092610000000000081e+00,-9.868099999999999650e-01,-1.341053939750237900e+00,3.000000000000000000e+00
1.090510000000000090e+00,-9.968900000000000539e-01,-1.352865275097725695e+00,3.000000000000000000e+00
1.090330000000000021e+00,-9.976800000000000113e-01,-1.353771682155886058e+00,3.000000000000000000e+00
1.091699999999999893e+00,-1.006850000000000023e+00,-1.358271579853336908e+00,3.000000000000000000e+00
1.091879999999999962e+00,-1.013779999999999903e+00,-1.363020324953579943e+00,3.000000000000000000e+00
1.091879999999999962e+00,-1.013779999999999903e+00,-1.363020324953579943e+00,3.000000000000000000e+00
1.095939999999999914e+00,-1.021819999999999951e+00,-1.365593519961995073e+00,3.000000000000000000e+00
1.096349999999999936e+00,-1.022569999999999979e+00,-1.365815283528459601e+00,3.000000000000000000e+00
1.093360000000000110e+00,-1.024869999999999948e+00,-1.370160269003272591e+00,3.000000000000000000e+00
1.094019999999999992e+00,-1.029169999999999918e+00,-1.373783205775604976e+00,3.000000000000000000e+00
1.094019999999999992e+00,-1.029169999999999918e+00,-1.373783205775604976e+00,3.000000000000000000e+00
1.095790000000000042e+00,-1.032259999999999955e+00,-1.375947819887303636e+00,3.000000000000000000e+00
1.095790000000000042e+00,-1.032259999999999955e+00,-1.375947819887303636e+00,3.000000000000000000e+00
1.096619999999999928e+00,-1.033609999999999918e+00,-1.376899197312477341e+00,3.000000000000000000e+00
1.096619999999999928e+00,-1.033609999999999918e+00,-1.376899197312477341e+00,3.000000000000000000e+00
1.096619999999999928e+00,-1.033609999999999918e+00,-1.376899197312477341e+00,3.000000000000000000e+00
1.090919999999999890e+00,-1.029320000000000013e+00,-1.376315543685900478e+00,3.000000000000000000e+00
1.090340000000000087e+00,-1.028929999999999900e+00,-1.376266629540037423e+00,3.000000000000000000e+00
1.096319999999999961e+00,-1.032380000000000075e+00,-1.376603838948641467e+00,3.000000000000000000e+00
1.096929999999999961e+00,-1.032729999999999926e+00,-1.376638177096207283e+00,3.000000000000000000e+00
1.096929999999999961e+00,-1.032729999999999926e+00,-1.376638177096207283e+00,3.000000000000000000e+00
1.095110000000000028e+00,-1.031689999999999996e+00,-1.376379524659216980e+00,3.000000000000000000e+00
1.095110000000000028e+00,-1.031689999999999996e+00,-1.376379524659216980e+00,3.000000000000000000e+00
1.094919999999999893e+00,-1.031590000000000007e+00,-1.376352196429092789e+00,3.000000000000000000e+00
1.092619999999999925e+00,-1.030270000000000019e+00,-1.374114878867978007e+00,3.000000000000000000e+00
1.092619999999999925e+00,-1.030270000000000019e+00,-1.374114878867978007e+00,3.000000000000000000e+00
1.092910000000000048e+00,-1.030729999999999924e+00,-1.374029767654122214e+00,3.000000000000000000e+00
1.092910000000000048e+00,-1.030759999999999899e+00,-1.374036311933257259e+00,3.000000000000000000e+00
1.095839999999999925e+00,-1.032100000000000017e+00,-1.375835070955076400e+00,3.000000000000000000e+00
1.092770000000000019e+00,-1.030340000000000034e+00,-1.377597834597467763e+00,3.000000000000000000e+00
1.092770000000000019e+00,-1.030340000000000034e+00,-1.377597834597467763e+00,3.000000000000000000e+00
1.090500000000000025e+00,-1.029029999999999889e+00,-1.376383215386660197e+00,3.000000000000000000e+00
1.090500000000000025e+00,-1.029029999999999889e+00,-1.376383215386660197e+00,3.000000000000000000e+00
1.096419999999999950e+00,-1.032710000000000017e+00,-1.376692042721776810e+00,3.000000000000000000e+00
1.096870000000000012e+00,-1.032980000000000009e+00,-1.376723168624207849e+00,3.000000000000000000e+00
1.094149999999999956e+00,-1.031160000000000077e+00,-1.374743248885134994e+00,3.000000000000000000e+00
1.093010000000000037e+00,-1.030489999999999906e+00,-1.374006439828607817e+00,3.000000000000000000e+00
1.093010000000000037e+00,-1.030489999999999906e+00,-1.374006439828607817e+00,3.000000000000000000e+00
1.091499999999999915e+00,-1.029609999999999914e+00,-1.377753594056720488e+00,3.000000000000000000e+00
1.091380000000000017e+00,-1.029539999999999900e+00,-1.378070424993176113e+00,3.000000000000000000e+00
1.093529999999999891e+00,-1.030880000000000019e+00,-1.374897909940911989e+00,3.000000000000000000e+00
1.089730000000000087e+00,-1.028599999999999959e+00,-1.375599568691043162e+00,3.000000000000000000e+00
1.089730000000000087e+00,-1.028599999999999959e+00,-1.375599568691043162e+00,3.000000000000000000e+00
1.096240000000000103e+00,-1.032690000000000108e+00,-1.376666259966836003e+00,3.000000000000000000e+00
1.090240000000000098e+00,-1.029050000000000020e+00,-1.375909743502481852e+00,3.000000000000000000e+00
1.090240000000000098e+00,-1.029050000000000020e+00,-1.375909743502481852e+00,3.000000000000000000e+00
4.000000000000000327e-05,-4.000000000000000327e-05,0.000000000000000000e+00,3.000000000000000000e+00
1.600000000000000131e-04,-2.000000000000000164e-05,-3.229101361701590075e-06,3.000000000000000000e+00
1.700000000000000122e-04,-2.000000000000000164e-05,-3.519215325924928339e-06,3.000000000000000000e+00
-6.999999999999999387e-05,-5.000000000000000240e-05,2.934072431008588112e-06,3.000000000000000000e+00
-6.999999999999999387e-05,-5.000000000000000240e-05,2.934072431008588112e-06,3.000000000000000000e+00
9.000000000000000567e-05,6.000000000000000152e-05,-1.180127613668583342e-04,3.000000000000000000e+00
-9.499999999999999981e-04,9.000000000000000567e-05,-2.837389783022550285e-04,3.000000000000000000e+00
-9.499999999999999981e-04,9.000000000000000567e-05,-2.837389783022550285e-04,3.000000000000000000e+00
-1.059999999999999961e-03,9.000000000000000567e-05,-2.972942945035338949e-04,3.000000000000000000e+00
8.000000000000000383e-04,-1.000000000000000048e-04,1.975620459002608634e-04,3.000000000000000000e+00
9.799999999999999684e-04,-1.100000000000000039e-04,2.403536265494176890e-04,3.000000000000000000e+00
9.799999999999999684e-04,-1.100000000000000039e-04,2.403536265494176890e-04,3.000000000000000000e+00
-1.399999999999999877e-04,6.999999999999999387e-05,4.475641010861877191e-04,3.000000000000000000e+00
-1.399999999999999877e-04,6.999999999999999387e-05,4.475641010861877191e-04,3.000000000000000000e+00
1.200000000000000030e-04,-6.999999999999999387e-05,4.306020226188639029e-04,3.000000000000000000e+00
1.949999999999999910e-03,-3.000000000000000076e-05,-2.163332425000816673e-03,3.000000000000000000e+00
1.949999999999999910e-03,-3.000000000000000076e-05,-2.163332425000816673e-03,3.000000000000000000e+00
2.089999999999999844e-03,-3.000000000000000076e-05,-2.349348075248058453e-03,3.000000000000000000e+00
1.056999999999999953e-02,-9.799999999999999684e-04,-6.346823622093597690e-03,3.000000000000000000e+00
1.122000000000000081e-02,-1.059999999999999961e-03,-6.636006883957284823e-03,3.000000000000000000e+00
1.531000000000000069e-02,-1.430000000000000064e-03,-8.510027781588519469e-03,3.000000000000000000e+00
1.531000000000000069e-02,-1.430000000000000064e-03,-8.510027781588519469e-03,3.000000000000000000e+00
2.583999999999999839e-02,-1.610000000000000103e-03,-1.535952101818108088e-02,3.000000000000000000e+00
3.302999999999999686e-02,-2.249999999999999830e-03,-2.162409102416971984e-02,3.000000000000000000e+00
3.366999999999999854e-02,-2.299999999999999961e-03,-2.217807153734507528e-02,3.000000000000000000e+00
4.517999999999999794e-02,-3.609999999999999928e-03,-2.708060372295841359e-02,3.000000000000000000e+00
4.676000000000000295e-02,-3.769999999999999914e-03,-2.775147612658064242e-02,3.000000000000000000e+00
5.380999999999999672e-02,-4.400000000000000265e-03,-3.641690399571504561e-02,3.000000000000000000e+00
6.239999999999999714e-02,-5.049999999999999802e-03,-4.289980739352900613e-02,3.000000000000000000e+00
6.239999999999999714e-02,-5.049999999999999802e-03,-4.289980739352900613e-02,3.000000000000000000e+00
7.549999999999999767e-02,-6.669999999999999714e-03,-5.166090511735944857e-02,3.000000000000000000e+00
7.549999999999999767e-02,-6.669999999999999714e-03,-5.166090511735944857e-02,3.000000000000000000e+00
7.549999999999999767e-02,-6.669999999999999714e-03,-5.166090511735944857e-02,3.000000000000000000e+00
7.549999999999999767e-02,-6.669999999999999714e-03,-5.166090511735944857e-02,3.000000000000000000e+00
7.549999999999999767e-02,-6.669999999999999714e-03,-5.166090511735944857e-02,3.000000000000000000e+00
7.549999999999999767e-02,-6.669999999999999714e-03,-5.166090511735944857e-02,3.000000000000000000e+00
7.549999999999999767e-02,-6.669999999999999714e-03,-5.166090511735944857e-02,3.000000000000000000e+00
7.549999999999999767e-02,-6.669999999999999714e-03,-5.166090511735944857e-02,3.000000000000000000e+00
7.549999999999999767e-02,-6.669999999999999714e-03,-5.166090511735944857e-02,3.000000000000000000e+00
7.549999999999999767e-02,-6.669999999999999714e-03,-5.166090511735944857e-02,3.000000000000000000e+00
7.549999999999999767e-02,-6.669999999999999714e-03,-5.166090511735944857e-02,3.000000000000000000e+00
7.549999999999999767e-02,-6.669999999999999714e-03,-5.166090511735944857e-02,3.000000000000000000e+00
1.147200000000000025e-01,-1.465999999999999942e-02,-9.018249328805941212e-02,3.000000000000000000e+00
1.612200000000000022e-01,-2.359999999999999945e-02,-1.288434207123344000e-01,3.000000000000000000e+00
1.747499999999999887e-01,-2.644000000000000170e-02,-1.414429321747765478e-01,3.000000000000000000e+00
1.880000000000000004e-01,-2.960000000000000131e-02,-1.514756945276489741e-01,3.000000000000000000e+00
1.880000000000000004e-01,-2.960000000000000131e-02,-1.514756945276489741e-01,3.000000000000000000e+00
2.027899999999999980e-01,-3.293999999999999706e-02,-1.610192269292604339e-01,3.000000000000000000e+00
2.027899999999999980e-01,-3.293999999999999706e-02,-1.610192269292604339e-01,3.000000000000000000e+00
2.027899999999999980e-01,-3.293999999999999706e-02,-1.610192269292604339e-01,3.000000000000000000e+00
2.027899999999999980e-01,-3.293999999999999706e-02,-1.610192269292604339e-01,3.000000000000000000e+00
2.027899999999999980e-01,-3.293999999999999706e-02,-1.610192269292604339e-01,3.000000000000000000e+00
2.027899999999999980e-01,-3.293999999999999706e-02,-1.610192269292604339e-01,3.000000000000000000e+00
2.027899999999999980e-01,-3.293999999999999706e-02,-1.610192269292604339e-01,3.000000000000000000e+00
2.027899999999999980e-01,-3.293999999999999706e-02,-1.610192269292604339e-01,3.000000000000000000e+00
2.027899999999999980e-01,-3.293999999999999706e-02,-1.610192269292604339e-01,3.000000000000000000e+00
2.027899999999999980e-01,-3.293999999999999706e-02,-1.610192269292604339e-01,3.000000000000000000e+00
2.027899999999999980e-01,-3.293999999999999706e-02,-1.610192269292604339e-01,3.000000000000000000e+00
2.851899999999999991e-01,-5.430999999999999717e-02,-2.269292453719632396e-01,3.000000000000000000e+00
3.015599999999999947e-01,-5.895999999999999852e-02,-2.364545223852496936e-01,3.000000000000000000e+00
3.015599999999999947e-01,-5.895999999999999852e-02,-2.364545223852496936e-01,3.000000000000000000e+00
3.107199999999999962e-01,-6.325999999999999679e-02,-2.529864660850257296e-01,3.000000000000000000e+00
3.107199999999999962e-01,-6.325999999999999679e-02,-2.529864660850257296e-01,3.000000000000000000e+00
3.266600000000000059e-01,-6.837999999999999634e-02,-2.647443733054318793e-01,3.000000000000000000e+00
3.266600000000000059e-01,-6.837999999999999634e-02,-2.647443733054318793e-01,3.000000000000000000e+00
3.384300000000000086e-01,-7.277000000000000135e-02,-2.810186891863618031e-01,3.000000000000000000e+00
3.384300000000000086e-01,-7.277000000000000135e-02,-2.810186891863618031e-01,3.000000000000000000e+00
3.496299999999999963e-01,-7.728000000000000147e-02,-2.914753432447321213e-01,3.000000000000000000e+00
3.504800000000000137e-01,-7.764000000000000068e-02,-2.922155224362211201e-01,3.000000000000000000e+00
3.580999999999999739e-01,-8.128000000000000502e-02,-3.035087624740418488e-01,3.000000000000000000e+00
3.751399999999999735e-01,-8.687000000000000277e-02,-3.122987155974514262e-01,3.000000000000000000e+00
3.751399999999999735e-01,-8.687000000000000277e-02,-3.122987155974514262e-01,3.000000000000000000e+00
3.766900000000000248e-01,-8.737000000000000322e-02,-3.130303342247913179e-01,3.000000000000000000e+00
3.895299999999999874e-01,-9.291000000000000647e-02,-3.234880055169296886e-01,3.000000000000000000e+00
4.018900000000000250e-01,-1.033300000000000052e-01,-3.399728019770511533e-01,3.000000000000000000e+00
4.157199999999999784e-01,-1.102899999999999991e-01,-3.493838198198835343e-01,3.000000000000000000e+00
4.157199999999999784e-01,-1.102899999999999991e-01,-3.493838198198835343e-01,3.000000000000000000e+00
4.296499999999999764e-01,-1.168700000000000017e-01,-3.638554500098471478e-01,3.000000000000000000e+00
4.296499999999999764e-01,-1.168700000000000017e-01,-3.638554500098471478e-01,3.000000000000000000e+00
4.448199999999999932e-01,-1.236000000000000015e-01,-3.732426252899998520e-01,3.000000000000000000e+00
4.546799999999999731e-01,-1.295000000000000040e-01,-3.872886343215751759e-01,3.000000000000000000e+00
4.546799999999999731e-01,-1.295000000000000040e-01,-3.872886343215751759e-01,3.000000000000000000e+00
4.656000000000000139e-01,-1.357599999999999918e-01,-4.017080883245403022e-01,3.000000000000000000e+00
4.656000000000000139e-01,-1.357599999999999918e-01,-4.017080883245403022e-01,3.000000000000000000e+00
4.779800000000000160e-01,-1.424400000000000110e-01,-4.134192985774183815e-01,3.000000000000000000e+00
4.789800000000000169e-01,-1.429900000000000060e-01,-4.143310941088028110e-01,3.000000000000000000e+00
4.875200000000000089e-01,-1.485799999999999899e-01,-4.253813529769779889e-01,3.000000000000000000e+00
5.070500000000000007e-01,-1.553400000000000059e-01,-4.377956353892349384e-01,3.000000000000000000e+00
5.070500000000000007e-01,-1.553400000000000059e-01,-4.377956353892349384e-01,3.000000000000000000e+00
5.083999999999999631e-01,-1.558100000000000041e-01,-4.386243877302248850e-01,3.000000000000000000e+00
5.141700000000000159e-01,-1.631100000000000050e-01,-4.506767318286246660e-01,3.000000000000000000e+00
5.228000000000000425e-01,-1.689499999999999891e-01,-4.608804122107058032e-01,3.000000000000000000e+00
5.394900000000000251e-01,-1.746000000000000052e-01,-4.685060416464665867e-01,3.000000000000000000e+00
5.394900000000000251e-01,-1.746000000000000052e-01,-4.685060416464665867e-01,3.000000000000000000e+00
5.509100000000000108e-01,-1.809999999999999942e-01,-4.810206920493317884e-01,3.000000000000000000e+00
5.509100000000000108e-01,-1.809999999999999942e-01,-4.810206920493317884e-01,3.000000000000000000e+00
5.625400000000000400e-01,-1.883199999999999874e-01,-4.928252461446200328e-01,3.000000000000000000e+00
5.636100000000000554e-01,-1.890000000000000013e-01,-4.938962809155600930e-01,3.000000000000000000e+00
5.728600000000000358e-01,-1.956900000000000028e-01,-5.025308981386181761e-01,3.000000000000000000e+00
5.856700000000000239e-01,-2.036900000000000099e-01,-5.123675353395200638e-01,3.000000000000000000e+00
5.856700000000000239e-01,-2.036900000000000099e-01,-5.123675353395200638e-01,3.000000000000000000e+00
5.970999999999999641e-01,-2.116200000000000025e-01,-5.240720254867274885e-01,3.000000000000000000e+00
5.970999999999999641e-01,-2.116200000000000025e-01,-5.240720254867274885e-01,3.000000000000000000e+00
5.979999999999999760e-01,-2.122600000000000042e-01,-5.250082738193432297e-01,3.000000000000000000e+00
6.072899999999999965e-01,-2.193100000000000049e-01,-5.338754323535765955e-01,3.000000000000000000e+00
6.080499999999999794e-01,-2.198900000000000021e-01,-5.346053295972326147e-01,3.000000000000000000e+00
6.274899999999999922e-01,-2.351000000000000034e-01,-5.568368751025065677e-01,3.000000000000000000e+00
6.274899999999999922e-01,-2.351000000000000034e-01,-5.568368751025065677e-01,3.000000000000000000e+00
6.409799999999999942e-01,-2.449999999999999956e-01,-5.693841125558036786e-01,3.000000000000000000e+00
6.420000000000000151e-01,-2.457399999999999862e-01,-5.702898657397055260e-01,3.000000000000000000e+00
6.505400000000000071e-01,-2.530299999999999772e-01,-5.788933991511348021e-01,3.000000000000000000e+00
6.607699999999999685e-01,-2.615899999999999892e-01,-5.917564881037334912e-01,3.000000000000000000e+00
6.607699999999999685e-01,-2.615899999999999892e-01,-5.917564881037334912e-01,3.000000000000000000e+00
6.751899999999999569e-01,-2.713200000000000056e-01,-6.033453663790260268e-01,3.000000000000000000e+00
6.751899999999999569e-01,-2.713200000000000056e-01,-6.033453663790260268e-01,3.000000000000000000e+00
6.818499999999999561e-01,-2.791799999999999837e-01,-6.171516539801923384e-01,3.000000000000000000e+00
6.824000000000000066e-01,-2.798900000000000277e-01,-6.184354156392357638e-01,3.000000000000000000e+00
6.907999999999999696e-01,-2.872899999999999898e-01,-6.273060313741309901e-01,3.000000000000000000e+00
7.021600000000000064e-01,-2.960699999999999998e-01,-6.380924617460677073e-01,3.000000000000000000e+00
7.021600000000000064e-01,-2.960699999999999998e-01,-6.380924617460677073e-01,3.000000000000000000e+00
7.168200000000000127e-01,-3.133600000000000274e-01,-6.604989513997334694e-01,3.000000000000000000e+00
7.168200000000000127e-01,-3.133600000000000274e-01,-6.604989513997334694e-01,3.000000000000000000e+00
7.288999999999999924e-01,-3.235700000000000243e-01,-6.722665175956091810e-01,3.000000000000000000e+00
7.298200000000000243e-01,-3.243099999999999872e-01,-6.731039550235845548e-01,3.000000000000000000e+00
7.349499999999999922e-01,-3.312800000000000189e-01,-6.821169319617830240e-01,3.000000000000000000e+00
7.469500000000000028e-01,-3.412700000000000178e-01,-6.911978938663603245e-01,3.000000000000000000e+00
7.469500000000000028e-01,-3.412700000000000178e-01,-6.911978938663603245e-01,3.000000000000000000e+00
7.539400000000000546e-01,-3.502799999999999803e-01,-7.037117578108155191e-01,3.000000000000000000e+00
7.539400000000000546e-01,-3.502799999999999803e-01,-7.037117578108155191e-01,3.000000000000000000e+00
7.628800000000000026e-01,-3.602799999999999891e-01,-7.177929543127180567e-01,3.000000000000000000e+00
7.634999999999999565e-01,-3.609700000000000131e-01,-7.187479099325639886e-01,3.000000000000000000e+00
7.752499999999999947e-01,-3.691200000000000037e-01,-7.277991541575569157e-01,3.000000000000000000e+00
7.802200000000000246e-01,-3.778599999999999737e-01,-7.377094075865707756e-01,3.000000000000000000e+00
7.802200000000000246e-01,-3.778599999999999737e-01,-7.377094075865707756e-01,3.000000000000000000e+00
7.924099999999999477e-01,-3.890700000000000269e-01,-7.503625173195044296e-01,3.000000000000000000e+00
7.933599999999999541e-01,-3.899099999999999788e-01,-7.513033694424943176e-01,3.000000000000000000e+00
8.015499999999999847e-01,-3.993800000000000128e-01,-7.598788322326903710e-01,3.000000000000000000e+00
8.068800000000000416e-01,-4.087000000000000077e-01,-7.727400122638587998e-01,3.000000000000000000e+00
8.068800000000000416e-01,-4.087000000000000077e-01,-7.727400122638587998e-01,3.000000000000000000e+00
8.117600000000000371e-01,-4.177400000000000002e-01,-7.860347816725237191e-01,3.000000000000000000e+00
8.117600000000000371e-01,-4.177400000000000002e-01,-7.860347816725237191e-01,3.000000000000000000e+00
8.212099999999999955e-01,-4.281800000000000050e-01,-7.983245276723911488e-01,3.000000000000000000e+00
8.284299999999999997e-01,-4.376700000000000035e-01,-8.073150061479940076e-01,3.000000000000000000e+00
8.284299999999999997e-01,-4.376700000000000035e-01,-8.073150061479940076e-01,3.000000000000000000e+00
8.369499999999999718e-01,-4.482099999999999973e-01,-8.165882176024978900e-01,3.000000000000000000e+00
8.377000000000000002e-01,-4.491399999999999837e-01,-8.174010784699851095e-01,3.000000000000000000e+00
8.466500000000000137e-01,-4.587300000000000266e-01,-8.291050417862682043e-01,3.000000000000000000e+00
8.513399999999999856e-01,-4.681899999999999951e-01,-8.429124204641433860e-01,3.000000000000000000e+00
8.513399999999999856e-01,-4.681899999999999951e-01,-8.429124204641433860e-01,3.000000000000000000e+00
8.589599999999999458e-01,-4.785300000000000109e-01,-8.529665049387099574e-01,3.000000000000000000e+00
8.589599999999999458e-01,-4.785300000000000109e-01,-8.529665049387099574e-01,3.000000000000000000e+00
8.677899999999999503e-01,-4.896499999999999742e-01,-8.652926541342017552e-01,3.000000000000000000e+00
8.757800000000000029e-01,-5.010299999999999754e-01,-8.783347497099398549e-01,3.000000000000000000e+00
8.757800000000000029e-01,-5.010299999999999754e-01,-8.783347497099398549e-01,3.000000000000000000e+00
8.838000000000000300e-01,-5.128000000000000336e-01,-8.922250788803924859e-01,3.000000000000000000e+00
8.838000000000000300e-01,-5.128000000000000336e-01,-8.922250788803924859e-01,3.000000000000000000e+00
8.838000000000000300e-01,-5.128000000000000336e-01,-8.922250788803924859e-01,3.000000000000000000e+00
8.920900000000000496e-01,-5.252599999999999492e-01,-9.066859237274618177e-01,3.000000000000000000e+00
9.003200000000000092e-01,-5.367300000000000404e-01,-9.144507757882623933e-01,3.000000000000000000e+00
9.053900000000000281e-01,-5.475900000000000212e-01,-9.253936087458123350e-01,3.000000000000000000e+00
9.053900000000000281e-01,-5.475900000000000212e-01,-9.253936087458123350e-01,3.000000000000000000e+00
9.100899999999999546e-01,-5.591500000000000359e-01,-9.413991585041190380e-01,3.000000000000000000e+00
9.100899999999999546e-01,-5.591500000000000359e-01,-9.413991585041190380e-01,3.000000000000000000e+00
9.150500000000000300e-01,-5.706599999999999451e-01,-9.521441642971547603e-01,3.000000000000000000e+00
9.153799999999999715e-01,-5.714399999999999480e-01,-9.528383356512551972e-01,3.000000000000000000e+00
9.276600000000000401e-01,-5.851300000000000390e-01,-9.651059739125522619e-01,3.000000000000000000e+00
9.340399999999999814e-01,-5.966000000000000192e-01,-9.752051378471364718e-01,3.000000000000000000e+00
9.340399999999999814e-01,-5.966000000000000192e-01,-9.752051378471364718e-01,3.000000000000000000e+00
9.447799999999999532e-01,-6.102199999999999847e-01,-9.858711217582161179e-01,3.000000000000000000e+00
9.465000000000000080e-01,-6.198700000000000321e-01,-9.994482940698861118e-01,3.000000000000000000e+00
9.465000000000000080e-01,-6.198700000000000321e-01,-9.994482940698861118e-01,3.000000000000000000e+00
9.491100000000000092e-01,-6.304800000000000404e-01,-1.012325067461384842e+00,3.000000000000000000e+00
9.491100000000000092e-01,-6.304800000000000404e-01,-1.012325067461384842e+00,3.000000000000000000e+00
9.551699999999999635e-01,-6.424499999999999655e-01,-1.022815224929619626e+00,3.000000000000000000e+00
9.551699999999999635e-01,-6.424499999999999655e-01,-1.022815224929619626e+00,3.000000000000000000e+00
9.599400000000000155e-01,-6.535699999999999843e-01,-1.035446475291800450e+00,3.000000000000000000e+00
9.603000000000000425e-01,-6.544100000000000472e-01,-1.036403315170386419e+00,3.000000000000000000e+00
9.751100000000000323e-01,-6.697899999999999965e-01,-1.046398675495275210e+00,3.000000000000000000e+00
9.733300000000000285e-01,-6.786799999999999500e-01,-1.058953445394008153e+00,3.000000000000000000e+00
9.730699999999999905e-01,-6.793700000000000294e-01,-1.060010735214677036e+00,3.000000000000000000e+00
9.775800000000000045e-01,-6.907299999999999551e-01,-1.070544302637350453e+00,3.000000000000000000e+00
9.794599999999999973e-01,-7.019600000000000284e-01,-1.083705643083024084e+00,3.000000000000000000e+00
9.794599999999999973e-01,-7.019600000000000284e-01,-1.083705643083024084e+00,3.000000000000000000e+00
9.795700000000000518e-01,-7.027799999999999603e-01,-1.084681934081076049e+00,3.000000000000000000e+00
9.860499999999999821e-01,-7.150900000000000034e-01,-1.096528748209408821e+00,3.000000000000000000e+00
9.899900000000000366e-01,-7.276500000000000190e-01,-1.108230009153819307e+00,3.000000000000000000e+00
9.962999999999999634e-01,-7.414199999999999680e-01,-1.123548519053210404e+00,3.000000000000000000e+00
9.962999999999999634e-01,-7.414199999999999680e-01,-1.123548519053210404e+00,3.000000000000000000e+00
9.991299999999999626e-01,-7.541299999999999670e-01,-1.135349703016224954e+00,3.000000000000000000e+00
9.991299999999999626e-01,-7.541299999999999670e-01,-1.135349703016224954e+00,3.000000000000000000e+00
1.000629999999999908e+00,-7.662499999999999867e-01,-1.150261381399801941e+00,3.000000000000000000e+00
1.007900000000000018e+00,-7.803099999999999481e-01,-1.163282208529201167e+00,3.000000000000000000e+00
1.007900000000000018e+00,-7.803099999999999481e-01,-1.163282208529201167e+00,3.000000000000000000e+00
1.014080000000000092e+00,-7.946299999999999475e-01,-1.173202373568364321e+00,3.000000000000000000e+00
1.014080000000000092e+00,-7.946299999999999475e-01,-1.173202373568364321e+00,3.000000000000000000e+00
1.010350000000000081e+00,-8.038399999999999990e-01,-1.185128685712509844e+00,3.000000000000000000e+00
1.020939999999999959e+00,-8.195400000000000462e-01,-1.198461202848418949e+00,3.000000000000000000e+00
1.020939999999999959e+00,-8.195400000000000462e-01,-1.198461202848418949e+00,3.000000000000000000e+00
1.024319999999999897e+00,-8.324200000000000488e-01,-1.206161507007915246e+00,3.000000000000000000e+00
1.024319999999999897e+00,-8.324200000000000488e-01,-1.206161507007915246e+00,3.000000000000000000e+00
1.028540000000000010e+00,-8.458900000000000308e-01,-1.222349279069593342e+00,3.000000000000000000e+00
1.028540000000000010e+00,-8.458900000000000308e-01,-1.222349279069593342e+00,3.000000000000000000e+00
1.030759999999999899e+00,-8.586200000000000498e-01,-1.231229826015699524e+00,3.000000000000000000e+00
1.035749999999999948e+00,-8.727800000000000002e-01,-1.245022246961151824e+00,3.000000000000000000e+00
1.035749999999999948e+00,-8.727800000000000002e-01,-1.245022246961151824e+00,3.000000000000000000e+00
1.037660000000000027e+00,-8.851499999999999924e-01,-1.258225936027818515e+00,3.000000000000000000e+00
1.037789999999999990e+00,-8.861700000000000133e-01,-1.259310192600664458e+00,3.000000000000000000e+00
1.036610000000000031e+00,-8.962099999999999511e-01,-1.271970583587691106e+00,3.000000000000000000e+00
1.038939999999999975e+00,-9.095499999999999696e-01,-1.282218251263504749e+00,3.000000000000000000e+00
1.038939999999999975e+00,-9.095499999999999696e-01,-1.282218251263504749e+00,3.000000000000000000e+00
1.041379999999999972e+00,-9.235499999999999821e-01,-1.294952386216389639e+00,3.000000000000000000e+00
1.041579999999999950e+00,-9.247400000000000064e-01,-1.296036844147539391e+00,3.000000000000000000e+00
1.044019999999999948e+00,-9.373799999999999910e-01,-1.308111032053691725e+00,3.000000000000000000e+00
1.040370000000000017e+00,-9.485599999999999588e-01,-1.322372947422171263e+00,3.000000000000000000e+00
1.040370000000000017e+00,-9.485599999999999588e-01,-1.322372947422171263e+00,3.000000000000000000e+00
1.044059999999999988e+00,-9.635799999999999921e-01,-1.335370959572049099e+00,3.000000000000000000e+00
1.044059999999999988e+00,-9.635799999999999921e-01,-1.335370959572049099e+00,3.000000000000000000e+00
1.047930000000000028e+00,-9.789700000000000069e-01,-1.346505846895547309e+00,3.000000000000000000e+00
1.048219999999999930e+00,-9.801499999999999657e-01,-1.347341395041413925e+00,3.000000000000000000e+00
1.052059999999999995e+00,-9.943499999999999561e-01,-1.360635310263471620e+00,3.000000000000000000e+00
1.047169999999999934e+00,-1.004129999999999967e+00,-1.371389330847344379e+00,3.000000000000000000e+00
1.047169999999999934e+00,-1.004129999999999967e+00,-1.371389330847344379e+00,3.000000000000000000e+00
1.052599999999999980e+00,-1.020480000000000054e+00,-1.384416494672393583e+00,3.000000000000000000e+00
1.052599999999999980e+00,-1.020480000000000054e+00,-1.384416494672393583e+00,3.000000000000000000e+00
1.058319999999999927e+00,-1.047749999999999959e+00,-1.405118738688911462e+00,3.000000000000000000e+00
1.054230000000000000e+00,-1.056009999999999893e+00,-1.413034660976545176e+00,3.000000000000000000e+00
1.054230000000000000e+00,-1.056009999999999893e+00,-1.413034660976545176e+00,3.000000000000000000e+00
1.049979999999999913e+00,-1.061909999999999910e+00,-1.417428401183772335e+00,3.000000000000000000e+00
1.049979999999999913e+00,-1.061909999999999910e+00,-1.417428401183772335e+00,3.000000000000000000e+00
1.055099999999999927e+00,-1.071020000000000083e+00,-1.423105274944400644e+00,3.000000000000000000e+00
1.055649999999999977e+00,-1.071909999999999918e+00,-1.423648470999766991e+00,3.000000000000000000e+00
1.051500000000000101e+00,-1.073339999999999961e+00,-1.427175750349117811e+00,3.000000000000000000e+00
1.051299999999999901e+00,-1.077050000000000063e+00,-1.429340778088978192e+00,3.000000000000000000e+00
1.051299999999999901e+00,-1.077050000000000063e+00,-1.429340778088978192e+00,3.000000000000000000e+00
1.053230000000000111e+00,-1.080869999999999997e+00,-1.432911631805242392e+00,3.000000000000000000e+00
1.051539999999999919e+00,-1.081380000000000008e+00,-1.433458008733748290e+00,3.000000000000000000e+00
1.051539999999999919e+00,-1.081380000000000008e+00,-1.433458008733748290e+00,3.000000000000000000e+00
1.054610000000000047e+00,-1.083550000000000013e+00,-1.435918013366167312e+00,3.000000000000000000e+00
1.054610000000000047e+00,-1.083550000000000013e+00,-1.435918013366167312e+00,3.000000000000000000e+00
1.053350000000000009e+00,-1.082370000000000054e+00,-1.433854205280850058e+00,3.000000000000000000e+00
1.053180000000000005e+00,-1.082209999999999894e+00,-1.433605395481174272e+00,3.000000000000000000e+00
1.055879999999999930e+00,-1.083380000000000010e+00,-1.435393259039015490e+00,3.000000000000000000e+00
1.052689999999999904e+00,-1.081350000000000033e+00,-1.433037956135325253e+00,3.000000000000000000e+00
1.052689999999999904e+00,-1.081350000000000033e+00,-1.433037956135325253e+00,3.000000000000000000e+00
1.052189999999999959e+00,-1.081290000000000084e+00,-1.433717326719786023e+00,3.000000000000000000e+00
1.052189999999999959e+00,-1.081290000000000084e+00,-1.433717326719786023e+00,3.000000000000000000e+00
1.056499999999999995e+00,-1.083890000000000020e+00,-1.432066710511316732e+00,3.000000000000000000e+00
1.053670000000000107e+00,-1.081970000000000098e+00,-1.433277690690203832e+00,3.000000000000000000e+00
1.053670000000000107e+00,-1.081970000000000098e+00,-1.433277690690203832e+00,3.000000000000000000e+00
1.053299999999999903e+00,-1.081720000000000015e+00,-1.433433644963022502e+00,3.000000000000000000e+00
1.052389999999999937e+00,-1.081229999999999913e+00,-1.433836984426659411e+00,3.000000000000000000e+00
1.053350000000000009e+00,-1.081660000000000066e+00,-1.433453756438646476e+00,3.000000000000000000e+00
1.053439999999999932e+00,-1.081700000000000106e+00,-1.433418996439077997e+00,3.000000000000000000e+00
1.052459999999999951e+00,-1.081090000000000106e+00,-1.433683067227752073e+00,3.000000000000000000e+00
1.053180000000000005e+00,-1.081630000000000091e+00,-1.433469633603830173e+00,3.000000000000000000e+00
1.053180000000000005e+00,-1.081630000000000091e+00,-1.433469633603830173e+00,3.000000000000000000e+00
1.052429999999999977e+00,-1.081309999999999993e+00,-1.433821193615004930e+00,3.000000000000000000e+00
1.052429999999999977e+00,-1.081309999999999993e+00,-1.433821193615004930e+00,3.000000000000000000e+00
1.052319999999999922e+00,-1.081260000000000110e+00,-1.433868019487845036e+00,3.000000000000000000e+00
1.052319999999999922e+00,-1.081260000000000110e+00,-1.433868019487845036e+00,3.000000000000000000e+00
1.053230000000000111e+00,-1.081679999999999975e+00,-1.433467586259013382e+00,3.000000000000000000e+00
1.053230000000000111e+00,-1.081679999999999975e+00,-1.433467586259013382e+00,3.000000000000000000e+00
1.053230000000000111e+00,-1.081679999999999975e+00,-1.433467586259013382e+00,3.000000000000000000e+00
1.053230000000000111e+00,-1.081679999999999975e+00,-1.433467586259013382e+00,3.000000000000000000e+00
1.053390000000000049e+00,-1.081909999999999927e+00,-1.433569456278877663e+00,3.000000000000000000e+00
1.051860000000000017e+00,-1.080759999999999943e+00,-1.432990889070129725e+00,3.000000000000000000e+00
1.051860000000000017e+00,-1.080759999999999943e+00,-1.432990889070129725e+00,3.000000000000000000e+00
1.051430000000000087e+00,-1.080459999999999976e+00,-1.433075875194122162e+00,3.000000000000000000e+00
1.055500000000000105e+00,-1.083180000000000032e+00,-1.432258744210663570e+00,3.000000000000000000e+00
1.053469999999999906e+00,-1.081830000000000069e+00,-1.433351895641028939e+00,3.000000000000000000e+00
8.700000000000000051e-04,-1.600000000000000131e-04,0.000000000000000000e+00,3.000000000000000000e+00
1.049999999999999935e-03,-1.900000000000000105e-04,-9.769352264629453035e-05,3.000000000000000000e+00
-2.500000000000000052e-04,-3.000000000000000076e-05,-1.882197170075808801e-04,3.000000000000000000e+00
-2.566999999999999837e-02,2.469999999999999973e-03,2.827238468955912964e-02,3.000000000000000000e+00
-2.566999999999999837e-02,2.469999999999999973e-03,2.827238468955912964e-02,3.000000000000000000e+00
-4.959999999999999999e-03,3.499999999999999964e-04,1.472253696608147007e-03,3.000000000000000000e+00
-4.959999999999999999e-03,3.499999999999999964e-04,1.472253696608147007e-03,3.000000000000000000e+00
-6.999999999999999387e-05,-3.000000000000000076e-05,-2.124071109124417618e-05,3.000000000000000000e+00
-6.999999999999999387e-05,-3.000000000000000076e-05,-2.124071109124417618e-05,3.000000000000000000e+00
-2.300000000000000070e-04,0.000000000000000000e+00,-1.955861506924329047e-04,3.000000000000000000e+00
-2.300000000000000070e-04,0.000000000000000000e+00,-1.955861506924329047e-04,3.000000000000000000e+00
8.300000000000000086e-04,-5.000000000000000240e-05,1.537618898333323022e-03,3.000000000000000000e+00
9.100000000000000016e-04,-5.000000000000000240e-05,1.655034575989506413e-03,3.000000000000000000e+00
5.699999999999999772e-04,-1.200000000000000030e-04,1.152348421042086483e-03,3.000000000000000000e+00
3.160000000000000048e-03,3.000000000000000076e-05,-1.641697549282433678e-03,3.000000000000000000e+00
3.160000000000000048e-03,3.000000000000000076e-05,-1.641697549282433678e-03,3.000000000000000000e+00
8.670000000000000623e-03,-1.800000000000000113e-04,-5.288855866123707769e-03,3.000000000000000000e+00
8.670000000000000623e-03,-1.800000000000000113e-04,-5.288855866123707769e-03,3.000000000000000000e+00
1.533999999999999947e-02,-4.600000000000000139e-04,-1.208820877814848274e-02,3.000000000000000000e+00
1.533999999999999947e-02,-4.600000000000000139e-04,-1.208820877814848274e-02,3.000000000000000000e+00
2.154000000000000012e-02,-5.999999999999999474e-04,-1.519915249966858999e-02,3.000000000000000000e+00
2.205000000000000016e-02,-6.099999999999999737e-04,-1.542942586254959780e-02,3.000000000000000000e+00
3.525999999999999968e-02,-3.150000000000000022e-03,-2.516677157921700866e-02,3.000000000000000000e+00
3.525999999999999968e-02,-3.150000000000000022e-03,-2.516677157921700866e-02,3.000000000000000000e+00
4.431000000000000216e-02,-4.349999999999999700e-03,-3.375276068090968251e-02,3.000000000000000000e+00
5.401000000000000245e-02,-5.510000000000000141e-03,-4.117323116128957655e-02,3.000000000000000000e+00
5.401000000000000245e-02,-5.510000000000000141e-03,-4.117323116128957655e-02,3.000000000000000000e+00
6.723999999999999422e-02,-7.259999999999999960e-03,-5.123224943117671987e-02,3.000000000000000000e+00
6.723999999999999422e-02,-7.259999999999999960e-03,-5.123224943117671987e-02,3.000000000000000000e+00
8.211999999999999855e-02,-7.609999999999999577e-03,-6.119919699192115370e-02,3.000000000000000000e+00
8.211999999999999855e-02,-7.609999999999999577e-03,-6.119919699192115370e-02,3.000000000000000000e+00
9.567000000000000504e-02,-9.379999999999999449e-03,-6.784436708519357706e-02,3.000000000000000000e+00
9.567000000000000504e-02,-9.379999999999999449e-03,-6.784436708519357706e-02,3.000000000000000000e+00
1.052899999999999947e-01,-1.128000000000000010e-02,-7.803581483941531005e-02,3.000000000000000000e+00
1.202399999999999997e-01,-1.375999999999999966e-02,-8.694225658368083531e-02,3.000000000000000000e+00
1.202399999999999997e-01,-1.375999999999999966e-02,-8.694225658368083531e-02,3.000000000000000000e+00
1.302599999999999869e-01,-1.552000000000000081e-02,-9.569969289719119920e-02,3.000000000000000000e+00
1.302599999999999869e-01,-1.552000000000000081e-02,-9.569969289719119920e-02,3.000000000000000000e+00
1.441399999999999904e-01,-1.778000000000000067e-02,-1.043029094671071300e-01,3.000000000000000000e+00
1.441399999999999904e-01,-1.778000000000000067e-02,-1.043029094671071300e-01,3.000000000000000000e+00
1.608300000000000007e-01,-2.355000000000000149e-02,-1.204261376439904052e-01,3.000000000000000000e+00
1.608300000000000007e-01,-2.355000000000000149e-02,-1.204261376439904052e-01,3.000000000000000000e+00
1.735299999999999898e-01,-2.630000000000000046e-02,-1.336823054223369722e-01,3.000000000000000000e+00
1.876200000000000090e-01,-2.942000000000000171e-02,-1.438870805114139673e-01,3.000000000000000000e+00
1.876200000000000090e-01,-2.942000000000000171e-02,-1.438870805114139673e-01,3.000000000000000000e+00
1.876200000000000090e-01,-2.942000000000000171e-02,-1.438870805114139673e-01,3.000000000000000000e+00
1.986300000000000010e-01,-3.239000000000000212e-02,-1.568695624272526401e-01,3.000000000000000000e+00
2.125700000000000089e-01,-3.581999999999999768e-02,-1.658159689300610085e-01,3.000000000000000000e+00
2.125700000000000089e-01,-3.581999999999999768e-02,-1.658159689300610085e-01,3.000000000000000000e+00
2.139000000000000068e-01,-3.615000000000000158e-02,-1.666169972443701242e-01,3.000000000000000000e+00
2.298499999999999988e-01,-3.733999999999999819e-02,-1.749379803272044231e-01,3.000000000000000000e+00
2.298499999999999988e-01,-3.733999999999999819e-02,-1.749379803272044231e-01,3.000000000000000000e+00
2.586399999999999810e-01,-4.413000000000000256e-02,-1.959439180064257158e-01,3.000000000000000000e+00
2.586399999999999810e-01,-4.413000000000000256e-02,-1.959439180064257158e-01,3.000000000000000000e+00
2.706299999999999817e-01,-4.803000000000000325e-02,-2.100492001184424418e-01,3.000000000000000000e+00
2.831899999999999973e-01,-5.235999999999999682e-02,-2.233962300513114008e-01,3.000000000000000000e+00
2.831899999999999973e-01,-5.235999999999999682e-02,-2.233962300513114008e-01,3.000000000000000000e+00
2.978700000000000236e-01,-5.691999999999999837e-02,-2.347533324353800743e-01,3.000000000000000000e+00
2.978700000000000236e-01,-5.691999999999999837e-02,-2.347533324353800743e-01,3.000000000000000000e+00
3.097199999999999953e-01,-6.092999999999999805e-02,-2.490139341994658806e-01,3.000000000000000000e+00
3.097199999999999953e-01,-6.092999999999999805e-02,-2.490139341994658806e-01,3.000000000000000000e+00
3.243300000000000072e-01,-6.610000000000000597e-02,-2.589032241787747046e-01,3.000000000000000000e+00
3.326399999999999912e-01,-7.019000000000000239e-02,-2.720805914643546486e-01,3.000000000000000000e+00
3.326399999999999912e-01,-7.019000000000000239e-02,-2.720805914643546486e-01,3.000000000000000000e+00
3.450699999999999878e-01,-7.510999999999999621e-02,-2.834950734751635615e-01,3.000000000000000000e+00
3.450699999999999878e-01,-7.510999999999999621e-02,-2.834950734751635615e-01,3.000000000000000000e+00
3.554200000000000137e-01,-7.964000000000000246e-02,-2.949691242666437341e-01,3.000000000000000000e+00
3.554200000000000137e-01,-7.964000000000000246e-02,-2.949691242666437341e-01,3.000000000000000000e+00
3.717500000000000249e-01,-8.544000000000000206e-02,-3.060954035822129882e-01,3.000000000000000000e+00
3.729399999999999937e-01,-8.586000000000000576e-02,-3.068711326712302290e-01,3.000000000000000000e+00
3.831200000000000161e-01,-9.042000000000000037e-02,-3.143001597671383762e-01,3.000000000000000000e+00
3.940500000000000114e-01,-9.579000000000000015e-02,-3.235494936856239123e-01,3.000000000000000000e+00
3.940500000000000114e-01,-9.579000000000000015e-02,-3.235494936856239123e-01,3.000000000000000000e+00
4.036899999999999933e-01,-1.010100000000000026e-01,-3.353092439885037579e-01,3.000000000000000000e+00
4.036899999999999933e-01,-1.010100000000000026e-01,-3.353092439885037579e-01,3.000000000000000000e+00
4.136500000000000177e-01,-1.062799999999999995e-01,-3.457082823922798531e-01,3.000000000000000000e+00
4.293600000000000194e-01,-1.121299999999999936e-01,-3.585515261375034068e-01,3.000000000000000000e+00
4.293600000000000194e-01,-1.121299999999999936e-01,-3.585515261375034068e-01,3.000000000000000000e+00
4.413000000000000256e-01,-1.179400000000000032e-01,-3.666989139434673195e-01,3.000000000000000000e+00
4.421499999999999875e-01,-1.183799999999999991e-01,-3.672702223506265073e-01,3.000000000000000000e+00
4.511800000000000255e-01,-1.234299999999999981e-01,-3.790577866486867786e-01,3.000000000000000000e+00
4.645000000000000240e-01,-1.299500000000000099e-01,-3.917006057036778732e-01,3.000000000000000000e+00
4.645000000000000240e-01,-1.299500000000000099e-01,-3.917006057036778732e-01,3.000000000000000000e+00
4.783899999999999819e-01,-1.365800000000000070e-01,-4.051119393144086978e-01,3.000000000000000000e+00
4.783899999999999819e-01,-1.365800000000000070e-01,-4.051119393144086978e-01,3.000000000000000000e+00
4.795599999999999863e-01,-1.371499999999999941e-01,-4.062317965865384073e-01,3.000000000000000000e+00
4.880399999999999738e-01,-1.429400000000000115e-01,-4.175395008585272572e-01,3.000000000000000000e+00
5.022499999999999742e-01,-1.499099999999999877e-01,-4.300650215246650254e-01,3.000000000000000000e+00
5.119000000000000217e-01,-1.562500000000000000e-01,-4.401016755493307175e-01,3.000000000000000000e+00
5.128300000000000081e-01,-1.568900000000000017e-01,-4.410989768458464799e-01,3.000000000000000000e+00
5.247399999999999842e-01,-1.634599999999999942e-01,-4.498436923118718234e-01,3.000000000000000000e+00
5.354999999999999760e-01,-1.707700000000000051e-01,-4.589784108210246405e-01,3.000000000000000000e+00
5.354999999999999760e-01,-1.707700000000000051e-01,-4.589784108210246405e-01,3.000000000000000000e+00
5.354999999999999760e-01,-1.707700000000000051e-01,-4.589784108210246405e-01,3.000000000000000000e+00
5.362799999999999789e-01,-1.713200000000000001e-01,-4.596553924739116281e-01,3.000000000000000000e+00
5.362799999999999789e-01,-1.713200000000000001e-01,-4.596553924739116281e-01,3.000000000000000000e+00
5.572700000000000431e-01,-1.853400000000000047e-01,-4.828437502408410298e-01,3.000000000000000000e+00
5.676200000000000134e-01,-1.918400000000000105e-01,-4.936083213642329937e-01,3.000000000000000000e+00
5.811699999999999644e-01,-1.998999999999999944e-01,-5.057734199178118839e-01,3.000000000000000000e+00
5.811699999999999644e-01,-1.998999999999999944e-01,-5.057734199178118839e-01,3.000000000000000000e+00
5.933399999999999785e-01,-2.077199999999999880e-01,-5.168859431356864764e-01,3.000000000000000000e+00
5.942699999999999649e-01,-2.083399999999999974e-01,-5.177380171286941613e-01,3.000000000000000000e+00
6.104000000000000536e-01,-2.233600000000000030e-01,-5.348472018675479722e-01,3.000000000000000000e+00
6.104000000000000536e-01,-2.233600000000000030e-01,-5.348472018675479722e-01,3.000000000000000000e+00
6.104000000000000536e-01,-2.233600000000000030e-01,-5.348472018675479722e-01,3.000000000000000000e+00
6.117599999999999705e-01,-2.246299999999999963e-01,-5.362493329105992856e-01,3.000000000000000000e+00
6.327199999999999491e-01,-2.402600000000000013e-01,-5.578652324514826732e-01,3.000000000000000000e+00
6.402900000000000258e-01,-2.475900000000000045e-01,-5.693231789083434968e-01,3.000000000000000000e+00
6.402900000000000258e-01,-2.475900000000000045e-01,-5.693231789083434968e-01,3.000000000000000000e+00
6.506600000000000161e-01,-2.558699999999999863e-01,-5.820981387399120077e-01,3.000000000000000000e+00
6.636900000000000022e-01,-2.647700000000000053e-01,-5.914739854194858149e-01,3.000000000000000000e+00
6.636900000000000022e-01,-2.647700000000000053e-01,-5.914739854194858149e-01,3.000000000000000000e+00
6.718899999999999872e-01,-2.725699999999999790e-01,-6.029319784481463884e-01,3.000000000000000000e+00
6.724999999999999867e-01,-2.731799999999999784e-01,-6.038379685915543638e-01,3.000000000000000000e+00
6.830399999999999805e-01,-2.811000000000000165e-01,-6.134630761566980395e-01,3.000000000000000000e+00
6.830399999999999805e-01,-2.811000000000000165e-01,-6.134630761566980395e-01,3.000000000000000000e+00
6.830399999999999805e-01,-2.811000000000000165e-01,-6.134630761566980395e-01,3.000000000000000000e+00
6.843599999999999683e-01,-2.821100000000000274e-01,-6.146653728785476112e-01,3.000000000000000000e+00
7.008600000000000385e-01,-2.989899999999999780e-01,-6.353200549584222534e-01,3.000000000000000000e+00
7.105700000000000349e-01,-3.076499999999999790e-01,-6.476546402588277962e-01,3.000000000000000000e+00
7.116700000000000248e-01,-3.086200000000000054e-01,-6.490431686519850807e-01,3.000000000000000000e+00
7.224699999999999456e-01,-3.155800000000000272e-01,-6.594043943174048295e-01,3.000000000000000000e+00
7.335399999999999698e-01,-3.251700000000000146e-01,-6.712279497290474239e-01,3.000000000000000000e+00
7.335399999999999698e-01,-3.251700000000000146e-01,-6.712279497290474239e-01,3.000000000000000000e+00
7.444899999999999851e-01,-3.348900000000000210e-01,-6.824634838053218466e-01,3.000000000000000000e+00
7.456399999999999695e-01,-3.359199999999999964e-01,-6.836375502345236610e-01,3.000000000000000000e+00
7.531900000000000261e-01,-3.439499999999999780e-01,-6.931794542284109850e-01,3.000000000000000000e+00
7.573199999999999932e-01,-3.521599999999999731e-01,-7.047295220544107508e-01,3.000000000000000000e+00
7.573199999999999932e-01,-3.521599999999999731e-01,-7.047295220544107508e-01,3.000000000000000000e+00
7.662400000000000322e-01,-3.616199999999999970e-01,-7.168311761524690517e-01,3.000000000000000000e+00
7.662400000000000322e-01,-3.616199999999999970e-01,-7.168311761524690517e-01,3.000000000000000000e+00
7.782799999999999718e-01,-3.722500000000000253e-01,-7.278000032330665947e-01,3.000000000000000000e+00
7.892799999999999816e-01,-3.824799999999999867e-01,-7.395062709342015150e-01,3.000000000000000000e+00
7.892799999999999816e-01,-3.824799999999999867e-01,-7.395062709342015150e-01,3.000000000000000000e+00
7.924299999999999677e-01,-3.904299999999999993e-01,-7.514750670012176892e-01,3.000000000000000000e+00
7.924299999999999677e-01,-3.904299999999999993e-01,-7.514750670012176892e-01,3.000000000000000000e+00
8.033599999999999630e-01,-4.010799999999999921e-01,-7.616197432678889490e-01,3.000000000000000000e+00
8.043299999999999894e-01,-4.019900000000000140e-01,-7.624494828162164950e-01,3.000000000000000000e+00
8.108199999999999852e-01,-4.109700000000000020e-01,-7.731817979313466704e-01,3.000000000000000000e+00
8.187999999999999723e-01,-4.207099999999999729e-01,-7.831058874085283783e-01,3.000000000000000000e+00
8.187999999999999723e-01,-4.207099999999999729e-01,-7.831058874085283783e-01,3.000000000000000000e+00
8.285799999999999832e-01,-4.312699999999999867e-01,-7.951822982576451926e-01,3.000000000000000000e+00
8.285799999999999832e-01,-4.312699999999999867e-01,-7.951822982576451926e-01,3.000000000000000000e+00
8.352800000000000225e-01,-4.415999999999999925e-01,-8.071844501857387000e-01,3.000000000000000000e+00
8.357400000000000384e-01,-4.423400000000000110e-01,-8.080420916749708748e-01,3.000000000000000000e+00
8.357400000000000384e-01,-4.423400000000000110e-01,-8.080420916749708748e-01,3.000000000000000000e+00
8.357400000000000384e-01,-4.423400000000000110e-01,-8.080420916749708748e-01,3.000000000000000000e+00
8.509600000000000497e-01,-4.627399999999999847e-01,-8.257052337933074027e-01,3.000000000000000000e+00
8.516000000000000236e-01,-4.635900000000000021e-01,-8.264413640880411416e-01,3.000000000000000000e+00
8.516000000000000236e-01,-4.635900000000000021e-01,-8.264413640880411416e-01,3.000000000000000000e+00
8.681900000000000173e-01,-4.853500000000000036e-01,-8.483318600425152622e-01,3.000000000000000000e+00
8.752900000000000125e-01,-4.959899999999999864e-01,-8.585359632177297362e-01,3.000000000000000000e+00
8.752900000000000125e-01,-4.959899999999999864e-01,-8.585359632177297362e-01,3.000000000000000000e+00
8.832100000000000506e-01,-5.070200000000000262e-01,-8.714746158351240890e-01,3.000000000000000000e+00
8.832100000000000506e-01,-5.070200000000000262e-01,-8.714746158351240890e-01,3.000000000000000000e+00
8.832100000000000506e-01,-5.070200000000000262e-01,-8.714746158351240890e-01,3.000000000000000000e+00
8.837800000000000100e-01,-5.078200000000000491e-01,-8.724092683964113082e-01,3.000000000000000000e+00
9.011200000000000321e-01,-5.305800000000000516e-01,-8.933399080608155352e-01,3.000000000000000000e+00
9.085999999999999632e-01,-5.420599999999999863e-01,-9.064712029474398802e-01,3.000000000000000000e+00
9.091000000000000192e-01,-5.428399999999999892e-01,-9.073859015325492772e-01,3.000000000000000000e+00
9.166600000000000303e-01,-5.533900000000000485e-01,-9.195633709493354901e-01,3.000000000000000000e+00
9.202700000000000324e-01,-5.631500000000000394e-01,-9.292725693549744870e-01,3.000000000000000000e+00
9.202700000000000324e-01,-5.631500000000000394e-01,-9.292725693549744870e-01,3.000000000000000000e+00
9.274999999999999911e-01,-5.747100000000000541e-01,-9.423251519687966260e-01,3.000000000000000000e+00
9.274999999999999911e-01,-5.747100000000000541e-01,-9.423251519687966260e-01,3.000000000000000000e+00
9.406299999999999661e-01,-5.886000000000000121e-01,-9.528961340193706775e-01,3.000000000000000000e+00
9.421800000000000175e-01,-5.980600000000000360e-01,-9.632552439332487948e-01,3.000000000000000000e+00
9.421800000000000175e-01,-5.980600000000000360e-01,-9.632552439332487948e-01,3.000000000000000000e+00
9.494599999999999707e-01,-6.101199999999999957e-01,-9.721406757711088531e-01,3.000000000000000000e+00
9.494599999999999707e-01,-6.101199999999999957e-01,-9.721406757711088531e-01,3.000000000000000000e+00
9.585000000000000187e-01,-6.337000000000000410e-01,-9.930950145584165334e-01,3.000000000000000000e+00
9.593599999999999905e-01,-6.360000000000000098e-01,-9.951279838745770157e-01,3.000000000000000000e+00
9.685500000000000220e-01,-6.486600000000000144e-01,-1.006015242496424600e+00,3.000000000000000000e+00
9.703800000000000203e-01,-6.586199999999999832e-01,-1.018076456931002793e+00,3.000000000000000000e+00
9.703800000000000203e-01,-6.586199999999999832e-01,-1.018076456931002793e+00,3.000000000000000000e+00
9.734899999999999665e-01,-6.704499999999999904e-01,-1.031670116521380187e+00,3.000000000000000000e+00
9.734899999999999665e-01,-6.704499999999999904e-01,-1.031670116521380187e+00,3.000000000000000000e+00
9.794000000000000483e-01,-6.812799999999999967e-01,-1.040461983749140229e+00,3.000000000000000000e+00
9.794000000000000483e-01,-6.812799999999999967e-01,-1.040461983749140229e+00,3.000000000000000000e+00
9.890200000000000102e-01,-6.950199999999999712e-01,-1.050924194003635570e+00,3.000000000000000000e+00
9.901200000000000001e-01,-6.965799999999999770e-01,-1.052100535013742677e+00,3.000000000000000000e+00
9.948000000000000176e-01,-7.075500000000000123e-01,-1.061929952067288907e+00,3.000000000000000000e+00
9.920600000000000529e-01,-7.167499999999999982e-01,-1.077169111342875185e+00,3.000000000000000000e+00
9.920600000000000529e-01,-7.167499999999999982e-01,-1.077169111342875185e+00,3.000000000000000000e+00
9.991799999999999571e-01,-7.299200000000000133e-01,-1.088585312007477768e+00,3.000000000000000000e+00
9.991799999999999571e-01,-7.299200000000000133e-01,-1.088585312007477768e+00,3.000000000000000000e+00
1.003589999999999982e+00,-7.420999999999999819e-01,-1.101566326372712012e+00,3.000000000000000000e+00
1.003940000000000055e+00,-7.431900000000000173e-01,-1.102736991860180815e+00,3.000000000000000000e+00
1.011020000000000030e+00,-7.554999999999999494e-01,-1.113737248137430358e+00,3.000000000000000000e+00
1.011740000000000084e+00,-7.567500000000000338e-01,-1.114844716584782125e+00,3.000000000000000000e+00
1.014010000000000078e+00,-7.672200000000000131e-01,-1.125794850390621216e+00,3.000000000000000000e+00
1.021500000000000075e+00,-7.805699999999999861e-01,-1.134868169616809475e+00,3.000000000000000000e+00
1.021500000000000075e+00,-7.805699999999999861e-01,-1.134868169616809475e+00,3.000000000000000000e+00
1.022869999999999946e+00,-7.922099999999999698e-01,-1.145475765956847081e+00,3.000000000000000000e+00
1.022869999999999946e+00,-7.922099999999999698e-01,-1.145475765956847081e+00,3.000000000000000000e+00
1.030960000000000099e+00,-8.074000000000000066e-01,-1.157268590830069277e+00,3.000000000000000000e+00
1.031549999999999967e+00,-8.084700000000000220e-01,-1.158081959876379408e+00,3.000000000000000000e+00
1.034350000000000103e+00,-8.200899999999999856e-01,-1.168492956822871687e+00,3.000000000000000000e+00
1.039379999999999971e+00,-8.343699999999999450e-01,-1.182290073746028680e+00,3.000000000000000000e+00
1.039379999999999971e+00,-8.343699999999999450e-01,-1.182290073746028680e+00,3.000000000000000000e+00
1.042729999999999935e+00,-8.592899999999999983e-01,-1.205567516915489801e+00,3.000000000000000000e+00
1.043009999999999993e+00,-8.613699999999999690e-01,-1.207474162225104619e+00,3.000000000000000000e+00
1.049989999999999979e+00,-8.758099999999999774e-01,-1.218658120249400456e+00,3.000000000000000000e+00
1.049609999999999932e+00,-8.872900000000000231e-01,-1.228735636660254205e+00,3.000000000000000000e+00
1.049609999999999932e+00,-8.872900000000000231e-01,-1.228735636660254205e+00,3.000000000000000000e+00
1.051239999999999952e+00,-8.996300000000000407e-01,-1.240005905031072997e+00,3.000000000000000000e+00
1.051239999999999952e+00,-8.996300000000000407e-01,-1.240005905031072997e+00,3.000000000000000000e+00
1.056249999999999911e+00,-9.141899999999999471e-01,-1.254000912317115857e+00,3.000000000000000000e+00
1.056249999999999911e+00,-9.141899999999999471e-01,-1.254000912317115857e+00,3.000000000000000000e+00
1.052769999999999984e+00,-9.243599999999999595e-01,-1.264702709684837334e+00,3.000000000000000000e+00
1.058650000000000091e+00,-9.387900000000000134e-01,-1.277952965202851177e+00,3.000000000000000000e+00
1.058650000000000091e+00,-9.387900000000000134e-01,-1.277952965202851177e+00,3.000000000000000000e+00
1.064990000000000103e+00,-9.538299999999999557e-01,-1.289495957524219083e+00,3.000000000000000000e+00
1.064990000000000103e+00,-9.538299999999999557e-01,-1.289495957524219083e+00,3.000000000000000000e+00
1.064990000000000103e+00,-9.538299999999999557e-01,-1.289495957524219083e+00,3.000000000000000000e+00
1.064990000000000103e+00,-9.538299999999999557e-01,-1.289495957524219083e+00,3.000000000000000000e+00
1.064990000000000103e+00,-9.538299999999999557e-01,-1.289495957524219083e+00,3.000000000000000000e+00
1.064990000000000103e+00,-9.538299999999999557e-01,-1.289495957524219083e+00,3.000000000000000000e+00
1.065830000000000055e+00,-9.558499999999999774e-01,-1.291013566311667971e+00,3.000000000000000000e+00
1.067010000000000014e+00,-9.907500000000000195e-01,-1.322637006019966144e+00,3.000000000000000000e+00
1.064640000000000031e+00,-1.001889999999999947e+00,-1.334680901064870806e+00,3.000000000000000000e+00
1.068559999999999954e+00,-1.016659999999999897e+00,-1.345995418197483140e+00,3.000000000000000000e+00
1.068559999999999954e+00,-1.016659999999999897e+00,-1.345995418197483140e+00,3.000000000000000000e+00
1.071329999999999893e+00,-1.031169999999999920e+00,-1.360122818290686153e+00,3.000000000000000000e+00
1.071520000000000028e+00,-1.032249999999999890e+00,-1.361200267156536636e+00,3.000000000000000000e+00
1.069730000000000070e+00,-1.042030000000000012e+00,-1.373387189754564197e+00,3.000000000000000000e+00
1.072070000000000078e+00,-1.054699999999999971e+00,-1.385429677247542735e+00,3.000000000000000000e+00
1.072070000000000078e+00,-1.054699999999999971e+00,-1.385429677247542735e+00,3.000000000000000000e+00
1.071790000000000020e+00,-1.063250000000000028e+00,-1.391396195000351277e+00,3.000000000000000000e+00
1.071790000000000020e+00,-1.063250000000000028e+00,-1.391396195000351277e+00,3.000000000000000000e+00
1.072249999999999925e+00,-1.070079999999999920e+00,-1.396768624047301399e+00,3.000000000000000000e+00
1.072289999999999965e+00,-1.070549999999999891e+00,-1.397143866346026941e+00,3.000000000000000000e+00
1.068680000000000074e+00,-1.073369999999999935e+00,-1.397927869572260118e+00,3.000000000000000000e+00
1.071790000000000020e+00,-1.080170000000000075e+00,-1.403367304523918557e+00,3.000000000000000000e+00
1.071790000000000020e+00,-1.080170000000000075e+00,-1.403367304523918557e+00,3.000000000000000000e+00
1.077339999999999964e+00,-1.087229999999999919e+00,-1.405124458453165248e+00,3.000000000000000000e+00
1.077790000000000026e+00,-1.087779999999999969e+00,-1.405236508270511608e+00,3.000000000000000000e+00
1.072389999999999954e+00,-1.087169999999999970e+00,-1.411341170857980831e+00,3.000000000000000000e+00
1.076040000000000108e+00,-1.089560000000000084e+00,-1.410918139532875815e+00,3.000000000000000000e+00
1.076040000000000108e+00,-1.089560000000000084e+00,-1.410918139532875815e+00,3.000000000000000000e+00
1.075390000000000068e+00,-1.088619999999999921e+00,-1.409998989446502149e+00,3.000000000000000000e+00
1.075390000000000068e+00,-1.088619999999999921e+00,-1.409998989446502149e+00,3.000000000000000000e+00
1.069539999999999935e+00,-1.084680000000000089e+00,-1.409501022308019325e+00,3.000000000000000000e+00
1.069069999999999965e+00,-1.084359999999999991e+00,-1.409466428527321735e+00,3.000000000000000000e+00
1.072429999999999994e+00,-1.086489999999999956e+00,-1.408047363533259766e+00,3.000000000000000000e+00
1.075169999999999959e+00,-1.088570000000000038e+00,-1.409827070574440011e+00,3.000000000000000000e+00
1.075169999999999959e+00,-1.088570000000000038e+00,-1.409827070574440011e+00,3.000000000000000000e+00
1.075439999999999952e+00,-1.088500000000000023e+00,-1.409913446356489297e+00,3.000000000000000000e+00
1.075439999999999952e+00,-1.088489999999999958e+00,-1.409907599997970218e+00,3.000000000000000000e+00
1.075439999999999952e+00,-1.088489999999999958e+00,-1.409907599997970218e+00,3.000000000000000000e+00
1.072910000000000030e+00,-1.086789999999999923e+00,-1.408066668230428808e+00,3.000000000000000000e+00
1.072910000000000030e+00,-1.086789999999999923e+00,-1.408066668230428808e+00,3.000000000000000000e+00
1.072670000000000012e+00,-1.086889999999999912e+00,-1.408003879011320514e+00,3.000000000000000000e+00
1.072840000000000016e+00,-1.086659999999999959e+00,-1.407918763584965705e+00,3.000000000000000000e+00
1.072840000000000016e+00,-1.086659999999999959e+00,-1.407918763584965705e+00,3.000000000000000000e+00
1.072859999999999925e+00,-1.086640000000000050e+00,-1.407910946047864931e+00,3.000000000000000000e+00
1.072859999999999925e+00,-1.086640000000000050e+00,-1.407910946047864931e+00,3.000000000000000000e+00
1.075409999999999977e+00,-1.088079999999999936e+00,-1.409654284195021701e+00,3.000000000000000000e+00
1.075579999999999981e+00,-1.088430000000000009e+00,-1.409884706793652187e+00,3.000000000000000000e+00
1.075579999999999981e+00,-1.088430000000000009e+00,-1.409884706793652187e+00,3.000000000000000000e+00
1.076449999999999907e+00,-1.089099999999999957e+00,-1.409549163628123880e+00,3.000000000000000000e+00
1.076449999999999907e+00,-1.089099999999999957e+00,-1.409549163628123880e+00,3.000000000000000000e+00
1.073169999999999957e+00,-1.086850000000000094e+00,-1.408046768803552506e+00,3.000000000000000000e+00
1.073169999999999957e+00,-1.086850000000000094e+00,-1.408046768803552506e+00,3.000000000000000000e+00
1.069600000000000106e+00,-1.084480000000000111e+00,-1.409321423884184465e+00,3.000000000000000000e+00
1.075870000000000104e+00,-1.088710000000000067e+00,-1.410450649659657163e+00,3.000000000000000000e+00
1.075870000000000104e+00,-1.088710000000000067e+00,-1.410450649659657163e+00,3.000000000000000000e+00
1.075639999999999930e+00,-1.088500000000000023e+00,-1.409943567281868759e+00,3.000000000000000000e+00
1.075639999999999930e+00,-1.088500000000000023e+00,-1.409943567281868759e+00,3.000000000000000000e+00
1.072940000000000005e+00,-1.086819999999999897e+00,-1.408019648254847267e+00,3.000000000000000000e+00
4.499999999999999877e-04,2.000000000000000164e-05,0.000000000000000000e+00,3.000000000000000000e+00
4.499999999999999877e-04,2.000000000000000164e-05,0.000000000000000000e+00,3.000000000000000000e+00
3.299999999999999982e-04,0.000000000000000000e+00,1.367499794707596815e-04,3.000000000000000000e+00
3.299999999999999982e-04,0.000000000000000000e+00,1.367499794707596815e-04,3.000000000000000000e+00
1.200000000000000030e-04,1.000000000000000082e-05,1.016838881216180590e-04,3.000000000000000000e+00
1.000000000000000048e-04,2.000000000000000164e-05,9.847163416840679301e-05,3.000000000000000000e+00
1.000000000000000048e-04,2.000000000000000164e-05,9.847163416840679301e-05,3.000000000000000000e+00
3.299999999999999982e-04,-2.000000000000000164e-05,-1.335809664109339438e-03,3.000000000000000000e+00
3.299999999999999982e-04,-2.000000000000000164e-05,-1.335809664109339438e-03,3.000000000000000000e+00
1.360000000000000098e-03,-1.200000000000000030e-04,-1.223055753786250234e-03,3.000000000000000000e+00
1.360000000000000098e-03,-1.200000000000000030e-04,-1.223055753786250234e-03,3.000000000000000000e+00
3.200000000000000262e-04,-2.000000000000000096e-04,-1.517012897424922010e-03,3.000000000000000000e+00
2.300000000000000070e-04,-2.000000000000000096e-04,-1.542566835358895544e-03,3.000000000000000000e+00
3.959999999999999978e-03,-2.900000000000000017e-04,-2.249747836850126000e-04,3.000000000000000000e+00
7.219999999999999855e-03,3.099999999999999999e-04,-3.201614637092596322e-03,3.000000000000000000e+00
7.219999999999999855e-03,3.099999999999999999e-04,-3.201614637092596322e-03,3.000000000000000000e+00
1.311999999999999972e-02,-2.400000000000000061e-04,-5.330357810350069142e-03,3.000000000000000000e+00
1.311999999999999972e-02,-2.400000000000000061e-04,-5.330357810350069142e-03,3.000000000000000000e+00
-6.239999999999999887e-03,1.879999999999999944e-03,2.703407700880627179e-02,3.000000000000000000e+00
-6.239999999999999887e-03,1.879999999999999944e-03,2.703407700880627179e-02,3.000000000000000000e+00
1.745000000000000023e-02,6.599999999999999964e-04,-1.556881506187903288e-02,3.000000000000000000e+00
2.760999999999999913e-02,-1.199999999999999895e-03,-1.705952388720088919e-02,3.000000000000000000e+00
3.710999999999999716e-02,-1.690000000000000096e-03,-2.015293417847410090e-02,3.000000000000000000e+00
4.735999999999999932e-02,-2.360000000000000119e-03,-2.624695337341778623e-02,3.000000000000000000e+00
4.735999999999999932e-02,-2.360000000000000119e-03,-2.624695337341778623e-02,3.000000000000000000e+00
5.614000000000000240e-02,-3.279999999999999930e-03,-3.489785268793066386e-02,3.000000000000000000e+00
5.614000000000000240e-02,-3.279999999999999930e-03,-3.489785268793066386e-02,3.000000000000000000e+00
6.779000000000000303e-02,-4.700000000000000185e-03,-4.193286601789433798e-02,3.000000000000000000e+00
6.883999999999999841e-02,-4.839999999999999684e-03,-4.253248529624333724e-02,3.000000000000000000e+00
7.703999999999999737e-02,-5.669999999999999693e-03,-5.011115139785969619e-02,3.000000000000000000e+00
9.163999999999999924e-02,-7.179999999999999750e-03,-5.945398032568228325e-02,3.000000000000000000e+00
9.163999999999999924e-02,-7.179999999999999750e-03,-5.945398032568228325e-02,3.000000000000000000e+00
1.030699999999999950e-01,-8.460000000000000506e-03,-6.557958278526790363e-02,3.000000000000000000e+00
1.030699999999999950e-01,-8.460000000000000506e-03,-6.557958278526790363e-02,3.000000000000000000e+00
1.145199999999999968e-01,-9.889999999999999486e-03,-7.752360959540591234e-02,3.000000000000000000e+00
1.155400000000000038e-01,-1.004000000000000031e-02,-7.861745219957794184e-02,3.000000000000000000e+00
1.274700000000000000e-01,-1.186000000000000075e-02,-8.641701297160972461e-02,3.000000000000000000e+00
1.484300000000000064e-01,-1.746999999999999942e-02,-1.058255904733837183e-01,3.000000000000000000e+00
1.484300000000000064e-01,-1.746999999999999942e-02,-1.058255904733837183e-01,3.000000000000000000e+00
1.575600000000000056e-01,-2.007000000000000103e-02,-1.197100228531542132e-01,3.000000000000000000e+00
1.582399999999999918e-01,-2.026999999999999982e-02,-1.208241156185162618e-01,3.000000000000000000e+00
1.732400000000000051e-01,-2.316000000000000003e-02,-1.311050127617464922e-01,3.000000000000000000e+00
1.851500000000000090e-01,-2.594000000000000125e-02,-1.409818759180621051e-01,3.000000000000000000e+00
1.851500000000000090e-01,-2.594000000000000125e-02,-1.409818759180621051e-01,3.000000000000000000e+00
1.983999999999999930e-01,-2.906999999999999862e-02,-1.507639538712073346e-01,3.000000000000000000e+00
1.983999999999999930e-01,-2.906999999999999862e-02,-1.507639538712073346e-01,3.000000000000000000e+00
1.983999999999999930e-01,-2.906999999999999862e-02,-1.507639538712073346e-01,3.000000000000000000e+00
1.983999999999999930e-01,-2.906999999999999862e-02,-1.507639538712073346e-01,3.000000000000000000e+00
1.983999999999999930e-01,-2.906999999999999862e-02,-1.507639538712073346e-01,3.000000000000000000e+00
1.983999999999999930e-01,-2.906999999999999862e-02,-1.507639538712073346e-01,3.000000000000000000e+00
1.983999999999999930e-01,-2.906999999999999862e-02,-1.507639538712073346e-01,3.000000000000000000e+00
1.983999999999999930e-01,-2.906999999999999862e-02,-1.507639538712073346e-01,3.000000000000000000e+00
2.570200000000000262e-01,-4.222000000000000058e-02,-1.965217014429546105e-01,3.000000000000000000e+00
2.713400000000000256e-01,-4.603999999999999759e-02,-2.067567083969478192e-01,3.000000000000000000e+00
2.727100000000000080e-01,-4.639999999999999680e-02,-2.076977472204891983e-01,3.000000000000000000e+00
2.843999999999999861e-01,-4.984999999999999848e-02,-2.176571417563519240e-01,3.000000000000000000e+00
2.989800000000000235e-01,-5.385000000000000203e-02,-2.287133073487681856e-01,3.000000000000000000e+00
2.989800000000000235e-01,-5.385000000000000203e-02,-2.287133073487681856e-01,3.000000000000000000e+00
3.076300000000000145e-01,-5.754999999999999699e-02,-2.422834032015549199e-01,3.000000000000000000e+00
3.076300000000000145e-01,-5.754999999999999699e-02,-2.422834032015549199e-01,3.000000000000000000e+00
3.221700000000000119e-01,-6.183000000000000301e-02,-2.540376699416533879e-01,3.000000000000000000e+00
3.361100000000000199e-01,-6.617000000000000659e-02,-2.688042274996593206e-01,3.000000000000000000e+00
3.361100000000000199e-01,-6.617000000000000659e-02,-2.688042274996593206e-01,3.000000000000000000e+00
3.490400000000000169e-01,-7.093000000000000693e-02,-2.792839184833381672e-01,3.000000000000000000e+00
3.490400000000000169e-01,-7.093000000000000693e-02,-2.792839184833381672e-01,3.000000000000000000e+00
3.594499999999999917e-01,-7.556000000000000216e-02,-2.919222400615277269e-01,3.000000000000000000e+00
3.603000000000000091e-01,-7.595000000000000362e-02,-2.929909466569838306e-01,3.000000000000000000e+00
3.718699999999999783e-01,-8.068000000000000171e-02,-3.039248244761014739e-01,3.000000000000000000e+00
3.870399999999999952e-01,-8.604000000000000536e-02,-3.125227592678105903e-01,3.000000000000000000e+00
3.870399999999999952e-01,-8.604000000000000536e-02,-3.125227592678105903e-01,3.000000000000000000e+00
3.964900000000000091e-01,-9.109000000000000430e-02,-3.220379700145454827e-01,3.000000000000000000e+00
3.972399999999999820e-01,-9.152000000000000413e-02,-3.228365910150954865e-01,3.000000000000000000e+00
4.082799999999999763e-01,-9.696000000000000452e-02,-3.343232654822736460e-01,3.000000000000000000e+00
4.186300000000000021e-01,-1.030100000000000043e-01,-3.464137940933592064e-01,3.000000000000000000e+00
4.186300000000000021e-01,-1.030100000000000043e-01,-3.464137940933592064e-01,3.000000000000000000e+00
4.321999999999999731e-01,-1.090600000000000042e-01,-3.589128709035954712e-01,3.000000000000000000e+00
4.321999999999999731e-01,-1.090600000000000042e-01,-3.589128709035954712e-01,3.000000000000000000e+00
4.480799999999999783e-01,-1.156599999999999989e-01,-3.663925938121082582e-01,3.000000000000000000e+00
4.559300000000000019e-01,-1.210399999999999948e-01,-3.774967196361669330e-01,3.000000000000000000e+00
4.559300000000000019e-01,-1.210399999999999948e-01,-3.774967196361669330e-01,3.000000000000000000e+00
4.680799999999999961e-01,-1.269200000000000050e-01,-3.905539429207838253e-01,3.000000000000000000e+00
4.680799999999999961e-01,-1.269200000000000050e-01,-3.905539429207838253e-01,3.000000000000000000e+00
4.793299999999999783e-01,-1.327699999999999991e-01,-4.026606036852213855e-01,3.000000000000000000e+00
4.916599999999999859e-01,-1.391600000000000059e-01,-4.137081050027721640e-01,3.000000000000000000e+00
4.916599999999999859e-01,-1.391600000000000059e-01,-4.137081050027721640e-01,3.000000000000000000e+00
4.916599999999999859e-01,-1.391600000000000059e-01,-4.137081050027721640e-01,3.000000000000000000e+00
5.058599999999999763e-01,-1.461399999999999921e-01,-4.253797849095292682e-01,3.000000000000000000e+00
5.180799999999999850e-01,-1.526700000000000002e-01,-4.382639866488050595e-01,3.000000000000000000e+00
5.277899999999999814e-01,-1.588799999999999935e-01,-4.490671684046467771e-01,3.000000000000000000e+00
5.277899999999999814e-01,-1.588799999999999935e-01,-4.490671684046467771e-01,3.000000000000000000e+00
5.285800000000000498e-01,-1.594099999999999961e-01,-4.499529569288829856e-01,3.000000000000000000e+00
5.361299999999999955e-01,-1.651100000000000068e-01,-4.617516416492387643e-01,3.000000000000000000e+00
5.520599999999999952e-01,-1.728999999999999981e-01,-4.706725519656731471e-01,3.000000000000000000e+00
5.534299999999999775e-01,-1.735700000000000021e-01,-4.713806647599131372e-01,3.000000000000000000e+00
5.613399999999999501e-01,-1.794800000000000006e-01,-4.833673413575860778e-01,3.000000000000000000e+00
5.714299999999999935e-01,-1.865999999999999881e-01,-4.924415811442500179e-01,3.000000000000000000e+00
5.714299999999999935e-01,-1.865999999999999881e-01,-4.924415811442500179e-01,3.000000000000000000e+00
5.804700000000000415e-01,-1.939400000000000013e-01,-5.033751550882920034e-01,3.000000000000000000e+00
5.804700000000000415e-01,-1.939400000000000013e-01,-5.033751550882920034e-01,3.000000000000000000e+00
5.972300000000000386e-01,-2.030899999999999928e-01,-5.154629336196716594e-01,3.000000000000000000e+00
6.092800000000000438e-01,-2.112700000000000133e-01,-5.280946279477294336e-01,3.000000000000000000e+00
6.092800000000000438e-01,-2.112700000000000133e-01,-5.280946279477294336e-01,3.000000000000000000e+00
6.131400000000000183e-01,-2.179000000000000103e-01,-5.381896472945059129e-01,3.000000000000000000e+00
6.131400000000000183e-01,-2.179000000000000103e-01,-5.381896472945059129e-01,3.000000000000000000e+00
6.279000000000000137e-01,-2.336300000000000043e-01,-5.580897478476544160e-01,3.000000000000000000e+00
6.427699999999999525e-01,-2.429399999999999893e-01,-5.702407923980141735e-01,3.000000000000000000e+00
6.427699999999999525e-01,-2.429399999999999893e-01,-5.702407923980141735e-01,3.000000000000000000e+00
6.526699999999999724e-01,-2.509100000000000219e-01,-5.799194875624247292e-01,3.000000000000000000e+00
6.526699999999999724e-01,-2.509100000000000219e-01,-5.799194875624247292e-01,3.000000000000000000e+00
6.644999999999999796e-01,-2.595899999999999874e-01,-5.907740625882964558e-01,3.000000000000000000e+00
6.750699999999999479e-01,-2.681600000000000095e-01,-6.032592651109343063e-01,3.000000000000000000e+00
6.750699999999999479e-01,-2.681600000000000095e-01,-6.032592651109343063e-01,3.000000000000000000e+00
6.759300000000000308e-01,-2.688800000000000079e-01,-6.043057279318382324e-01,3.000000000000000000e+00
6.854999999999999982e-01,-2.766299999999999870e-01,-6.161316764511448607e-01,3.000000000000000000e+00
6.993099999999999872e-01,-2.862999999999999989e-01,-6.283273746455040332e-01,3.000000000000000000e+00
7.005799999999999805e-01,-2.871900000000000008e-01,-6.294162966605609810e-01,3.000000000000000000e+00
7.039199999999999902e-01,-2.935499999999999776e-01,-6.444238946742035790e-01,3.000000000000000000e+00
7.134200000000000541e-01,-3.020499999999999852e-01,-6.535095822751241235e-01,3.000000000000000000e+00
7.134200000000000541e-01,-3.020499999999999852e-01,-6.535095822751241235e-01,3.000000000000000000e+00
7.223600000000000021e-01,-3.109999999999999987e-01,-6.640186667551700728e-01,3.000000000000000000e+00
7.223600000000000021e-01,-3.109999999999999987e-01,-6.640186667551700728e-01,3.000000000000000000e+00
7.321699999999999875e-01,-3.203799999999999981e-01,-6.774588336207375550e-01,3.000000000000000000e+00
7.331299999999999484e-01,-3.212999999999999745e-01,-6.787687851977349807e-01,3.000000000000000000e+00
7.457099999999999840e-01,-3.293800000000000061e-01,-6.899555210609562561e-01,3.000000000000000000e+00
7.567500000000000338e-01,-3.395299999999999985e-01,-7.019612100697408819e-01,3.000000000000000000e+00
7.567500000000000338e-01,-3.395299999999999985e-01,-7.019612100697408819e-01,3.000000000000000000e+00
7.661200000000000232e-01,-3.491600000000000259e-01,-7.154025777495343075e-01,3.000000000000000000e+00
7.661200000000000232e-01,-3.491600000000000259e-01,-7.154025777495343075e-01,3.000000000000000000e+00
7.749200000000000532e-01,-3.592400000000000038e-01,-7.249023216826763205e-01,3.000000000000000000e+00
7.756699999999999706e-01,-3.601099999999999857e-01,-7.256798426498778376e-01,3.000000000000000000e+00
7.807100000000000151e-01,-3.681300000000000128e-01,-7.371659952242580749e-01,3.000000000000000000e+00
7.910199999999999454e-01,-3.782300000000000106e-01,-7.492300120582118250e-01,3.000000000000000000e+00
7.910199999999999454e-01,-3.782300000000000106e-01,-7.492300120582118250e-01,3.000000000000000000e+00
7.968600000000000128e-01,-3.870199999999999751e-01,-7.578561221465367481e-01,3.000000000000000000e+00
7.968600000000000128e-01,-3.870199999999999751e-01,-7.578561221465367481e-01,3.000000000000000000e+00
8.058800000000000407e-01,-3.972100000000000075e-01,-7.694038985102961137e-01,3.000000000000000000e+00
8.058800000000000407e-01,-3.972100000000000075e-01,-7.694038985102961137e-01,3.000000000000000000e+00
8.136200000000000099e-01,-4.069300000000000139e-01,-7.809891174515865009e-01,3.000000000000000000e+00
8.239699999999999802e-01,-4.175400000000000222e-01,-7.913110031700778535e-01,3.000000000000000000e+00
8.239699999999999802e-01,-4.175400000000000222e-01,-7.913110031700778535e-01,3.000000000000000000e+00
8.290800000000000392e-01,-4.272099999999999786e-01,-8.043264324874294102e-01,3.000000000000000000e+00
8.290800000000000392e-01,-4.272099999999999786e-01,-8.043264324874294102e-01,3.000000000000000000e+00
8.352100000000000080e-01,-4.369999999999999996e-01,-8.190982655303600257e-01,3.000000000000000000e+00
8.352100000000000080e-01,-4.369999999999999996e-01,-8.190982655303600257e-01,3.000000000000000000e+00
8.413000000000000478e-01,-4.465600000000000125e-01,-8.283236967400950945e-01,3.000000000000000000e+00
8.418499999999999872e-01,-4.474299999999999944e-01,-8.291105175960075124e-01,3.000000000000000000e+00
8.576099999999999834e-01,-4.682600000000000096e-01,-8.491280020839714338e-01,3.000000000000000000e+00
8.682199999999999918e-01,-4.812899999999999956e-01,-8.639017435102757103e-01,3.000000000000000000e+00
8.682199999999999918e-01,-4.812899999999999956e-01,-8.639017435102757103e-01,3.000000000000000000e+00
8.733800000000000452e-01,-4.920700000000000074e-01,-8.764616956923618751e-01,3.000000000000000000e+00
8.733800000000000452e-01,-4.920700000000000074e-01,-8.764616956923618751e-01,3.000000000000000000e+00
8.800200000000000244e-01,-5.016599999999999948e-01,-8.916678163780186184e-01,3.000000000000000000e+00
8.807000000000000384e-01,-5.026500000000000412e-01,-8.932288604737418369e-01,3.000000000000000000e+00
8.896500000000000519e-01,-5.135699999999999710e-01,-9.035855348924143327e-01,3.000000000000000000e+00
9.000599999999999712e-01,-5.265400000000000080e-01,-9.152682540384753374e-01,3.000000000000000000e+00
9.000599999999999712e-01,-5.265400000000000080e-01,-9.152682540384753374e-01,3.000000000000000000e+00
9.038000000000000478e-01,-5.365799999999999459e-01,-9.242026521923202287e-01,3.000000000000000000e+00
9.038000000000000478e-01,-5.365799999999999459e-01,-9.242026521923202287e-01,3.000000000000000000e+00
9.101799999999999891e-01,-5.480500000000000371e-01,-9.373921140877103930e-01,3.000000000000000000e+00
9.101799999999999891e-01,-5.480500000000000371e-01,-9.373921140877103930e-01,3.000000000000000000e+00
9.170300000000000118e-01,-5.595499999999999918e-01,-9.478005890764747976e-01,3.000000000000000000e+00
9.237100000000000311e-01,-5.711100000000000065e-01,-9.579842530949355117e-01,3.000000000000000000e+00
9.237100000000000311e-01,-5.711100000000000065e-01,-9.579842530949355117e-01,3.000000000000000000e+00
9.355799999999999672e-01,-5.847999999999999865e-01,-9.713000862126658363e-01,3.000000000000000000e+00
9.355799999999999672e-01,-5.847999999999999865e-01,-9.713000862126658363e-01,3.000000000000000000e+00
9.414299999999999891e-01,-5.964099999999999957e-01,-9.820179722850391757e-01,3.000000000000000000e+00
9.414299999999999891e-01,-5.964099999999999957e-01,-9.820179722850391757e-01,3.000000000000000000e+00
9.471100000000000074e-01,-6.083600000000000119e-01,-9.956536864796448061e-01,3.000000000000000000e+00
9.471100000000000074e-01,-6.083600000000000119e-01,-9.956536864796448061e-01,3.000000000000000000e+00
9.511500000000000510e-01,-6.198000000000000176e-01,-1.008680818799395418e+00,3.000000000000000000e+00
9.596599999999999575e-01,-6.321200000000000152e-01,-1.021035344210120321e+00,3.000000000000000000e+00
9.596599999999999575e-01,-6.321200000000000152e-01,-1.021035344210120321e+00,3.000000000000000000e+00
9.645299999999999985e-01,-6.539599999999999858e-01,-1.041759075686656821e+00,3.000000000000000000e+00
9.645299999999999985e-01,-6.539599999999999858e-01,-1.041759075686656821e+00,3.000000000000000000e+00
9.752699999999999703e-01,-6.698800000000000310e-01,-1.056493982451768288e+00,3.000000000000000000e+00
9.763600000000000056e-01,-6.713500000000000023e-01,-1.057833586080020982e+00,3.000000000000000000e+00
9.775700000000000500e-01,-6.809699999999999642e-01,-1.069915355457324413e+00,3.000000000000000000e+00
9.876099999999999879e-01,-6.955400000000000471e-01,-1.084752550218030853e+00,3.000000000000000000e+00
9.876099999999999879e-01,-6.955400000000000471e-01,-1.084752550218030853e+00,3.000000000000000000e+00
9.900600000000000511e-01,-7.068400000000000238e-01,-1.094567701378377667e+00,3.000000000000000000e+00
9.900600000000000511e-01,-7.068400000000000238e-01,-1.094567701378377667e+00,3.000000000000000000e+00
9.941200000000000037e-01,-7.177999999999999936e-01,-1.109052107308986290e+00,3.000000000000000000e+00
9.941200000000000037e-01,-7.177999999999999936e-01,-1.109052107308986290e+00,3.000000000000000000e+00
9.949500000000000011e-01,-7.284300000000000219e-01,-1.119114208179957881e+00,3.000000000000000000e+00
1.001779999999999893e+00,-7.426000000000000378e-01,-1.129875479717214137e+00,3.000000000000000000e+00
1.001779999999999893e+00,-7.426000000000000378e-01,-1.129875479717214137e+00,3.000000000000000000e+00
1.008590000000000098e+00,-7.563999999999999613e-01,-1.143260502548567148e+00,3.000000000000000000e+00
1.008590000000000098e+00,-7.563999999999999613e-01,-1.143260502548567148e+00,3.000000000000000000e+00
1.010170000000000012e+00,-7.682200000000000140e-01,-1.152944197139446070e+00,3.000000000000000000e+00
1.010170000000000012e+00,-7.682200000000000140e-01,-1.152944197139446070e+00,3.000000000000000000e+00
1.011810000000000098e+00,-7.802700000000000191e-01,-1.164100844066880747e+00,3.000000000000000000e+00
1.013779999999999903e+00,-7.923099999999999588e-01,-1.179595587221720088e+00,3.000000000000000000e+00
1.013779999999999903e+00,-7.923099999999999588e-01,-1.179595587221720088e+00,3.000000000000000000e+00
1.018299999999999983e+00,-8.054799999999999738e-01,-1.196304185508982876e+00,3.000000000000000000e+00
1.018299999999999983e+00,-8.054799999999999738e-01,-1.196304185508982876e+00,3.000000000000000000e+00
1.020380000000000065e+00,-8.180600000000000094e-01,-1.204813760002810152e+00,3.000000000000000000e+00
1.020529999999999937e+00,-8.192000000000000393e-01,-1.205503767617265298e+00,3.000000000000000000e+00
1.025379999999999958e+00,-8.316599999999999548e-01,-1.217535459106132922e+00,3.000000000000000000e+00
1.029889999999999972e+00,-8.452499999999999458e-01,-1.228675044774660607e+00,3.000000000000000000e+00
1.029889999999999972e+00,-8.452499999999999458e-01,-1.228675044774660607e+00,3.000000000000000000e+00
1.030259999999999954e+00,-8.571600000000000330e-01,-1.242682968245408803e+00,3.000000000000000000e+00
1.030259999999999954e+00,-8.571600000000000330e-01,-1.242682968245408803e+00,3.000000000000000000e+00
1.036629999999999940e+00,-8.720200000000000173e-01,-1.254882695436109863e+00,3.000000000000000000e+00
1.036629999999999940e+00,-8.720200000000000173e-01,-1.254882695436109863e+00,3.000000000000000000e+00
1.040359999999999951e+00,-8.858700000000000463e-01,-1.268718604117860860e+00,3.000000000000000000e+00
1.040680000000000049e+00,-8.871599999999999486e-01,-1.270020898561261546e+00,3.000000000000000000e+00
1.047949999999999937e+00,-9.135100000000000442e-01,-1.293351108093513391e+00,3.000000000000000000e+00
1.048869999999999969e+00,-9.273299999999999876e-01,-1.307096201097177834e+00,3.000000000000000000e+00
1.048869999999999969e+00,-9.273299999999999876e-01,-1.307096201097177834e+00,3.000000000000000000e+00
1.051719999999999988e+00,-9.414200000000000346e-01,-1.317956680211535225e+00,3.000000000000000000e+00
1.052000000000000046e+00,-9.427200000000000024e-01,-1.318924612114499073e+00,3.000000000000000000e+00
1.050280000000000102e+00,-9.534099999999999797e-01,-1.327850599686194899e+00,3.000000000000000000e+00
1.050110000000000099e+00,-9.544700000000000406e-01,-1.328737696330070106e+00,3.000000000000000000e+00
1.052480000000000082e+00,-9.673699999999999521e-01,-1.342239484372610647e+00,3.000000000000000000e+00
1.052710000000000035e+00,-9.686599999999999655e-01,-1.343573870728743014e+00,3.000000000000000000e+00
1.049730000000000052e+00,-9.787000000000000144e-01,-1.352619046108120227e+00,3.000000000000000000e+00
1.049420000000000019e+00,-9.797400000000000553e-01,-1.353549745792705927e+00,3.000000000000000000e+00
1.049569999999999892e+00,-9.912400000000000100e-01,-1.366719525633371513e+00,3.000000000000000000e+00
1.049569999999999892e+00,-9.912400000000000100e-01,-1.366719525633371513e+00,3.000000000000000000e+00
1.049569999999999892e+00,-9.912400000000000100e-01,-1.366719525633371513e+00,3.000000000000000000e+00
1.051830000000000043e+00,-1.018340000000000023e+00,-1.390181473638314014e+00,3.000000000000000000e+00
1.048959999999999892e+00,-1.029379999999999962e+00,-1.401727387961200888e+00,3.000000000000000000e+00
1.048959999999999892e+00,-1.029379999999999962e+00,-1.401727387961200888e+00,3.000000000000000000e+00
1.054570000000000007e+00,-1.044899999999999940e+00,-1.414999887499482245e+00,3.000000000000000000e+00
1.055190000000000072e+00,-1.046450000000000102e+00,-1.416289311697918496e+00,3.000000000000000000e+00
1.051010000000000000e+00,-1.053970000000000073e+00,-1.429732824328556529e+00,3.000000000000000000e+00
1.053630000000000067e+00,-1.065369999999999928e+00,-1.434458964454029983e+00,3.000000000000000000e+00
1.053630000000000067e+00,-1.065369999999999928e+00,-1.434458964454029983e+00,3.000000000000000000e+00
1.053930000000000033e+00,-1.066440000000000055e+00,-1.434802576370038496e+00,3.000000000000000000e+00
1.054210000000000091e+00,-1.072589999999999932e+00,-1.443607690991114190e+00,3.000000000000000000e+00
1.057819999999999983e+00,-1.080270000000000064e+00,-1.446701160851827428e+00,3.000000000000000000e+00
1.058189999999999964e+00,-1.080989999999999895e+00,-1.446930613454837200e+00,3.000000000000000000e+00
1.060060000000000002e+00,-1.086379999999999901e+00,-1.450186543030572706e+00,3.000000000000000000e+00
1.055169999999999941e+00,-1.086929999999999952e+00,-1.453126538341747542e+00,3.000000000000000000e+00
1.055169999999999941e+00,-1.086929999999999952e+00,-1.453126538341747542e+00,3.000000000000000000e+00
1.055849999999999955e+00,-1.089609999999999967e+00,-1.456212485986630778e+00,3.000000000000000000e+00
1.055849999999999955e+00,-1.089609999999999967e+00,-1.456212485986630778e+00,3.000000000000000000e+00
1.055870000000000086e+00,-1.090340000000000087e+00,-1.456662613376239701e+00,3.000000000000000000e+00
1.055849999999999955e+00,-1.090389999999999970e+00,-1.456681382273559366e+00,3.000000000000000000e+00
1.055099999999999927e+00,-1.089679999999999982e+00,-1.456033837540850584e+00,3.000000000000000000e+00
1.052529999999999966e+00,-1.087239999999999984e+00,-1.457632452626073105e+00,3.000000000000000000e+00
1.052529999999999966e+00,-1.087239999999999984e+00,-1.457632452626073105e+00,3.000000000000000000e+00
1.054699999999999971e+00,-1.088799999999999990e+00,-1.455915857226237842e+00,3.000000000000000000e+00
1.054699999999999971e+00,-1.088799999999999990e+00,-1.455915857226237842e+00,3.000000000000000000e+00
1.058119999999999949e+00,-1.090999999999999970e+00,-1.458211096620724900e+00,3.000000000000000000e+00
1.058119999999999949e+00,-1.090999999999999970e+00,-1.458211096620724900e+00,3.000000000000000000e+00
1.055379999999999985e+00,-1.089150000000000063e+00,-1.455952250579894969e+00,3.000000000000000000e+00
1.055080000000000018e+00,-1.088959999999999928e+00,-1.455708419764760064e+00,3.000000000000000000e+00
1.055080000000000018e+00,-1.088959999999999928e+00,-1.455708419764760064e+00,3.000000000000000000e+00
1.055879999999999930e+00,-1.089390000000000081e+00,-1.456293192703307371e+00,3.000000000000000000e+00
1.055879999999999930e+00,-1.089390000000000081e+00,-1.456293192703307371e+00,3.000000000000000000e+00
1.055960000000000010e+00,-1.089429999999999898e+00,-1.456352232691772608e+00,3.000000000000000000e+00
1.055960000000000010e+00,-1.089429999999999898e+00,-1.456352232691772608e+00,3.000000000000000000e+00
1.055160000000000098e+00,-1.088999999999999968e+00,-1.455768025826804646e+00,3.000000000000000000e+00
1.055080000000000018e+00,-1.088959999999999928e+00,-1.455708419764760064e+00,3.000000000000000000e+00
1.055909999999999904e+00,-1.089460000000000095e+00,-1.456295970715125287e+00,3.000000000000000000e+00
1.055290000000000061e+00,-1.088980000000000059e+00,-1.455754247626005249e+00,3.000000000000000000e+00
1.055290000000000061e+00,-1.088980000000000059e+00,-1.455754247626005249e+00,3.000000000000000000e+00
1.056009999999999893e+00,-1.089360000000000106e+00,-1.456280048655355319e+00,3.000000000000000000e+00
1.056009999999999893e+00,-1.089360000000000106e+00,-1.456280048655355319e+00,3.000000000000000000e+00
1.056300000000000017e+00,-1.089590000000000058e+00,-1.455483731551620252e+00,3.000000000000000000e+00
1.056300000000000017e+00,-1.089590000000000058e+00,-1.455483731551620252e+00,3.000000000000000000e+00
1.051649999999999974e+00,-1.086770000000000014e+00,-1.454017381608361470e+00,3.000000000000000000e+00
1.051199999999999912e+00,-1.086500000000000021e+00,-1.453882191292042769e+00,3.000000000000000000e+00
1.055379999999999985e+00,-1.089199999999999946e+00,-1.456060266853794083e+00,3.000000000000000000e+00
1.056089999999999973e+00,-1.089480000000000004e+00,-1.456330261129333392e+00,3.000000000000000000e+00
1.056089999999999973e+00,-1.089480000000000004e+00,-1.456330261129333392e+00,3.000000000000000000e+00
1.058240000000000069e+00,-1.090850000000000097e+00,-1.455157381102180070e+00,3.000000000000000000e+00
1.058449999999999891e+00,-1.090989999999999904e+00,-1.455040504592226558e+00,3.000000000000000000e+00
1.056540000000000035e+00,-1.089749999999999996e+00,-1.455362547705280507e+00,3.000000000000000000e+00
8.199999999999999824e-04,-2.100000000000000087e-04,0.000000000000000000e+00,3.000000000000000000e+00
1.289999999999999914e-03,-6.000000000000000152e-05,-1.018394573505143922e-03,3.000000000000000000e+00
1.289999999999999914e-03,-6.000000000000000152e-05,-1.018394573505143922e-03,3.000000000000000000e+00
-2.683999999999999928e-02,2.880000000000000181e-03,3.136500681621224446e-02,3.000000000000000000e+00
-2.683999999999999928e-02,2.880000000000000181e-03,3.136500681621224446e-02,3.000000000000000000e+00
-7.119999999999999593e-03,6.199999999999999999e-04,2.055157111824480829e-04,3.000000000000000000e+00
-7.119999999999999593e-03,6.199999999999999999e-04,2.055157111824480829e-04,3.000000000000000000e+00
1.100000000000000066e-03,-2.100000000000000087e-04,-1.086752064883875039e-03,3.000000000000000000e+00
1.100000000000000066e-03,-2.100000000000000087e-04,-1.086752064883875039e-03,3.000000000000000000e+00
1.700000000000000122e-04,8.000000000000000654e-05,-1.480090137210658728e-03,3.000000000000000000e+00
1.700000000000000122e-04,8.000000000000000654e-05,-1.480090137210658728e-03,3.000000000000000000e+00
-8.199999999999999824e-04,2.000000000000000164e-05,-1.773894397636647385e-03,3.000000000000000000e+00
2.000000000000000042e-03,-3.400000000000000244e-04,-1.508428131526066539e-03,3.000000000000000000e+00
2.000000000000000042e-03,-3.400000000000000244e-04,-1.508428131526066539e-03,3.000000000000000000e+00
3.010000000000000089e-03,-3.200000000000000262e-04,-2.953217753501834880e-03,3.000000000000000000e+00
3.069999999999999812e-03,-3.200000000000000262e-04,-3.074989081776326356e-03,3.000000000000000000e+00
6.729999999999999871e-03,-2.999999999999999737e-04,-7.073400726813137973e-03,3.000000000000000000e+00
6.729999999999999871e-03,-2.999999999999999737e-04,-7.073400726813137973e-03,3.000000000000000000e+00
6.729999999999999871e-03,-2.999999999999999737e-04,-7.073400726813137973e-03,3.000000000000000000e+00
2.231999999999999956e-02,-7.699999999999999597e-04,-1.710487855560004558e-02,3.000000000000000000e+00
2.231999999999999956e-02,-7.699999999999999597e-04,-1.710487855560004558e-02,3.000000000000000000e+00
3.280999999999999889e-02,-1.379999999999999933e-03,-2.410995416298008370e-02,3.000000000000000000e+00
4.193999999999999811e-02,-2.200000000000000133e-03,-2.727651311048414837e-02,3.000000000000000000e+00
4.193999999999999811e-02,-2.200000000000000133e-03,-2.727651311048414837e-02,3.000000000000000000e+00
4.270999999999999797e-02,-2.269999999999999882e-03,-2.752230890039730760e-02,3.000000000000000000e+00
5.025000000000000300e-02,-3.119999999999999944e-03,-3.472746429636654197e-02,3.000000000000000000e+00
5.938000000000000222e-02,-4.020000000000000136e-03,-4.150174811105359490e-02,3.000000000000000000e+00
7.349999999999999589e-02,-5.519999999999999733e-03,-4.721651118802306507e-02,3.000000000000000000e+00
7.349999999999999589e-02,-5.519999999999999733e-03,-4.721651118802306507e-02,3.000000000000000000e+00
8.074000000000000621e-02,-6.530000000000000214e-03,-5.516182136230898120e-02,3.000000000000000000e+00
8.074000000000000621e-02,-6.530000000000000214e-03,-5.516182136230898120e-02,3.000000000000000000e+00
9.463000000000000578e-02,-8.880000000000000740e-03,-6.559015850285705718e-02,3.000000000000000000e+00
9.463000000000000578e-02,-8.880000000000000740e-03,-6.559015850285705718e-02,3.000000000000000000e+00
1.014599999999999946e-01,-1.056999999999999953e-02,-7.594502583252765726e-02,3.000000000000000000e+00
1.020400000000000057e-01,-1.072999999999999995e-02,-7.687627682491650349e-02,3.000000000000000000e+00
1.173000000000000015e-01,-1.311999999999999972e-02,-8.479368126388464599e-02,3.000000000000000000e+00
1.186399999999999955e-01,-1.332999999999999984e-02,-8.547684478115311069e-02,3.000000000000000000e+00
1.186399999999999955e-01,-1.332999999999999984e-02,-8.547684478115311069e-02,3.000000000000000000e+00
1.411100000000000132e-01,-1.726000000000000104e-02,-1.046622716768357692e-01,3.000000000000000000e+00
1.421999999999999931e-01,-1.745000000000000023e-02,-1.054463765202686421e-01,3.000000000000000000e+00
1.523599999999999954e-01,-1.963000000000000161e-02,-1.133078682217310701e-01,3.000000000000000000e+00
1.633999999999999897e-01,-2.190999999999999892e-02,-1.227753572070028054e-01,3.000000000000000000e+00
1.633999999999999897e-01,-2.190999999999999892e-02,-1.227753572070028054e-01,3.000000000000000000e+00
1.642899999999999916e-01,-2.211000000000000118e-02,-1.235443269107452946e-01,3.000000000000000000e+00
1.787799999999999945e-01,-2.527000000000000079e-02,-1.373342559171655819e-01,3.000000000000000000e+00
1.895799999999999985e-01,-2.809000000000000039e-02,-1.473451447794701663e-01,3.000000000000000000e+00
2.002599999999999936e-01,-3.068999999999999853e-02,-1.586272483364332131e-01,3.000000000000000000e+00
2.002599999999999936e-01,-3.068999999999999853e-02,-1.586272483364332131e-01,3.000000000000000000e+00
2.011199999999999932e-01,-3.090000000000000038e-02,-1.595371341078871963e-01,3.000000000000000000e+00
2.011199999999999932e-01,-3.090000000000000038e-02,-1.595371341078871963e-01,3.000000000000000000e+00
2.011199999999999932e-01,-3.090000000000000038e-02,-1.595371341078871963e-01,3.000000000000000000e+00
2.011199999999999932e-01,-3.090000000000000038e-02,-1.595371341078871963e-01,3.000000000000000000e+00
2.011199999999999932e-01,-3.090000000000000038e-02,-1.595371341078871963e-01,3.000000000000000000e+00
2.011199999999999932e-01,-3.090000000000000038e-02,-1.595371341078871963e-01,3.000000000000000000e+00
2.011199999999999932e-01,-3.090000000000000038e-02,-1.595371341078871963e-01,3.000000000000000000e+00
2.011199999999999932e-01,-3.090000000000000038e-02,-1.595371341078871963e-01,3.000000000000000000e+00
2.011199999999999932e-01,-3.090000000000000038e-02,-1.595371341078871963e-01,3.000000000000000000e+00
2.011199999999999932e-01,-3.090000000000000038e-02,-1.595371341078871963e-01,3.000000000000000000e+00
2.750400000000000067e-01,-4.984000000000000236e-02,-2.138620452121758608e-01,3.000000000000000000e+00
2.892199999999999771e-01,-5.378999999999999754e-02,-2.266947736008461944e-01,3.000000000000000000e+00
2.904399999999999760e-01,-5.414000000000000062e-02,-2.277953201944803718e-01,3.000000000000000000e+00
3.030599999999999961e-01,-5.872000000000000136e-02,-2.369426688499774725e-01,3.000000000000000000e+00
3.121499999999999830e-01,-6.271000000000000185e-02,-2.501546095495780220e-01,3.000000000000000000e+00
3.279400000000000093e-01,-6.796000000000000651e-02,-2.617638550230856342e-01,3.000000000000000000e+00
3.279400000000000093e-01,-6.796000000000000651e-02,-2.617638550230856342e-01,3.000000000000000000e+00
3.368099999999999983e-01,-7.176000000000000434e-02,-2.752010112093780658e-01,3.000000000000000000e+00
3.375199999999999867e-01,-7.209000000000000130e-02,-2.763629529077070712e-01,3.000000000000000000e+00
3.515199999999999991e-01,-7.704999999999999349e-02,-2.833113852169724112e-01,3.000000000000000000e+00
3.597000000000000197e-01,-8.165000000000000036e-02,-2.962077889480991266e-01,3.000000000000000000e+00
3.597000000000000197e-01,-8.165000000000000036e-02,-2.962077889480991266e-01,3.000000000000000000e+00
3.744899999999999896e-01,-8.737000000000000322e-02,-3.046002547812971528e-01,3.000000000000000000e+00
3.757199999999999984e-01,-8.783000000000000529e-02,-3.052320035886517680e-01,3.000000000000000000e+00
3.849199999999999844e-01,-9.246999999999999664e-02,-3.166224075684896389e-01,3.000000000000000000e+00
3.947499999999999898e-01,-9.718999999999999861e-02,-3.278778935840936382e-01,3.000000000000000000e+00
3.947499999999999898e-01,-9.718999999999999861e-02,-3.278778935840936382e-01,3.000000000000000000e+00
4.053800000000000181e-01,-1.022799999999999959e-01,-3.360928069517487016e-01,3.000000000000000000e+00
4.053800000000000181e-01,-1.022799999999999959e-01,-3.360928069517487016e-01,3.000000000000000000e+00
4.169100000000000028e-01,-1.075500000000000067e-01,-3.473027071975497426e-01,3.000000000000000000e+00
4.372199999999999975e-01,-1.190500000000000030e-01,-3.632269429568289465e-01,3.000000000000000000e+00
4.372199999999999975e-01,-1.190500000000000030e-01,-3.632269429568289465e-01,3.000000000000000000e+00
4.500799999999999801e-01,-1.253299999999999970e-01,-3.755362089034021134e-01,3.000000000000000000e+00
4.500799999999999801e-01,-1.253299999999999970e-01,-3.755362089034021134e-01,3.000000000000000000e+00
4.617100000000000093e-01,-1.316299999999999970e-01,-3.887031645505130140e-01,3.000000000000000000e+00
4.628099999999999992e-01,-1.322500000000000064e-01,-3.899563118805429718e-01,3.000000000000000000e+00
4.713399999999999812e-01,-1.374799999999999911e-01,-4.004883993842799361e-01,3.000000000000000000e+00
4.848999999999999977e-01,-1.446500000000000008e-01,-4.145057509363322956e-01,3.000000000000000000e+00
4.848999999999999977e-01,-1.446500000000000008e-01,-4.145057509363322956e-01,3.000000000000000000e+00
4.946699999999999986e-01,-1.508700000000000041e-01,-4.250225870287377417e-01,3.000000000000000000e+00
4.955200000000000160e-01,-1.514199999999999990e-01,-4.259476955085707006e-01,3.000000000000000000e+00
5.089299999999999935e-01,-1.581799999999999873e-01,-4.368589993085388867e-01,3.000000000000000000e+00
5.202700000000000102e-01,-1.650699999999999945e-01,-4.495306453560147797e-01,3.000000000000000000e+00
5.202700000000000102e-01,-1.650699999999999945e-01,-4.495306453560147797e-01,3.000000000000000000e+00
5.276999999999999469e-01,-1.713800000000000046e-01,-4.599887095335274956e-01,3.000000000000000000e+00
5.276999999999999469e-01,-1.713800000000000046e-01,-4.599887095335274956e-01,3.000000000000000000e+00
5.390700000000000491e-01,-1.783599999999999908e-01,-4.712666844241952258e-01,3.000000000000000000e+00
5.401299999999999990e-01,-1.789999999999999925e-01,-4.722799086652744727e-01,3.000000000000000000e+00
5.517900000000000027e-01,-1.859099999999999919e-01,-4.814063822841201934e-01,3.000000000000000000e+00
5.657699999999999951e-01,-1.936299999999999966e-01,-4.936221912750786145e-01,3.000000000000000000e+00
5.657699999999999951e-01,-1.936299999999999966e-01,-4.936221912750786145e-01,3.000000000000000000e+00
5.760999999999999455e-01,-2.008999999999999952e-01,-5.033806373072167162e-01,3.000000000000000000e+00
5.770199999999999774e-01,-2.015800000000000092e-01,-5.042567587075656999e-01,3.000000000000000000e+00
5.861800000000000344e-01,-2.080700000000000049e-01,-5.166817378285153417e-01,3.000000000000000000e+00
5.955000000000000293e-01,-2.147699999999999887e-01,-5.259896421560071866e-01,3.000000000000000000e+00
5.955000000000000293e-01,-2.147699999999999887e-01,-5.259896421560071866e-01,3.000000000000000000e+00
5.839400000000000146e-01,-2.159699999999999953e-01,-5.279995156443194615e-01,3.000000000000000000e+00
5.839400000000000146e-01,-2.159699999999999953e-01,-5.279995156443194615e-01,3.000000000000000000e+00
6.169000000000000039e-01,-2.270199999999999996e-01,-5.451968917467802100e-01,3.000000000000000000e+00
6.169000000000000039e-01,-2.270199999999999996e-01,-5.451968917467802100e-01,3.000000000000000000e+00
6.278200000000000447e-01,-2.349600000000000022e-01,-5.572924178840118481e-01,3.000000000000000000e+00
6.400700000000000278e-01,-2.434600000000000097e-01,-5.661593771495462279e-01,3.000000000000000000e+00
6.400700000000000278e-01,-2.434600000000000097e-01,-5.661593771495462279e-01,3.000000000000000000e+00
6.517600000000000060e-01,-2.520899999999999808e-01,-5.786473042198456707e-01,3.000000000000000000e+00
6.517600000000000060e-01,-2.520899999999999808e-01,-5.786473042198456707e-01,3.000000000000000000e+00
6.663499999999999979e-01,-2.614900000000000002e-01,-5.883621297121903737e-01,3.000000000000000000e+00
6.663499999999999979e-01,-2.614900000000000002e-01,-5.883621297121903737e-01,3.000000000000000000e+00
6.736600000000000366e-01,-2.695500000000000118e-01,-6.022419016160827088e-01,3.000000000000000000e+00
6.741800000000000015e-01,-2.701799999999999757e-01,-6.033644820154816513e-01,3.000000000000000000e+00
6.807499999999999662e-01,-2.775299999999999989e-01,-6.145190256293350251e-01,3.000000000000000000e+00
6.906900000000000261e-01,-2.863600000000000034e-01,-6.276192960841965318e-01,3.000000000000000000e+00
6.906900000000000261e-01,-2.863600000000000034e-01,-6.276192960841965318e-01,3.000000000000000000e+00
7.030600000000000183e-01,-2.958700000000000219e-01,-6.369501582194014855e-01,3.000000000000000000e+00
7.030600000000000183e-01,-2.958700000000000219e-01,-6.369501582194014855e-01,3.000000000000000000e+00
7.157499999999999973e-01,-3.132499999999999729e-01,-6.598332615803126355e-01,3.000000000000000000e+00
7.169799999999999507e-01,-3.149700000000000277e-01,-6.620794781842234134e-01,3.000000000000000000e+00
7.242800000000000349e-01,-3.227999999999999758e-01,-6.716083841086648576e-01,3.000000000000000000e+00
7.249799999999999578e-01,-3.235600000000000143e-01,-6.725210091532715095e-01,3.000000000000000000e+00
7.353499999999999481e-01,-3.323099999999999943e-01,-6.832986533078080349e-01,3.000000000000000000e+00
7.430999999999999828e-01,-3.411299999999999888e-01,-6.944414591690515337e-01,3.000000000000000000e+00
7.430999999999999828e-01,-3.411299999999999888e-01,-6.944414591690515337e-01,3.000000000000000000e+00
7.494499999999999496e-01,-3.492100000000000204e-01,-7.065036620309060877e-01,3.000000000000000000e+00
7.500200000000000200e-01,-3.499399999999999733e-01,-7.076040410510268108e-01,3.000000000000000000e+00
7.599900000000000544e-01,-3.565999999999999726e-01,-7.177303156596437361e-01,3.000000000000000000e+00
7.660599999999999632e-01,-3.648500000000000076e-01,-7.299694424840743601e-01,3.000000000000000000e+00
7.660599999999999632e-01,-3.648500000000000076e-01,-7.299694424840743601e-01,3.000000000000000000e+00
7.660599999999999632e-01,-3.648500000000000076e-01,-7.299694424840743601e-01,3.000000000000000000e+00
7.790899999999999492e-01,-3.755700000000000149e-01,-7.390431408670780078e-01,3.000000000000000000e+00
7.896499999999999631e-01,-3.859600000000000253e-01,-7.506180577267774767e-01,3.000000000000000000e+00
7.905200000000000005e-01,-3.868500000000000272e-01,-7.516308510801673615e-01,3.000000000000000000e+00
7.924299999999999677e-01,-3.941500000000000004e-01,-7.626588227276563936e-01,3.000000000000000000e+00
7.995600000000000485e-01,-4.037100000000000133e-01,-7.765666287856800576e-01,3.000000000000000000e+00
7.995600000000000485e-01,-4.037100000000000133e-01,-7.765666287856800576e-01,3.000000000000000000e+00
8.054999999999999938e-01,-4.133999999999999897e-01,-7.887897512035848546e-01,3.000000000000000000e+00
8.054999999999999938e-01,-4.133999999999999897e-01,-7.887897512035848546e-01,3.000000000000000000e+00
8.160600000000000076e-01,-4.243799999999999795e-01,-7.995041989732171173e-01,3.000000000000000000e+00
8.225500000000000034e-01,-4.345200000000000173e-01,-8.106461195668045461e-01,3.000000000000000000e+00
8.225500000000000034e-01,-4.345200000000000173e-01,-8.106461195668045461e-01,3.000000000000000000e+00
8.284200000000000452e-01,-4.445700000000000207e-01,-8.227414517642918090e-01,3.000000000000000000e+00
8.284200000000000452e-01,-4.445700000000000207e-01,-8.227414517642918090e-01,3.000000000000000000e+00
8.381399999999999961e-01,-4.559300000000000019e-01,-8.326404355666285895e-01,3.000000000000000000e+00
8.469100000000000517e-01,-4.670199999999999907e-01,-8.454068025347906135e-01,3.000000000000000000e+00
8.469100000000000517e-01,-4.670199999999999907e-01,-8.454068025347906135e-01,3.000000000000000000e+00
8.578599999999999559e-01,-4.787799999999999834e-01,-8.564511890340130718e-01,3.000000000000000000e+00
8.578599999999999559e-01,-4.787799999999999834e-01,-8.564511890340130718e-01,3.000000000000000000e+00
8.653499999999999526e-01,-4.892400000000000082e-01,-8.663785498703011623e-01,3.000000000000000000e+00
8.689900000000000402e-01,-4.986800000000000122e-01,-8.794385613001362012e-01,3.000000000000000000e+00
8.689900000000000402e-01,-4.986800000000000122e-01,-8.794385613001362012e-01,3.000000000000000000e+00
8.749099999999999655e-01,-5.088000000000000300e-01,-8.899927635427713479e-01,3.000000000000000000e+00
8.749099999999999655e-01,-5.088000000000000300e-01,-8.899927635427713479e-01,3.000000000000000000e+00
8.853499999999999703e-01,-5.204600000000000337e-01,-9.005539908496524859e-01,3.000000000000000000e+00
8.853499999999999703e-01,-5.204600000000000337e-01,-9.005539908496524859e-01,3.000000000000000000e+00
8.955699999999999772e-01,-5.323299999999999699e-01,-9.125716652265748463e-01,3.000000000000000000e+00
9.008800000000000141e-01,-5.425799999999999512e-01,-9.238986693171394871e-01,3.000000000000000000e+00
9.008800000000000141e-01,-5.425799999999999512e-01,-9.238986693171394871e-01,3.000000000000000000e+00
9.068599999999999994e-01,-5.534000000000000030e-01,-9.346670556159176746e-01,3.000000000000000000e+00
9.068599999999999994e-01,-5.534000000000000030e-01,-9.346670556159176746e-01,3.000000000000000000e+00
9.167300000000000448e-01,-5.662500000000000311e-01,-9.495927298365085534e-01,3.000000000000000000e+00
9.167300000000000448e-01,-5.662500000000000311e-01,-9.495927298365085534e-01,3.000000000000000000e+00
9.256799999999999473e-01,-5.888600000000000501e-01,-9.705470994636961057e-01,3.000000000000000000e+00
9.264900000000000357e-01,-5.910100000000000353e-01,-9.724871705447970527e-01,3.000000000000000000e+00
9.348300000000000498e-01,-6.027500000000000080e-01,-9.836249816699356163e-01,3.000000000000000000e+00
9.391100000000000003e-01,-6.139400000000000412e-01,-9.965786026713185919e-01,3.000000000000000000e+00
9.391100000000000003e-01,-6.139400000000000412e-01,-9.965786026713185919e-01,3.000000000000000000e+00
9.403299999999999992e-01,-6.246000000000000441e-01,-1.005990596847280871e+00,3.000000000000000000e+00
9.403299999999999992e-01,-6.246000000000000441e-01,-1.005990596847280871e+00,3.000000000000000000e+00
9.479999999999999538e-01,-6.375699999999999701e-01,-1.020534408496339696e+00,3.000000000000000000e+00
9.479999999999999538e-01,-6.375699999999999701e-01,-1.020534408496339696e+00,3.000000000000000000e+00
9.522000000000000464e-01,-6.478500000000000369e-01,-1.034248099149165601e+00,3.000000000000000000e+00
9.562899999999999734e-01,-6.588899999999999757e-01,-1.045756130579093002e+00,3.000000000000000000e+00
9.562899999999999734e-01,-6.588899999999999757e-01,-1.045756130579093002e+00,3.000000000000000000e+00
9.633699999999999486e-01,-6.717100000000000293e-01,-1.057671112328016250e+00,3.000000000000000000e+00
9.633699999999999486e-01,-6.717100000000000293e-01,-1.057671112328016250e+00,3.000000000000000000e+00
9.701600000000000223e-01,-6.838499999999999579e-01,-1.072064206293567246e+00,3.000000000000000000e+00
9.701600000000000223e-01,-6.838499999999999579e-01,-1.072064206293567246e+00,3.000000000000000000e+00
9.736299999999999955e-01,-6.948800000000000532e-01,-1.080079247412990773e+00,3.000000000000000000e+00
9.736299999999999955e-01,-6.948800000000000532e-01,-1.080079247412990773e+00,3.000000000000000000e+00
9.780299999999999550e-01,-7.066200000000000259e-01,-1.090604598298147598e+00,3.000000000000000000e+00
9.829400000000000359e-01,-7.184800000000000075e-01,-1.101632281429924420e+00,3.000000000000000000e+00
9.829400000000000359e-01,-7.184800000000000075e-01,-1.101632281429924420e+00,3.000000000000000000e+00
9.834500000000000464e-01,-7.287200000000000344e-01,-1.115014492009428704e+00,3.000000000000000000e+00
9.834500000000000464e-01,-7.295700000000000518e-01,-1.116142426030974688e+00,3.000000000000000000e+00
9.930400000000000338e-01,-7.430099999999999483e-01,-1.126299383997832804e+00,3.000000000000000000e+00
9.978700000000000347e-01,-7.556399999999999784e-01,-1.136047558917215428e+00,3.000000000000000000e+00
9.978700000000000347e-01,-7.556399999999999784e-01,-1.136047558917215428e+00,3.000000000000000000e+00
9.994600000000000151e-01,-7.676199999999999690e-01,-1.152663022435373108e+00,3.000000000000000000e+00
9.994600000000000151e-01,-7.676199999999999690e-01,-1.152663022435373108e+00,3.000000000000000000e+00
1.002720000000000056e+00,-7.799300000000000122e-01,-1.164313312877756523e+00,3.000000000000000000e+00
1.008410000000000029e+00,-7.934099999999999486e-01,-1.177852285399145993e+00,3.000000000000000000e+00
1.008410000000000029e+00,-7.934099999999999486e-01,-1.177852285399145993e+00,3.000000000000000000e+00
1.008860000000000090e+00,-7.944799999999999640e-01,-1.178913930219852801e+00,3.000000000000000000e+00
1.009880000000000111e+00,-8.052799999999999958e-01,-1.186153677135191264e+00,3.000000000000000000e+00
1.012450000000000072e+00,-8.182300000000000129e-01,-1.201671474055639122e+00,3.000000000000000000e+00
1.018100000000000005e+00,-8.332000000000000517e-01,-1.215920976500153516e+00,3.000000000000000000e+00
1.018100000000000005e+00,-8.332000000000000517e-01,-1.215920976500153516e+00,3.000000000000000000e+00
1.020569999999999977e+00,-8.458900000000000308e-01,-1.225163958890675753e+00,3.000000000000000000e+00
1.020569999999999977e+00,-8.458900000000000308e-01,-1.225163958890675753e+00,3.000000000000000000e+00
1.021470000000000100e+00,-8.574600000000000000e-01,-1.235811435453521012e+00,3.000000000000000000e+00
1.024880000000000013e+00,-8.711100000000000509e-01,-1.249553530315091088e+00,3.000000000000000000e+00
1.024880000000000013e+00,-8.711100000000000509e-01,-1.249553530315091088e+00,3.000000000000000000e+00
1.025409999999999933e+00,-8.822200000000000042e-01,-1.259453887998390531e+00,3.000000000000000000e+00
1.025409999999999933e+00,-8.822200000000000042e-01,-1.259453887998390531e+00,3.000000000000000000e+00
1.030110000000000081e+00,-8.959599999999999786e-01,-1.273753552644073972e+00,3.000000000000000000e+00
1.030110000000000081e+00,-8.959599999999999786e-01,-1.273753552644073972e+00,3.000000000000000000e+00
1.030850000000000044e+00,-9.079700000000000548e-01,-1.282005385942218023e+00,3.000000000000000000e+00
1.029269999999999907e+00,-9.186900000000000066e-01,-1.295144129221362350e+00,3.000000000000000000e+00
1.029269999999999907e+00,-9.186900000000000066e-01,-1.295144129221362350e+00,3.000000000000000000e+00
1.040890000000000093e+00,-9.373700000000000365e-01,-1.308609389477487284e+00,3.000000000000000000e+00
1.041779999999999928e+00,-9.387199999999999989e-01,-1.309532267537149686e+00,3.000000000000000000e+00
1.037169999999999925e+00,-9.471699999999999564e-01,-1.320627684611574315e+00,3.000000000000000000e+00
1.035830000000000028e+00,-9.584200000000000497e-01,-1.333686023444460966e+00,3.000000000000000000e+00
1.035830000000000028e+00,-9.584200000000000497e-01,-1.333686023444460966e+00,3.000000000000000000e+00
1.037789999999999990e+00,-9.716799999999999882e-01,-1.344440432037365518e+00,3.000000000000000000e+00
1.037970000000000059e+00,-9.728099999999999525e-01,-1.345321769344116625e+00,3.000000000000000000e+00
1.037970000000000059e+00,-9.728099999999999525e-01,-1.345321769344116625e+00,3.000000000000000000e+00
1.037970000000000059e+00,-9.728099999999999525e-01,-1.345321769344116625e+00,3.000000000000000000e+00
1.042159999999999975e+00,-9.868500000000000050e-01,-1.354904494215632527e+00,3.000000000000000000e+00
1.042159999999999975e+00,-9.868500000000000050e-01,-1.354904494215632527e+00,3.000000000000000000e+00
1.042159999999999975e+00,-9.868500000000000050e-01,-1.354904494215632527e+00,3.000000000000000000e+00
1.044599999999999973e+00,-1.022629999999999928e+00,-1.390823703402979783e+00,3.000000000000000000e+00
1.045050000000000034e+00,-1.023640000000000105e+00,-1.391174804311840818e+00,3.000000000000000000e+00
1.043150000000000022e+00,-1.029109999999999969e+00,-1.399394373201669151e+00,3.000000000000000000e+00
1.044280000000000097e+00,-1.035910000000000108e+00,-1.404576748063693703e+00,3.000000000000000000e+00
1.044280000000000097e+00,-1.035910000000000108e+00,-1.404576748063693703e+00,3.000000000000000000e+00
1.042659999999999920e+00,-1.039919999999999956e+00,-1.406693304182510040e+00,3.000000000000000000e+00
1.042659999999999920e+00,-1.039919999999999956e+00,-1.406693304182510040e+00,3.000000000000000000e+00
1.043609999999999927e+00,-1.044680000000000053e+00,-1.409340959442709096e+00,3.000000000000000000e+00
1.045819999999999972e+00,-1.048669999999999991e+00,-1.412043732375254823e+00,3.000000000000000000e+00
1.045819999999999972e+00,-1.048669999999999991e+00,-1.412043732375254823e+00,3.000000000000000000e+00
1.041919999999999957e+00,-1.047009999999999996e+00,-1.413360729445763520e+00,3.000000000000000000e+00
1.041570000000000107e+00,-1.046839999999999993e+00,-1.413456662491264559e+00,3.000000000000000000e+00
1.044569999999999999e+00,-1.047949999999999937e+00,-1.412623770402870571e+00,3.000000000000000000e+00
1.042079999999999895e+00,-1.045809999999999906e+00,-1.412994540604215477e+00,3.000000000000000000e+00
1.042079999999999895e+00,-1.045809999999999906e+00,-1.412994540604215477e+00,3.000000000000000000e+00
1.044669999999999987e+00,-1.047649999999999970e+00,-1.412505945496334681e+00,3.000000000000000000e+00
1.044899999999999940e+00,-1.047809999999999908e+00,-1.412464024154440390e+00,3.000000000000000000e+00
1.047400000000000109e+00,-1.049579999999999957e+00,-1.414424436410309571e+00,3.000000000000000000e+00
1.044310000000000072e+00,-1.047730000000000050e+00,-1.412214592160039972e+00,3.000000000000000000e+00
1.044310000000000072e+00,-1.047730000000000050e+00,-1.412214592160039972e+00,3.000000000000000000e+00
1.041619999999999990e+00,-1.046100000000000030e+00,-1.414018490355619218e+00,3.000000000000000000e+00
1.041619999999999990e+00,-1.046100000000000030e+00,-1.414018490355619218e+00,3.000000000000000000e+00
1.044559999999999933e+00,-1.047879999999999923e+00,-1.412684684458097362e+00,3.000000000000000000e+00
1.044559999999999933e+00,-1.047879999999999923e+00,-1.412684684458097362e+00,3.000000000000000000e+00
1.039269999999999916e+00,-1.044310000000000072e+00,-1.412083645190200132e+00,3.000000000000000000e+00
1.039579999999999949e+00,-1.044720000000000093e+00,-1.411736302593061820e+00,3.000000000000000000e+00
1.039579999999999949e+00,-1.044720000000000093e+00,-1.411736302593061820e+00,3.000000000000000000e+00
1.044489999999999919e+00,-1.047809999999999908e+00,-1.412556406654210006e+00,3.000000000000000000e+00
1.044489999999999919e+00,-1.047809999999999908e+00,-1.412556406654210006e+00,3.000000000000000000e+00
1.041919999999999957e+00,-1.046070000000000055e+00,-1.413089669147440608e+00,3.000000000000000000e+00
1.041649999999999965e+00,-1.045889999999999986e+00,-1.413132652119186483e+00,3.000000000000000000e+00
1.041509999999999936e+00,-1.045749999999999957e+00,-1.414029489049424049e+00,3.000000000000000000e+00
1.041760000000000019e+00,-1.045849999999999946e+00,-1.413210190825254786e+00,3.000000000000000000e+00
1.041760000000000019e+00,-1.045849999999999946e+00,-1.413210190825254786e+00,3.000000000000000000e+00
1.042159999999999975e+00,-1.046280000000000099e+00,-1.410757148093191971e+00,3.000000000000000000e+00
1.042200000000000015e+00,-1.046319999999999917e+00,-1.410563415985576663e+00,3.000000000000000000e+00
1.042829999999999924e+00,-1.046580000000000066e+00,-1.412054102781823861e+00,3.000000000000000000e+00
1.042890000000000095e+00,-1.046610000000000040e+00,-1.412203021538394498e+00,3.000000000000000000e+00
1.041479999999999961e+00,-1.045830000000000037e+00,-1.413965029856651734e+00,3.000000000000000000e+00
1.041479999999999961e+00,-1.045739999999999892e+00,-1.414106030197184616e+00,3.000000000000000000e+00
1.041479999999999961e+00,-1.045739999999999892e+00,-1.414106030197184616e+00,3.000000000000000000e+00
1.044650000000000079e+00,-1.047660000000000036e+00,-1.412584728281260027e+00,3.000000000000000000e+00
1.044650000000000079e+00,-1.047660000000000036e+00,-1.412584728281260027e+00,3.000000000000000000e+00
4.699999999999999859e-04,-0.000000000000000000e+00,0.000000000000000000e+00,3.000000000000000000e+00
7.200000000000000453e-04,-4.000000000000000327e-05,4.859933366372151675e-05,3.000000000000000000e+00
7.399999999999999894e-04,-4.000000000000000327e-05,5.254591664158509735e-05,3.000000000000000000e+00
-7.500000000000000156e-04,8.000000000000000654e-05,1.570592812042485983e-03,3.000000000000000000e+00
-8.700000000000000051e-04,9.000000000000000567e-05,1.694085156471860330e-03,3.000000000000000000e+00
-8.700000000000000051e-04,9.000000000000000567e-05,1.694085156471860330e-03,3.000000000000000000e+00
-8.700000000000000051e-04,9.000000000000000567e-05,1.694085156471860330e-03,3.000000000000000000e+00
-8.700000000000000051e-04,9.000000000000000567e-05,1.694085156471860330e-03,3.000000000000000000e+00
-6.300000000000000261e-04,1.399999999999999877e-04,1.634046545605961562e-03,3.000000000000000000e+00
-6.599999999999999964e-04,2.100000000000000087e-04,1.513744849862776968e-03,3.000000000000000000e+00
-6.599999999999999964e-04,2.100000000000000087e-04,1.506620959463592958e-03,3.000000000000000000e+00
-4.099999999999999912e-04,1.800000000000000113e-04,5.193757155730121741e-05,3.000000000000000000e+00
-4.099999999999999912e-04,1.800000000000000113e-04,5.193757155730121741e-05,3.000000000000000000e+00
-4.099999999999999912e-04,1.800000000000000113e-04,5.193757155730121741e-05,3.000000000000000000e+00
5.800000000000000034e-04,-6.999999999999999387e-05,1.721213355102485911e-03,3.000000000000000000e+00
5.800000000000000034e-04,-6.999999999999999387e-05,1.721213355102485911e-03,3.000000000000000000e+00
4.600000000000000139e-04,-8.000000000000000654e-05,1.724277445960582453e-03,3.000000000000000000e+00
4.499999999999999877e-04,-8.000000000000000654e-05,1.724548072200603795e-03,3.000000000000000000e+00
4.299999999999999894e-04,1.000000000000000082e-05,3.448598653688695389e-03,3.000000000000000000e+00
5.599999999999999509e-04,-6.000000000000000152e-05,1.936317731991618911e-03,3.000000000000000000e+00
5.599999999999999509e-04,-6.000000000000000152e-05,1.936317731991618911e-03,3.000000000000000000e+00
-3.699999999999999947e-04,-2.000000000000000164e-05,3.157735007214593995e-04,3.000000000000000000e+00
-3.699999999999999947e-04,-2.000000000000000164e-05,3.157735007214593995e-04,3.000000000000000000e+00
-9.000000000000000567e-05,-2.400000000000000061e-04,4.555661410084547829e-03,3.000000000000000000e+00
-5.000000000000000240e-05,-2.599999999999999772e-04,4.945113151522522940e-03,3.000000000000000000e+00
3.020000000000000115e-03,6.400000000000000524e-04,1.685119560516929859e-03,3.000000000000000000e+00
3.419999999999999863e-03,7.600000000000000418e-04,1.263005870882008422e-03,3.000000000000000000e+00
8.699999999999999400e-03,5.900000000000000296e-04,1.302608771516899216e-04,3.000000000000000000e+00
9.230000000000000357e-03,5.699999999999999772e-04,1.749297069407571188e-05,3.000000000000000000e+00
1.631000000000000158e-02,-4.299999999999999894e-04,-4.769545155386149295e-03,3.000000000000000000e+00
2.373000000000000109e-02,-1.139999999999999954e-03,-6.992078479129694782e-03,3.000000000000000000e+00
2.438999999999999849e-02,-1.199999999999999895e-03,-7.163368870232665261e-03,3.000000000000000000e+00
3.169999999999999901e-02,-1.459999999999999926e-03,-1.369647922581154753e-02,3.000000000000000000e+00
4.102999999999999703e-02,-2.139999999999999975e-03,-1.822987534415447530e-02,3.000000000000000000e+00
4.102999999999999703e-02,-2.139999999999999975e-03,-1.822987534415447530e-02,3.000000000000000000e+00
5.088999999999999774e-02,-3.239999999999999825e-03,-2.651185416485946078e-02,3.000000000000000000e+00
5.088999999999999774e-02,-3.239999999999999825e-03,-2.651185416485946078e-02,3.000000000000000000e+00
5.088999999999999774e-02,-3.239999999999999825e-03,-2.651185416485946078e-02,3.000000000000000000e+00
5.943999999999999978e-02,-4.199999999999999740e-03,-3.362129061437402200e-02,3.000000000000000000e+00
7.030999999999999750e-02,-5.270000000000000379e-03,-4.049852875300104238e-02,3.000000000000000000e+00
8.150000000000000300e-02,-6.470000000000000057e-03,-4.850581063554050554e-02,3.000000000000000000e+00
8.150000000000000300e-02,-6.470000000000000057e-03,-4.850581063554050554e-02,3.000000000000000000e+00
9.328999999999999793e-02,-8.269999999999999574e-03,-5.648801940397511073e-02,3.000000000000000000e+00
9.328999999999999793e-02,-8.269999999999999574e-03,-5.648801940397511073e-02,3.000000000000000000e+00
1.047799999999999981e-01,-1.027999999999999921e-02,-6.796329526617890526e-02,3.000000000000000000e+00
1.047799999999999981e-01,-1.027999999999999921e-02,-6.796329526617890526e-02,3.000000000000000000e+00
1.207700000000000023e-01,-1.460000000000000013e-02,-8.638983496002626550e-02,3.000000000000000000e+00
1.357299999999999895e-01,-1.685000000000000039e-02,-9.619994367586913453e-02,3.000000000000000000e+00
1.357299999999999895e-01,-1.685000000000000039e-02,-9.619994367586913453e-02,3.000000000000000000e+00
1.502000000000000002e-01,-1.949999999999999997e-02,-1.065721906867861668e-01,3.000000000000000000e+00
1.502000000000000002e-01,-1.949999999999999997e-02,-1.065721906867861668e-01,3.000000000000000000e+00
1.648300000000000043e-01,-2.060000000000000026e-02,-1.181842601820638911e-01,3.000000000000000000e+00
1.648300000000000043e-01,-2.060000000000000026e-02,-1.181842601820638911e-01,3.000000000000000000e+00
1.806500000000000050e-01,-2.384999999999999967e-02,-1.342067804174879309e-01,3.000000000000000000e+00
1.821299999999999863e-01,-2.418000000000000010e-02,-1.357082660316813461e-01,3.000000000000000000e+00
1.928199999999999914e-01,-2.676999999999999866e-02,-1.411170938096371064e-01,3.000000000000000000e+00
2.045700000000000018e-01,-2.943000000000000130e-02,-1.503771141765065933e-01,3.000000000000000000e+00
2.045700000000000018e-01,-2.943000000000000130e-02,-1.503771141765065933e-01,3.000000000000000000e+00
2.203299999999999981e-01,-3.312999999999999973e-02,-1.584808425506706309e-01,3.000000000000000000e+00
2.203299999999999981e-01,-3.312999999999999973e-02,-1.584808425506706309e-01,3.000000000000000000e+00
2.203299999999999981e-01,-3.312999999999999973e-02,-1.584808425506706309e-01,3.000000000000000000e+00
2.203299999999999981e-01,-3.312999999999999973e-02,-1.584808425506706309e-01,3.000000000000000000e+00
2.203299999999999981e-01,-3.312999999999999973e-02,-1.584808425506706309e-01,3.000000000000000000e+00
2.203299999999999981e-01,-3.312999999999999973e-02,-1.584808425506706309e-01,3.000000000000000000e+00
2.218700000000000117e-01,-3.348999999999999894e-02,-1.592343233184798368e-01,3.000000000000000000e+00
2.692700000000000093e-01,-4.696000000000000174e-02,-1.963651229370569629e-01,3.000000000000000000e+00
2.692700000000000093e-01,-4.696000000000000174e-02,-1.963651229370569629e-01,3.000000000000000000e+00
2.822999999999999954e-01,-5.102999999999999897e-02,-2.086166082742319794e-01,3.000000000000000000e+00
2.834800000000000098e-01,-5.142000000000000043e-02,-2.097442830526194402e-01,3.000000000000000000e+00
2.947100000000000275e-01,-5.491000000000000048e-02,-2.207797346373576164e-01,3.000000000000000000e+00
3.073799999999999866e-01,-5.915999999999999731e-02,-2.334902218182180744e-01,3.000000000000000000e+00
3.073799999999999866e-01,-5.915999999999999731e-02,-2.334902218182180744e-01,3.000000000000000000e+00
3.203699999999999881e-01,-6.389000000000000234e-02,-2.446925531522926855e-01,3.000000000000000000e+00
3.203699999999999881e-01,-6.389000000000000234e-02,-2.446925531522926855e-01,3.000000000000000000e+00
3.345500000000000140e-01,-6.837999999999999634e-02,-2.575288133725327500e-01,3.000000000000000000e+00
3.358099999999999974e-01,-6.877999999999999392e-02,-2.586697969415737153e-01,3.000000000000000000e+00
3.491699999999999804e-01,-7.738000000000000433e-02,-2.794857901410178758e-01,3.000000000000000000e+00
3.628000000000000114e-01,-8.293999999999999984e-02,-2.906734849830085454e-01,3.000000000000000000e+00
3.628000000000000114e-01,-8.293999999999999984e-02,-2.906734849830085454e-01,3.000000000000000000e+00
3.775399999999999867e-01,-8.855000000000000371e-02,-3.020424557507720431e-01,3.000000000000000000e+00
3.775399999999999867e-01,-8.855000000000000371e-02,-3.020424557507720431e-01,3.000000000000000000e+00
3.896100000000000119e-01,-9.375000000000000000e-02,-3.105659622305377843e-01,3.000000000000000000e+00
3.906600000000000072e-01,-9.422999999999999432e-02,-3.112944304123883010e-01,3.000000000000000000e+00
3.975199999999999845e-01,-9.851000000000000034e-02,-3.231413174432322677e-01,3.000000000000000000e+00
4.081199999999999828e-01,-1.039400000000000046e-01,-3.331081018768575208e-01,3.000000000000000000e+00
4.081199999999999828e-01,-1.039400000000000046e-01,-3.331081018768575208e-01,3.000000000000000000e+00
4.287000000000000255e-01,-1.092299999999999938e-01,-3.426223780999053115e-01,3.000000000000000000e+00
4.287000000000000255e-01,-1.092299999999999938e-01,-3.426223780999053115e-01,3.000000000000000000e+00
4.422800000000000065e-01,-1.151800000000000046e-01,-3.523216458686745378e-01,3.000000000000000000e+00
4.544599999999999751e-01,-1.212899999999999950e-01,-3.647994616625971354e-01,3.000000000000000000e+00
4.544599999999999751e-01,-1.212899999999999950e-01,-3.647994616625971354e-01,3.000000000000000000e+00
4.650799999999999934e-01,-1.270000000000000018e-01,-3.746507670370806675e-01,3.000000000000000000e+00
4.650799999999999934e-01,-1.270000000000000018e-01,-3.746507670370806675e-01,3.000000000000000000e+00
4.769700000000000051e-01,-1.331299999999999983e-01,-3.871146153084078501e-01,3.000000000000000000e+00
4.769700000000000051e-01,-1.331299999999999983e-01,-3.871146153084078501e-01,3.000000000000000000e+00
4.893899999999999917e-01,-1.397200000000000109e-01,-3.979460722869932465e-01,3.000000000000000000e+00
4.905200000000000116e-01,-1.403300000000000103e-01,-3.989103708306451224e-01,3.000000000000000000e+00
5.007200000000000539e-01,-1.464100000000000124e-01,-4.127396010682226613e-01,3.000000000000000000e+00
5.016699999999999493e-01,-1.469799999999999995e-01,-4.140052131291703241e-01,3.000000000000000000e+00
5.016699999999999493e-01,-1.469799999999999995e-01,-4.140052131291703241e-01,3.000000000000000000e+00
5.244199999999999973e-01,-1.592899999999999872e-01,-4.364043751316970532e-01,3.000000000000000000e+00
5.244199999999999973e-01,-1.592899999999999872e-01,-4.364043751316970532e-01,3.000000000000000000e+00
5.356600000000000250e-01,-1.661799999999999944e-01,-4.454781524383276681e-01,3.000000000000000000e+00
5.433299999999999796e-01,-1.717599999999999960e-01,-4.551897587880353035e-01,3.000000000000000000e+00
5.433299999999999796e-01,-1.717599999999999960e-01,-4.551897587880353035e-01,3.000000000000000000e+00
5.433299999999999796e-01,-1.717599999999999960e-01,-4.551897587880353035e-01,3.000000000000000000e+00
5.603500000000000147e-01,-1.800599999999999978e-01,-4.656851680724846121e-01,3.000000000000000000e+00
5.673000000000000265e-01,-1.863700000000000079e-01,-4.785452222829935653e-01,3.000000000000000000e+00
5.673000000000000265e-01,-1.863700000000000079e-01,-4.785452222829935653e-01,3.000000000000000000e+00
5.785900000000000487e-01,-1.936599999999999988e-01,-4.900724011351968445e-01,3.000000000000000000e+00
5.796499999999999986e-01,-1.943199999999999927e-01,-4.910927285085390781e-01,3.000000000000000000e+00
5.916200000000000347e-01,-2.017500000000000127e-01,-4.995567263231650013e-01,3.000000000000000000e+00
5.925399999999999556e-01,-2.023300000000000098e-01,-5.002011573610827266e-01,3.000000000000000000e+00
6.045099999999999918e-01,-2.096999999999999975e-01,-5.092249402699379202e-01,3.000000000000000000e+00
6.152999999999999581e-01,-2.170600000000000029e-01,-5.169429140607609829e-01,3.000000000000000000e+00
6.163899999999999935e-01,-2.178299999999999959e-01,-5.177223908339797509e-01,3.000000000000000000e+00
6.220599999999999463e-01,-2.240800000000000014e-01,-5.273304122322359788e-01,3.000000000000000000e+00
6.378200000000000536e-01,-2.399600000000000066e-01,-5.474184351278258420e-01,3.000000000000000000e+00
6.378200000000000536e-01,-2.399600000000000066e-01,-5.474184351278258420e-01,3.000000000000000000e+00
6.504299999999999526e-01,-2.489500000000000046e-01,-5.582696292471940325e-01,3.000000000000000000e+00
6.504299999999999526e-01,-2.489500000000000046e-01,-5.582696292471940325e-01,3.000000000000000000e+00
6.630300000000000082e-01,-2.578500000000000236e-01,-5.687682677511312068e-01,3.000000000000000000e+00
6.640599999999999836e-01,-2.585799999999999765e-01,-5.696245671403205035e-01,3.000000000000000000e+00
6.751700000000000479e-01,-2.647700000000000053e-01,-5.811964679057328720e-01,3.000000000000000000e+00
6.858400000000000052e-01,-2.732399999999999829e-01,-5.936001324787935074e-01,3.000000000000000000e+00
6.858400000000000052e-01,-2.732399999999999829e-01,-5.936001324787935074e-01,3.000000000000000000e+00
6.858400000000000052e-01,-2.732399999999999829e-01,-5.936001324787935074e-01,3.000000000000000000e+00
6.967700000000000005e-01,-2.817299999999999804e-01,-6.064445011053636314e-01,3.000000000000000000e+00
7.054899999999999505e-01,-2.900499999999999745e-01,-6.165780586761400173e-01,3.000000000000000000e+00
7.054899999999999505e-01,-2.900499999999999745e-01,-6.165780586761400173e-01,3.000000000000000000e+00
7.155700000000000394e-01,-2.988799999999999790e-01,-6.297213817191663621e-01,3.000000000000000000e+00
7.155700000000000394e-01,-2.988799999999999790e-01,-6.297213817191663621e-01,3.000000000000000000e+00
7.251100000000000323e-01,-3.073799999999999866e-01,-6.402389391998569712e-01,3.000000000000000000e+00
7.367599999999999705e-01,-3.167300000000000115e-01,-6.512523757883192932e-01,3.000000000000000000e+00
7.367599999999999705e-01,-3.167300000000000115e-01,-6.512523757883192932e-01,3.000000000000000000e+00
7.442100000000000382e-01,-3.251700000000000146e-01,-6.636058577792969260e-01,3.000000000000000000e+00
7.442100000000000382e-01,-3.251700000000000146e-01,-6.636058577792969260e-01,3.000000000000000000e+00
7.548300000000000010e-01,-3.348499999999999810e-01,-6.748376744210599076e-01,3.000000000000000000e+00
7.548300000000000010e-01,-3.348499999999999810e-01,-6.748376744210599076e-01,3.000000000000000000e+00
7.548300000000000010e-01,-3.348499999999999810e-01,-6.748376744210599076e-01,3.000000000000000000e+00
7.548300000000000010e-01,-3.348499999999999810e-01,-6.748376744210599076e-01,3.000000000000000000e+00
7.698800000000000088e-01,-3.522899999999999920e-01,-6.977281559856888249e-01,3.000000000000000000e+00
7.698800000000000088e-01,-3.522899999999999920e-01,-6.977281559856888249e-01,3.000000000000000000e+00
7.839099999999999957e-01,-3.713199999999999834e-01,-7.163455346109151023e-01,3.000000000000000000e+00
7.961300000000000043e-01,-3.832800000000000096e-01,-7.269410739352120121e-01,3.000000000000000000e+00
7.961300000000000043e-01,-3.832800000000000096e-01,-7.269410739352120121e-01,3.000000000000000000e+00
7.971899999999999542e-01,-3.842599999999999905e-01,-7.278028628451844728e-01,3.000000000000000000e+00
8.030199999999999561e-01,-3.931399999999999895e-01,-7.404507896423538904e-01,3.000000000000000000e+00
8.100800000000000223e-01,-4.020500000000000185e-01,-7.499417169287593277e-01,3.000000000000000000e+00
8.168900000000000050e-01,-4.114200000000000079e-01,-7.611613825858437599e-01,3.000000000000000000e+00
8.168900000000000050e-01,-4.114200000000000079e-01,-7.611613825858437599e-01,3.000000000000000000e+00
8.260100000000000220e-01,-4.199499999999999900e-01,-7.734193999137617404e-01,3.000000000000000000e+00
8.260100000000000220e-01,-4.199499999999999900e-01,-7.734193999137617404e-01,3.000000000000000000e+00
8.386500000000000066e-01,-4.317199999999999926e-01,-7.862324246670817640e-01,3.000000000000000000e+00
8.386500000000000066e-01,-4.317199999999999926e-01,-7.862324246670817640e-01,3.000000000000000000e+00
8.433599999999999985e-01,-4.407699999999999951e-01,-7.966690378290046670e-01,3.000000000000000000e+00
8.437400000000000455e-01,-4.416399999999999770e-01,-7.976621746884355879e-01,3.000000000000000000e+00
8.520900000000000141e-01,-4.514900000000000024e-01,-8.091217687003402492e-01,3.000000000000000000e+00
8.615099999999999980e-01,-4.623900000000000232e-01,-8.222797603319210724e-01,3.000000000000000000e+00
8.615099999999999980e-01,-4.623900000000000232e-01,-8.222797603319210724e-01,3.000000000000000000e+00
8.651400000000000201e-01,-4.711000000000000187e-01,-8.329762072337272283e-01,3.000000000000000000e+00
8.651400000000000201e-01,-4.711000000000000187e-01,-8.329762072337272283e-01,3.000000000000000000e+00
8.770200000000000218e-01,-4.832799999999999874e-01,-8.459899737952757404e-01,3.000000000000000000e+00
8.834300000000000486e-01,-4.933400000000000007e-01,-8.579482840159969870e-01,3.000000000000000000e+00
8.834300000000000486e-01,-4.933400000000000007e-01,-8.579482840159969870e-01,3.000000000000000000e+00
8.859799999999999898e-01,-5.023900000000000032e-01,-8.681635449830999995e-01,3.000000000000000000e+00
8.859799999999999898e-01,-5.023900000000000032e-01,-8.681635449830999995e-01,3.000000000000000000e+00
8.988300000000000178e-01,-5.154199999999999893e-01,-8.779395420106359538e-01,3.000000000000000000e+00
8.999899999999999567e-01,-5.165499999999999536e-01,-8.787557944823500833e-01,3.000000000000000000e+00
9.070500000000000229e-01,-5.271400000000000530e-01,-8.877805084159254845e-01,3.000000000000000000e+00
9.142799999999999816e-01,-5.383499999999999952e-01,-8.977662453994929015e-01,3.000000000000000000e+00
9.142799999999999816e-01,-5.383499999999999952e-01,-8.977662453994929015e-01,3.000000000000000000e+00
9.216900000000000093e-01,-5.503200000000000314e-01,-9.110079497208327659e-01,3.000000000000000000e+00
9.216900000000000093e-01,-5.503200000000000314e-01,-9.110079497208327659e-01,3.000000000000000000e+00
9.287600000000000300e-01,-5.625000000000000000e-01,-9.247609963069153283e-01,3.000000000000000000e+00
9.359699999999999687e-01,-5.744200000000000417e-01,-9.346231623632231811e-01,3.000000000000000000e+00
9.359699999999999687e-01,-5.744200000000000417e-01,-9.346231623632231811e-01,3.000000000000000000e+00
9.406799999999999606e-01,-5.850100000000000300e-01,-9.458757875958133665e-01,3.000000000000000000e+00
9.410199999999999676e-01,-5.858100000000000529e-01,-9.467416769463007364e-01,3.000000000000000000e+00
9.520999999999999464e-01,-5.987999999999999989e-01,-9.569307301701159840e-01,3.000000000000000000e+00
9.560999999999999499e-01,-6.095500000000000362e-01,-9.686886076784460009e-01,3.000000000000000000e+00
9.560999999999999499e-01,-6.095500000000000362e-01,-9.686886076784460009e-01,3.000000000000000000e+00
9.590699999999999781e-01,-6.203999999999999515e-01,-9.810887703118321701e-01,3.000000000000000000e+00
9.592899999999999761e-01,-6.212400000000000144e-01,-9.820361513458651936e-01,3.000000000000000000e+00
9.652399999999999869e-01,-6.325300000000000367e-01,-9.952433436592017513e-01,3.000000000000000000e+00
9.777200000000000335e-01,-6.469799999999999995e-01,-1.005894592388290043e+00,3.000000000000000000e+00
9.777200000000000335e-01,-6.469799999999999995e-01,-1.005894592388290043e+00,3.000000000000000000e+00
9.817200000000000371e-01,-6.576999999999999513e-01,-1.018515787427349606e+00,3.000000000000000000e+00
9.819799999999999640e-01,-6.584799999999999542e-01,-1.019452879356489650e+00,3.000000000000000000e+00
9.818599999999999550e-01,-6.667399999999999993e-01,-1.029340721923961866e+00,3.000000000000000000e+00
9.878500000000000059e-01,-6.787199999999999900e-01,-1.040184086578167966e+00,3.000000000000000000e+00
9.878500000000000059e-01,-6.787199999999999900e-01,-1.040184086578167966e+00,3.000000000000000000e+00
9.929700000000000193e-01,-6.903399999999999537e-01,-1.051741497769024258e+00,3.000000000000000000e+00
9.929700000000000193e-01,-6.903399999999999537e-01,-1.051741497769024258e+00,3.000000000000000000e+00
9.933600000000000207e-01,-6.912500000000000311e-01,-1.052641167005404776e+00,3.000000000000000000e+00
9.933600000000000207e-01,-6.912500000000000311e-01,-1.052641167005404776e+00,3.000000000000000000e+00
1.004000000000000004e+00,-7.150800000000000489e-01,-1.072888712262722644e+00,3.000000000000000000e+00
1.005649999999999933e+00,-7.258599999999999497e-01,-1.082103320705415817e+00,3.000000000000000000e+00
1.005649999999999933e+00,-7.258599999999999497e-01,-1.082103320705415817e+00,3.000000000000000000e+00
1.018140000000000045e+00,-7.532499999999999751e-01,-1.105238507037436202e+00,3.000000000000000000e+00
1.018140000000000045e+00,-7.532499999999999751e-01,-1.105238507037436202e+00,3.000000000000000000e+00
1.025470000000000104e+00,-7.689500000000000224e-01,-1.119863742039702625e+00,3.000000000000000000e+00
1.025470000000000104e+00,-7.689500000000000224e-01,-1.119863742039702625e+00,3.000000000000000000e+00
1.026370000000000005e+00,-7.797100000000000142e-01,-1.132331211348354350e+00,3.000000000000000000e+00
1.030620000000000092e+00,-7.917199999999999793e-01,-1.144398608147329188e+00,3.000000000000000000e+00
1.030620000000000092e+00,-7.917199999999999793e-01,-1.144398608147329188e+00,3.000000000000000000e+00
1.032780000000000031e+00,-8.028399999999999981e-01,-1.155645012835212038e+00,3.000000000000000000e+00
1.032780000000000031e+00,-8.028399999999999981e-01,-1.155645012835212038e+00,3.000000000000000000e+00
1.038110000000000088e+00,-8.169499999999999540e-01,-1.169268810328991215e+00,3.000000000000000000e+00
1.038110000000000088e+00,-8.169499999999999540e-01,-1.169268810328991215e+00,3.000000000000000000e+00
1.037590000000000012e+00,-8.281500000000000528e-01,-1.179692946851985225e+00,3.000000000000000000e+00
1.043739999999999890e+00,-8.420400000000000107e-01,-1.192161533978376653e+00,3.000000000000000000e+00
1.043739999999999890e+00,-8.420400000000000107e-01,-1.192161533978376653e+00,3.000000000000000000e+00
1.043309999999999960e+00,-8.523500000000000520e-01,-1.206125014220946978e+00,3.000000000000000000e+00
1.043309999999999960e+00,-8.523500000000000520e-01,-1.206125014220946978e+00,3.000000000000000000e+00
1.048869999999999969e+00,-8.658900000000000485e-01,-1.216263425702539536e+00,3.000000000000000000e+00
1.054689999999999905e+00,-8.796399999999999775e-01,-1.229210908061618257e+00,3.000000000000000000e+00
1.054689999999999905e+00,-8.796399999999999775e-01,-1.229210908061618257e+00,3.000000000000000000e+00
1.057819999999999983e+00,-8.927599999999999980e-01,-1.237967570303037057e+00,3.000000000000000000e+00
1.057819999999999983e+00,-8.927599999999999980e-01,-1.237967570303037057e+00,3.000000000000000000e+00
1.059779999999999944e+00,-9.052400000000000446e-01,-1.250003970472630677e+00,3.000000000000000000e+00
1.059779999999999944e+00,-9.052400000000000446e-01,-1.250003970472630677e+00,3.000000000000000000e+00
1.065849999999999964e+00,-9.205400000000000249e-01,-1.260345531511581463e+00,3.000000000000000000e+00
1.062720000000000109e+00,-9.312099999999999822e-01,-1.270283563680165706e+00,3.000000000000000000e+00
1.062720000000000109e+00,-9.312099999999999822e-01,-1.270283563680165706e+00,3.000000000000000000e+00
1.062449999999999894e+00,-9.318699999999999761e-01,-1.270914304690153651e+00,3.000000000000000000e+00
1.066230000000000011e+00,-9.445599999999999552e-01,-1.289484697963781734e+00,3.000000000000000000e+00
1.066540000000000044e+00,-9.541500000000000536e-01,-1.294384487382330917e+00,3.000000000000000000e+00
1.066550000000000109e+00,-9.548400000000000221e-01,-1.294664650065030065e+00,3.000000000000000000e+00
1.070920000000000094e+00,-9.637000000000000011e-01,-1.301433767262805130e+00,3.000000000000000000e+00
1.069120000000000070e+00,-9.687000000000000055e-01,-1.307332846571035656e+00,3.000000000000000000e+00
1.069120000000000070e+00,-9.687000000000000055e-01,-1.307332846571035656e+00,3.000000000000000000e+00
1.068340000000000067e+00,-9.735200000000000520e-01,-1.311087337024715804e+00,3.000000000000000000e+00
1.068340000000000067e+00,-9.735200000000000520e-01,-1.311087337024715804e+00,3.000000000000000000e+00
1.067900000000000071e+00,-9.769499999999999851e-01,-1.312451325178116024e+00,3.000000000000000000e+00
1.067860000000000031e+00,-9.772600000000000176e-01,-1.312560185752443376e+00,3.000000000000000000e+00
1.066480000000000095e+00,-9.784800000000000164e-01,-1.316872697311777918e+00,3.000000000000000000e+00
1.072149999999999936e+00,-9.831199999999999939e-01,-1.317873652774016691e+00,3.000000000000000000e+00
1.072149999999999936e+00,-9.831199999999999939e-01,-1.317873652774016691e+00,3.000000000000000000e+00
1.069830000000000059e+00,-9.813899999999999846e-01,-1.315949551230937598e+00,3.000000000000000000e+00
1.069830000000000059e+00,-9.813899999999999846e-01,-1.315949551230937598e+00,3.000000000000000000e+00
1.069369999999999932e+00,-9.800200000000000022e-01,-1.318835454462903733e+00,3.000000000000000000e+00
1.070170000000000066e+00,-9.806300000000000017e-01,-1.318893886360507084e+00,3.000000000000000000e+00
1.070170000000000066e+00,-9.806300000000000017e-01,-1.318893886360507084e+00,3.000000000000000000e+00
1.066529999999999978e+00,-9.783399999999999874e-01,-1.317251161168573326e+00,3.000000000000000000e+00
1.066529999999999978e+00,-9.783399999999999874e-01,-1.317251161168573326e+00,3.000000000000000000e+00
1.072999999999999954e+00,-9.824899999999999745e-01,-1.317947995949249718e+00,3.000000000000000000e+00
1.073530000000000095e+00,-9.828200000000000269e-01,-1.318013061919039774e+00,3.000000000000000000e+00
1.066740000000000022e+00,-9.784800000000000164e-01,-1.317176972727572393e+00,3.000000000000000000e+00
1.067209999999999992e+00,-9.786599999999999744e-01,-1.316791468030001910e+00,3.000000000000000000e+00
1.067209999999999992e+00,-9.786599999999999744e-01,-1.316791468030001910e+00,3.000000000000000000e+00
1.067299999999999915e+00,-9.787099999999999689e-01,-1.316763779280676783e+00,3.000000000000000000e+00
1.067299999999999915e+00,-9.787099999999999689e-01,-1.316763779280676783e+00,3.000000000000000000e+00
1.070060000000000011e+00,-9.802999999999999492e-01,-1.319424732050177740e+00,3.000000000000000000e+00
1.069379999999999997e+00,-9.802400000000000002e-01,-1.319196888936310819e+00,3.000000000000000000e+00
1.069379999999999997e+00,-9.802400000000000002e-01,-1.319196888936310819e+00,3.000000000000000000e+00
1.070650000000000102e+00,-9.807599999999999651e-01,-1.315412652308192376e+00,3.000000000000000000e+00
1.070770000000000000e+00,-9.808099999999999596e-01,-1.315096395799842499e+00,3.000000000000000000e+00
1.073399999999999910e+00,-9.824600000000000000e-01,-1.317734818018093002e+00,3.000000000000000000e+00
1.066699999999999982e+00,-9.784399999999999764e-01,-1.317166891991860656e+00,3.000000000000000000e+00
1.066699999999999982e+00,-9.784399999999999764e-01,-1.317166891991860656e+00,3.000000000000000000e+00
1.067220000000000057e+00,-9.786599999999999744e-01,-1.316790214901552458e+00,3.000000000000000000e+00
1.074149999999999938e+00,-9.827299999999999924e-01,-1.317590421934069944e+00,3.000000000000000000e+00
1.074149999999999938e+00,-9.827299999999999924e-01,-1.317590421934069944e+00,3.000000000000000000e+00
1.070549999999999891e+00,-9.808999999999999941e-01,-1.318776183006273639e+00,3.000000000000000000e+00
1.070549999999999891e+00,-9.808999999999999941e-01,-1.318776183006273639e+00,3.000000000000000000e+00
1.069420000000000037e+00,-9.799799999999999622e-01,-1.319080508255871198e+00,3.000000000000000000e+00
1.069360000000000088e+00,-9.799200000000000133e-01,-1.319099147793381777e+00,3.000000000000000000e+00
1.069360000000000088e+00,-9.799200000000000133e-01,-1.319099147793381777e+00,3.000000000000000000e+00
1.070650000000000102e+00,-9.807299999999999907e-01,-1.315430153520210643e+00,3.000000000000000000e+00
